0.9947830179991359 0.0026084910004312567 0.002608491000432811 0.00010404602490403736
0.9800308095795571 0.01601681168443303 0.003952378736009843 0.0003759456917717818
0.9562102405858884 0.040065323450297896 0.003724435963813666 0.0005774350020031001
0.9189913779151198 0.07648940225038126 0.004519219834498989 0.0009958585156220104
0.8692664466320247 0.12587799128398403 0.004855562083991294 0.0013827595688894866
0.8081619299397529 0.18698474073514237 0.004853329325104738 0.001643489803146739
0.738140363468474 0.25699580144864603 0.004863835082879964 0.001829646959879031
0.6619648632742946 0.3331182254489602 0.004916911276745206 0.0019807389149766705
0.581189175108862 0.41384665784155156 0.00496416704958641 0.002100674343473554
0.4975087113412027 0.4975087113412017 0.0049825773175956045 0.002149814396215398
0.4138466578415524 0.5811891751088613 0.004964167049586354 0.0021006743434735225
0.3331182254489612 0.6619648632742937 0.004916911276745095 0.0019807389149766367
0.2569958014486482 0.7381403634684718 0.004863835082880019 0.0018296469598790249
0.1869847407351446 0.8081619299397509 0.004853329325104516 0.0016434898031467368
0.12587799128398347 0.8692664466320253 0.004855562083991183 0.001382759568889516
0.0764894022503787 0.918991377915122 0.004519219834499322 0.0009958585156221093
0.04006532345029601 0.95621024058589 0.003724435963813999 0.0005774350020031056
0.01601681168443525 0.9800308095795549 0.003952378736009843 0.0003759456917717011
0.002608491000433366 0.9947830179991348 0.002608491000431812 0.00010404602490406748
0.980030809579556 0.003952378736010065 0.016016811684433918 0.0003759456917716965
0.9601837569341121 0.019908121532942857 0.019908121532945078 0.0009385743759775338
0.9310154147287887 0.047963459190569435 0.021021126080641883 0.001736347466266924
0.8842745775669316 0.09118147427885631 0.02454394815421207 0.002762091231593872
0.8276391902761708 0.14694342119584114 0.025417388527988027 0.0034690094052757152
0.7625875685664838 0.21206683950536825 0.025345591928147948 0.003927051973359356
0.6901187105603431 0.2843425563045867 0.025538733135070157 0.004323496056613847
0.6118094166659633 0.36236230769888594 0.02582827563515072 0.004676229362597818
0.529148852224488 0.4448358539636972 0.026015293811814777 0.0049057953244794365
0.4448358539636963 0.5291488522244893 0.026015293811814444 0.004905795324479456
0.36236230769888345 0.6118094166659662 0.025828275635150333 0.004676229362597838
0.28434255630458394 0.6901187105603457 0.02553873313507038 0.0043234960566137974
0.2120668395053681 0.762587568566484 0.025345591928147893 0.003927051973359152
0.14694342119584458 0.8276391902761686 0.025417388527986806 0.0034690094052753553
0.09118147427886225 0.8842745775669244 0.024543948154213346 0.0027620912315939245
0.04796345919057554 0.9310154147287797 0.02102112608064477 0.001736347466267157
0.019908121532946077 0.9601837569341103 0.019908121532943635 0.0009385743759776177
0.003952378736010398 0.9800308095795562 0.016016811684433363 0.00037594569177179694
0.95621024058589 0.003724435963813999 0.04006532345029601 0.0005774350020031523
0.9310154147287799 0.021021126080645436 0.04796345919057465 0.0017363474662672397
0.8922912158458399 0.053854392077082314 0.05385439207707776 0.0032034405083030066
0.8383185674548133 0.10142146249442363 0.06025997005076311 0.004553524379228317
0.7785895798157872 0.159964054253399 0.06144636593081376 0.005493834854453743
0.7106237856180184 0.22789398449379145 0.06148222988819013 0.006286065732941251
0.6342776548440681 0.3035627151200351 0.06215963003589686 0.006943632312976298
0.5526266878876758 0.38456007299541556 0.06281323911690867 0.007378284446845855
0.46846615597849217 0.4684661559784883 0.06306768804301954 0.0075342935603209555
0.38456007299541806 0.5526266878876742 0.06281323911690773 0.007378284446846095
0.30356271512003263 0.6342776548440705 0.06215963003589686 0.006943632312976745
0.22789398449378384 0.7106237856180256 0.06148222988819052 0.0062860657329417485
0.15996405425338778 0.7785895798158011 0.0614463659308111 0.005493834854453588
0.1014214624944152 0.8383185674548213 0.060259970050763556 0.004553524379227896
0.053854392077077984 0.892291215845841 0.05385439207708098 0.0032034405083029125
0.02102112608064266 0.9310154147287861 0.04796345919057121 0.0017363474662669956
0.003724435963813666 0.9562102405858892 0.04006532345029712 0.0005774350020030977
0.9189913779151201 0.004519219834499655 0.07648940225038026 0.0009958585156221759
0.884274577566924 0.02454394815421368 0.09118147427886236 0.0027620912315939683
0.8383185674548209 0.06025997005076367 0.10142146249441542 0.0045535243792279335
0.7795307436485513 0.11023462817572371 0.11023462817572494 0.0062597758079763755
0.7168716727412066 0.1716461034078638 0.11148222385092965 0.007496459739183548
0.6455704828993845 0.24225440844360818 0.11217510865700736 0.008521801424231168
0.5668437382309677 0.31958121844855475 0.11357504332047758 0.009262290497181438
0.4844003417247074 0.4011021537488095 0.11449750452648316 0.009655306257835634
0.4011021537488126 0.4844003417247052 0.11449750452648216 0.009655306257835599
0.31958121844855825 0.5668437382309649 0.11357504332047685 0.009262290497181398
0.24225440844361068 0.6455704828993808 0.11217510865700853 0.008521801424231435
0.17164610340786401 0.7168716727412097 0.11148222385092632 0.007496459739183696
0.11023462817572294 0.7795307436485533 0.11023462817572371 0.0062597758079762835
0.060259970050762 0.838318567454817 0.10142146249442097 0.004553524379228052
0.024543948154212014 0.8842745775669292 0.09118147427885881 0.0027620912315938807
0.004519219834499211 0.918991377915121 0.07648940225037981 0.0009958585156220204
0.8692664466320237 0.004855562083991072 0.12587799128398525 0.0013827595688894645
0.8276391902761691 0.02541738852798614 0.1469434211958448 0.0034690094052753227
0.7785895798158012 0.0614463659308101 0.15996405425338867 0.0054938348544536645
0.716871672741208 0.1114822238509261 0.1716461034078659 0.007496459739183711
0.6526146645681364 0.17369266771593062 0.17369266771593295 0.009134274747061395
0.5784773569731321 0.24595150139222705 0.17557114163464088 0.010562397693228009
0.49628282930186196 0.32594262732392976 0.17777454337420828 0.011563806849501986
0.4106683190498243 0.41066831904982265 0.17866336190035298 0.011929267483790657
0.32594262732393253 0.4962828293018601 0.1777745433742074 0.011563806849501942
0.2459515013922301 0.5784773569731276 0.17557114163464227 0.010562397693228025
0.1736926677159336 0.6526146645681364 0.17369266771592995 0.009134274747061539
0.11148222385092854 0.7168716727412083 0.17164610340786313 0.007496459739183597
0.061446365930811986 0.7785895798157936 0.15996405425339444 0.0054938348544535665
0.025417388527986917 0.8276391902761695 0.14694342119584358 0.003469009405275568
0.004855562083990961 0.8692664466320263 0.1258779912839827 0.001382759568889438
0.8081619299397497 0.004853329325104627 0.1869847407351457 0.0016434898031467099
0.762587568566482 0.025345591928148337 0.21206683950536964 0.003927051973359273
0.7106237856180229 0.06148222988819185 0.22789398449378528 0.006286065732941816
0.6455704828993782 0.11217510865701064 0.24225440844361112 0.00852180142423123
0.5784773569731281 0.17557114163464443 0.2459515013922275 0.010562397693227742
0.5008864860345061 0.24955675698274843 0.24955675698274543 0.01226586882237821
0.41656860002470353 0.33120374343901027 0.2522276565362862 0.01320679027106145
0.3312037434390116 0.4165686000247024 0.252227656536286 0.013206790271061484
0.24955675698275015 0.5008864860345028 0.24955675698274704 0.012265868822378335
0.1755711416346456 0.5784773569731285 0.24595150139222588 0.010562397693228092
0.11217510865701086 0.645570482899382 0.24225440844360713 0.008521801424231305
0.061482229888191964 0.7106237856180218 0.22789398449378628 0.0062860657329413755
0.025345591928148448 0.7625875685664814 0.2120668395053702 0.003927051973359338
0.004853329325104627 0.8081619299397532 0.18698474073514215 0.0016434898031467437
0.7381403634684719 0.00486383508288013 0.256995801448648 0.0018296469598790325
0.6901187105603435 0.025538733135070935 0.2843425563045856 0.004323496056613847
0.6342776548440696 0.06215963003589775 0.30356271512003263 0.006943632312976628
0.5668437382309666 0.11357504332047774 0.3195812184485557 0.009262290497181077
0.4962828293018632 0.17777454337420795 0.32594262732392887 0.011563806849501859
0.4165686000247067 0.25222765653628604 0.3312037434390073 0.013206790271061525
0.3333333333333348 0.3333333333333327 0.3333333333333325 0.013777348347502787
0.2522276565362881 0.41656860002470175 0.33120374343901016 0.01320679027106162
0.17777454337421045 0.49628282930186046 0.32594262732392915 0.011563806849502152
0.11357504332047985 0.566843738230967 0.31958121844855314 0.009262290497181523
0.06215963003589864 0.634277654844072 0.3035627151200294 0.006943632312976495
0.025538733135071157 0.690118710560343 0.2843425563045858 0.004323496056613808
0.00486383508288013 0.7381403634684741 0.25699580144864576 0.0018296469598790804
0.6619648632742946 0.004916911276745206 0.3331182254489602 0.0019807389149766636
0.6118094166659649 0.025828275635150666 0.36236230769888444 0.004676229362597846
0.5526266878876755 0.06281323911690806 0.3845600729954164 0.0073782844468460425
0.48440034172470886 0.1144975045264825 0.4011021537488086 0.009655306257835589
0.4106683190498257 0.17866336190035292 0.4106683190498214 0.011929267483790794
0.3312037434390138 0.25222765653628665 0.41656860002469953 0.013206790271061596
0.25222765653628754 0.3312037434390098 0.41656860002470264 0.013206790271061647
0.1786633619003537 0.4106683190498228 0.4106683190498235 0.011929267483790909
0.11449750452648366 0.48440034172470714 0.4011021537488092 0.009655306257835918
0.06281323911690928 0.5526266878876784 0.3845600729954123 0.007378284446846252
0.02582827563515122 0.6118094166659659 0.3623623076988829 0.004676229362597868
0.004916911276745428 0.6619648632742955 0.3331182254489591 0.0019807389149767178
0.5811891751088614 0.004964167049586354 0.4138466578415523 0.002100674343473571
0.5291488522244879 0.026015293811814555 0.4448358539636975 0.0049057953244794955
0.4684661559784894 0.06306768804301954 0.46846615597849106 0.007534293560321084
0.4011021537488121 0.11449750452648311 0.4844003417247048 0.009655306257835885
0.32594262732393164 0.17777454337420873 0.49628282930185963 0.01156380684950219
0.2495567569827511 0.24955675698274776 0.5008864860345013 0.012265868822378404
0.17777454337420878 0.3259426273239299 0.49628282930186124 0.011563806849502044
0.11449750452648261 0.40110215374881025 0.4844003417247071 0.009655306257835812
0.06306768804301965 0.4684661559784905 0.46846615597848984 0.007534293560321397
0.026015293811814888 0.5291488522244894 0.44483585396369574 0.0049057953244796134
0.004964167049586465 0.5811891751088621 0.4138466578415514 0.0021006743434736157
0.49750871134120045 0.004982577317595549 0.497508711341204 0.0021498143962154154
0.44483585396369546 0.026015293811814777 0.5291488522244898 0.00490579532447944
0.38456007299541484 0.06281323911690861 0.5526266878876765 0.007378284446846034
0.319581218448555 0.11357504332047808 0.5668437382309669 0.009262290497181715
0.24595150139222777 0.1755711416346427 0.5784773569731295 0.010562397693228219
0.17557114163464627 0.24595150139222777 0.578477356973126 0.010562397693227962
0.11357504332047841 0.3195812184485557 0.5668437382309659 0.009262290497181313
0.06281323911690812 0.3845600729954131 0.5526266878876789 0.007378284446846226
0.026015293811814444 0.4448358539636954 0.5291488522244902 0.0049057953244795414
0.004982577317595549 0.4975087113412012 0.4975087113412032 0.0021498143962154306
0.4138466578415507 0.004964167049586465 0.5811891751088628 0.002100674343473505
0.36236230769888467 0.025828275635150777 0.6118094166659646 0.004676229362597746
0.3035627151200325 0.062159630035897306 0.6342776548440702 0.006943632312976445
0.24225440844360657 0.11217510865700864 0.6455704828993848 0.008521801424231444
0.17369266771593045 0.17369266771593245 0.652614664568137 0.009134274747061523
0.11217510865701175 0.2422544084436098 0.6455704828993785 0.008521801424231432
0.062159630035898084 0.30356271512002875 0.6342776548440732 0.00694363231297662
0.02582827563515061 0.36236230769888306 0.6118094166659662 0.004676229362597741
0.004964167049586354 0.41384665784155106 0.5811891751088626 0.002100674343473484
0.33311822544896175 0.004916911276745206 0.661964863274293 0.0019807389149766115
0.28434255630458716 0.02553873313507049 0.6901187105603424 0.0043234960566137974
0.22789398449378806 0.061482229888190854 0.7106237856180211 0.0062860657329413755
0.1716461034078608 0.11148222385092887 0.7168716727412103 0.00749645973918362
0.11148222385092543 0.1716461034078639 0.7168716727412107 0.007496459739183751
0.06148222988819246 0.22789398449378256 0.7106237856180249 0.00628606573294174
0.025538733135071157 0.2843425563045865 0.6901187105603424 0.004323496056613773
0.004916911276745206 0.33311822544896275 0.661964863274292 0.001980738914976594
0.2569958014486494 0.004863835082880019 0.7381403634684706 0.0018296469598790455
0.21206683950536975 0.025345591928148226 0.762587568566482 0.003927051973359378
0.15996405425339522 0.061446365930812874 0.7785895798157919 0.005493834854453658
0.11023462817572072 0.11023462817572305 0.7795307436485562 0.006259775807976257
0.06144636593080943 0.15996405425338722 0.7785895798158033 0.005493834854453535
0.025345591928148392 0.21206683950537136 0.7625875685664802 0.003927051973359325
0.00486383508288013 0.25699580144865175 0.7381403634684681 0.00182964695987908
0.18698474073514482 0.004853329325104738 0.8081619299397504 0.0016434898031467914
0.14694342119584225 0.025417388527987472 0.8276391902761703 0.003469009405275669
0.10142146249442097 0.06025997005076189 0.8383185674548171 0.004553524379228117
0.06025997005076139 0.1014214624944148 0.8383185674548239 0.004553524379227757
0.025417388527985585 0.14694342119584558 0.8276391902761688 0.003469009405275309
0.004853329325104572 0.18698474073514698 0.8081619299397484 0.0016434898031467875
0.12587799128398391 0.004855562083991183 0.8692664466320249 0.0013827595688895122
0.09118147427885726 0.02454394815421157 0.8842745775669312 0.0027620912315938387
0.053854392077081314 0.053854392077078095 0.8922912158458406 0.0032034405083028687
0.024543948154212625 0.09118147427886308 0.8842745775669243 0.002762091231593828
0.004855562083990739 0.1258779912839838 0.8692664466320255 0.0013827595688894595
0.07648940225037926 0.004519219834498989 0.9189913779151218 0.0009958585156220159
0.047963459190570545 0.021021126080642882 0.9310154147287866 0.0017363474662669598
0.021021126080645547 0.047963459190577096 0.9310154147287774 0.0017363474662671424
0.004519219834499433 0.07648940225037881 0.9189913779151218 0.0009958585156220978
0.04006532345029612 0.003724435963813999 0.9562102405858899 0.0005774350020031189
0.01990812153294297 0.01990812153294752 0.9601837569341095 0.0009385743759776475
0.003724435963814221 0.0400653234502959 0.9562102405858899 0.0005774350020031626
0.016016811684433363 0.003952378736010509 0.9800308095795561 0.00037594569177180724
0.003952378736009621 0.016016811684433585 0.9800308095795568 0.0003759456917716864
0.002608491000431812 0.002608491000432478 0.9947830179991357 0.00010404602490404546
