0.33333333333333326 0.33333333333333337 0.33333333333333337 0.02794145647058042
0.1253483741687833 0.43732581291560835 0.43732581291560835 0.016673406118987346
0.43732581291560835 0.43732581291560835 0.1253483741687833 0.016673406118987346
0.21979400954163253 0.45138650046336504 0.32881948999500243 0.025591034358924968
0.451386500463365 0.21979400954163258 0.3288194899950024 0.025591034358924968
0.43732581291560824 0.12534837416878342 0.43732581291560835 0.016673406118987346
0.21979400954163253 0.32881948999500243 0.45138650046336504 0.025591034358924968
0.4513865004633649 0.32881948999500243 0.21979400954163264 0.025591034358924968
0.2152388243446085 0.569522351310783 0.2152388243446085 0.022425697945398147
0.3288194899950023 0.45138650046336504 0.21979400954163264 0.025591034358924968
0.3288194899950024 0.21979400954163258 0.4513865004633651 0.025591034358924968
0.2152388243446085 0.2152388243446085 0.569522351310783 0.022425697945398147
0.569522351310783 0.21523882434460856 0.21523882434460845 0.022425697945398147
0.3377292371070699 0.5396524559908187 0.1226183069021114 0.0176675135330825
0.12261830690211134 0.3377292371070699 0.5396524559908187 0.0176675135330825
0.1226183069021114 0.5396524559908187 0.3377292371070699 0.0176675135330825
0.33772923710706987 0.1226183069021114 0.5396524559908187 0.0176675135330825
0.5396524559908187 0.33772923710707 0.12261830690211134 0.0176675135330825
0.5396524559908187 0.1226183069021114 0.3377292371070699 0.0176675135330825
0.05291884751930931 0.5246041585348022 0.42247699394588845 0.011848431048877716
0.0529188475193092 0.42247699394588845 0.5246041585348024 0.011848431048877716
0.42247699394588845 0.5246041585348024 0.0529188475193092 0.011848431048877716
0.5246041585348024 0.42247699394588845 0.0529188475193092 0.011848431048877716
0.42247699394588845 0.0529188475193092 0.5246041585348024 0.011848431048877716
0.5246041585348024 0.0529188475193092 0.42247699394588845 0.011848431048877716
0.010681319172199721 0.49465934041390014 0.49465934041390014 0.006964012007516846
0.11997519902438747 0.6455563794140737 0.2344684215615388 0.017300303575491463
0.04916795145663566 0.630873630515176 0.31995841802818836 0.012107788983824018
0.2344684215615388 0.6455563794140737 0.11997519902438747 0.017300303575491463
0.009295591786930069 0.6212422292784825 0.36946217893458744 0.005774378557937589
0.31995841802818836 0.630873630515176 0.04916795145663566 0.012107788983824018
0.04916795145663566 0.31995841802818836 0.630873630515176 0.012107788983824018
0.49465934041390014 0.49465934041390014 0.010681319172199721 0.006964012007516846
0.11997519902438747 0.2344684215615388 0.6455563794140737 0.017300303575491463
0.009295591786930069 0.36946217893458744 0.6212422292784825 0.005774378557937589
0.2344684215615388 0.11997519902438747 0.6455563794140737 0.017300303575491463
0.3694621789345873 0.6212422292784825 0.00929559178693018 0.005774378557937589
0.31995841802818836 0.04916795145663566 0.630873630515176 0.012107788983824018
0.49465934041390014 0.010681319172199721 0.49465934041390014 0.006964012007516846
0.630873630515176 0.31995841802818836 0.04916795145663566 0.012107788983824018
0.6455563794140737 0.23446842156153885 0.11997519902438741 0.017300303575491463
0.6455563794140737 0.11997519902438747 0.2344684215615388 0.017300303575491463
0.630873630515176 0.04916795145663566 0.31995841802818836 0.012107788983824018
0.6212422292784824 0.36946217893458744 0.00929559178693018 0.005774378557937589
0.3694621789345873 0.00929559178693018 0.6212422292784825 0.005774378557937589
0.6212422292784824 0.00929559178693018 0.36946217893458744 0.005774378557937589
0.010075578661171258 0.7244281320245196 0.26549628931430913 0.004156233800541641
0.05252305975141125 0.735502973872643 0.2119739663759458 0.011538630975682425
0.13229399538111652 0.735412009237767 0.13229399538111652 0.01675143879163615
0.2119739663759459 0.7355029738726429 0.05252305975141125 0.011538630975682425
0.26549628931430913 0.7244281320245196 0.010075578661171258 0.004156233800541641
0.010075578661171314 0.2654962893143091 0.7244281320245196 0.004156233800541641
0.05252305975141125 0.2119739663759458 0.735502973872643 0.011538630975682425
0.13229399538111652 0.13229399538111652 0.735412009237767 0.01675143879163615
0.21197396637594568 0.05252305975141136 0.735502973872643 0.011538630975682425
0.26549628931430913 0.010075578661171258 0.7244281320245196 0.004156233800541641
0.7244281320245196 0.26549628931430913 0.010075578661171258 0.004156233800541641
0.7355029738726429 0.21197396637594584 0.052523059751411305 0.011538630975682425
0.735412009237767 0.13229399538111652 0.13229399538111652 0.01675143879163615
0.7355029738726429 0.05252305975141136 0.2119739663759458 0.011538630975682425
0.7244281320245195 0.01007557866117137 0.26549628931430913 0.004156233800541641
0.010186205132281967 0.7951998698231925 0.19461392504452557 0.003871236928691667
0.19461392504452568 0.7951998698231925 0.010186205132281856 0.003871236928691667
0.055283663143544715 0.8232841624668943 0.121432174389561 0.009999798387402354
0.12143217438956111 0.8232841624668943 0.055283663143544604 0.009999798387402354
0.010186205132281856 0.19461392504452557 0.7951998698231926 0.003871236928691667
0.19461392504452557 0.010186205132281856 0.7951998698231926 0.003871236928691667
0.05528366314354455 0.12143217438956105 0.8232841624668945 0.009999798387402354
0.121432174389561 0.055283663143544604 0.8232841624668944 0.009999798387402354
0.7951998698231926 0.19461392504452563 0.0101862051322818 0.003871236928691667
0.7951998698231925 0.010186205132281967 0.19461392504452557 0.003871236928691667
0.8232841624668943 0.12143217438956111 0.055283663143544604 0.009999798387402354
0.8232841624668944 0.055283663143544604 0.121432174389561 0.009999798387402354
0.01068169589424739 0.8751176817691593 0.11420062233659334 0.004313749209990239
0.11420062233659334 0.8751176817691593 0.01068169589424739 0.004313749209990239
0.05153054050512618 0.8969389189897475 0.05153054050512629 0.006408493650507424
0.01068169589424739 0.11420062233659334 0.8751176817691593 0.004313749209990239
0.05153054050512618 0.05153054050512629 0.8969389189897475 0.006408493650507424
0.11420062233659334 0.01068169589424739 0.8751176817691593 0.004313749209990239
0.8751176817691593 0.1142006223365934 0.010681695894247334 0.004313749209990239
0.8751176817691592 0.0106816958942475 0.11420062233659334 0.004313749209990239
0.8969389189897474 0.05153054050512629 0.05153054050512629 0.006408493650507424
0.00997008398329291 0.9434081460978756 0.04662176991883149 0.0027338545595145076
0.04662176991883149 0.9434081460978756 0.00997008398329291 0.0027338545595145076
0.00857077238529913 0.9828584552294017 0.00857077238529913 0.0009905581558383276
0.00997008398329291 0.04662176991883149 0.9434081460978756 0.0027338545595145076
0.04662176991883149 0.00997008398329291 0.9434081460978756 0.0027338545595145076
0.9434081460978755 0.0466217699188316 0.00997008398329291 0.0027338545595145076
0.9434081460978755 0.009970083983293021 0.04662176991883149 0.0027338545595145076
0.00857077238529902 0.00857077238529913 0.9828584552294019 0.0009905581558383276
0.9828584552294017 0.00857077238529913 0.00857077238529913 0.0009905581558383276
