0.9906391045230584 0.004680447738470872 0.004680447738470761 0.00033791431767248037
0.9632582419356119 0.029310171097370885 0.007431586967017179 0.0013076913337100346
0.9234552296982638 0.07191876244981343 0.004626007851922798 0.0012605400545573756
0.8650621831470611 0.1276717489189526 0.00726606793398632 0.002321881887899721
0.793149355629099 0.19937685458063936 0.007473789790261587 0.003116130404282951
0.7031675270874249 0.2893554875616166 0.007476985350958476 0.003717829532447563
0.6016931050353784 0.3907080261015548 0.007598868863066766 0.0040596865476533175
0.4961637933310631 0.4961637933310624 0.007672413337874495 0.0041622295720883575
0.3907080261015553 0.601693105035378 0.00759886886306671 0.0040596865476533305
0.2893554875616168 0.7031675270874248 0.0074769853509584205 0.003717829532447624
0.1993768545806388 0.7931493556290996 0.007473789790261587 0.0031161304042829794
0.1276717489189526 0.8650621831470611 0.00726606793398632 0.0023218818878996397
0.0719187624498161 0.9234552296982607 0.004626007851923242 0.001260540054557431
0.02931017109737255 0.9632582419356108 0.0074315869670166235 0.0013076913337100322
0.004680447738470983 0.9906391045230581 0.004680447738470872 0.00033791431767250053
0.9632582419356108 0.007431586967016401 0.029310171097372772 0.0013076913337100337
0.9282968501431891 0.035851574928406404 0.03585157492840452 0.0024250088425310738
0.8949870504292669 0.07572317913361237 0.029289770437120777 0.0037967820229075845
0.8220156974385202 0.13960485233615944 0.038379450225320355 0.006420426758088371
0.7375227615879018 0.22363383536729375 0.03884340304480449 0.007983385995345513
0.6393994153399106 0.32141713970421215 0.03918344495587722 0.00899182029931184
0.5337289248977493 0.42643894941777777 0.039832125684472974 0.009520491417294809
0.4264389494177798 0.5337289248977471 0.03983212568447303 0.009520491417294802
0.32141713970421437 0.6393994153399081 0.039183444955877555 0.0089918202993119
0.2236338353672953 0.7375227615878999 0.038843403044804825 0.007983385995345694
0.1396048523361595 0.8220156974385203 0.03837945022532019 0.006420426758088456
0.0757231791336117 0.8949870504292666 0.029289770437121665 0.0037967820229075694
0.035851574928406515 0.9282968501431891 0.035851574928404406 0.0024250088425310564
0.0074315869670169565 0.963258241935611 0.029310171097371995 0.0013076913337100524
0.923455229698258 0.004626007851924574 0.07191876244981743 0.0012605400545576254
0.8949870504292685 0.029289770437123663 0.07572317913360782 0.00379678202290744
0.8378053957565209 0.08109730212174038 0.08109730212173871 0.007828756352924014
0.7520067384317959 0.15524774037508193 0.09274552119312218 0.01060910681707611
0.6621574089518958 0.2442500189407099 0.0935925721073943 0.01250987690725656
0.560254721210862 0.3447274676489178 0.09501781114022023 0.01400020519927188
0.4519710222221297 0.45197102222213104 0.09605795555573926 0.014596638371273328
0.34472746764891715 0.5602547212108624 0.09501781114022045 0.014000205199271764
0.24425001894071008 0.6621574089518948 0.09359257210739513 0.012509876907256568
0.15524774037508215 0.7520067384317958 0.09274552119312207 0.010609106817076193
0.08109730212173993 0.8378053957565208 0.08109730212173927 0.00782875635292408
0.029289770437122553 0.8949870504292687 0.07572317913360871 0.0037967820229076023
0.004626007851923464 0.9234552296982618 0.07191876244981477 0.0012605400545574613
0.8650621831470628 0.007266067933986098 0.12767174891895106 0.0023218818878994554
0.822015697438527 0.03837945022531797 0.13960485233615505 0.006420426758088228
0.7520067384318004 0.09274552119311819 0.15524774037508138 0.010609106817076119
0.6654344141671689 0.16728279291641368 0.16728279291641746 0.0136181651858831
0.5736422125351259 0.2570886266518984 0.16926916081297566 0.016457603366315087
0.4682780597559254 0.3595253701138149 0.17219657013025969 0.018406750875594596
0.359525370113814 0.46827805975592596 0.17219657013026002 0.018406750875594492
0.2570886266518988 0.5736422125351246 0.1692691608129766 0.016457603366314855
0.16728279291641546 0.6654344141671665 0.167282792916418 0.013618165185883055
0.0927455211931204 0.7520067384317976 0.15524774037508204 0.01060910681707612
0.03837945022531963 0.8220156974385233 0.13960485233615705 0.006420426758088392
0.00726606793398632 0.8650621831470631 0.1276717489189506 0.002321881887899655
0.7931493556291015 0.007473789790261476 0.19937685458063703 0.0031161304042829486
0.7375227615879024 0.03884340304480449 0.2236338353672931 0.007983385995345874
0.6621574089518932 0.09359257210739547 0.2442500189407113 0.012509876907256823
0.573642212535121 0.1692691608129781 0.25708862665190085 0.01645760336631492
0.4749497143098787 0.2625251428450623 0.26252514284505907 0.02006182724839552
0.3673188600363353 0.3673188600363386 0.2653622799273261 0.02134237460453882
0.2625251428450589 0.4749497143098811 0.26252514284506 0.020061827248395486
0.16926916081297516 0.5736422125351232 0.2570886266519017 0.01645760336631481
0.0935925721073938 0.6621574089518953 0.24425001894071086 0.012509876907256563
0.03884340304480416 0.7375227615879022 0.22363383536729364 0.007983385995345626
0.007473789790261476 0.7931493556291003 0.19937685458063825 0.0031161304042829703
0.703167527087425 0.0074769853509585316 0.28935548756161644 0.0037178295324476925
0.639399415339908 0.039183444955878 0.32141713970421404 0.008991820299312062
0.5602547212108602 0.09501781114022145 0.3447274676489184 0.014000205199271767
0.4682780597559236 0.17219657013026146 0.3595253701138149 0.01840675087559433
0.3673188600363373 0.2653622799273283 0.3673188600363344 0.021342374604538788
0.2653622799273271 0.3673188600363376 0.3673188600363353 0.021342374604538795
0.17219657013026002 0.46827805975592385 0.35952537011381613 0.018406750875594364
0.09501781114022012 0.5602547212108616 0.34472746764891826 0.014000205199271715
0.03918344495587722 0.6393994153399095 0.32141713970421326 0.008991820299311832
0.0074769853509583095 0.7031675270874244 0.28935548756161733 0.0037178295324475936
0.601693105035378 0.007598868863066821 0.3907080261015552 0.0040596865476533505
0.5337289248977473 0.03983212568447336 0.4264389494177794 0.009520491417294797
0.4519710222221306 0.09605795555573993 0.4519710222221295 0.014596638371273184
0.3595253701138147 0.17219657013026113 0.4682780597559242 0.01840675087559443
0.2625251428450621 0.26252514284506123 0.47494971430987665 0.02006182724839553
0.17219657013026102 0.35952537011381347 0.4682780597559255 0.018406750875594444
0.0960579555557396 0.4519710222221305 0.4519710222221299 0.014596638371273235
0.03983212568447292 0.5337289248977489 0.42643894941777816 0.009520491417294722
0.007598868863066599 0.601693105035378 0.3907080261015554 0.0040596865476532715
0.4961637933310633 0.007672413337874606 0.4961637933310621 0.0041622295720883514
0.4264389494177789 0.03983212568447325 0.5337289248977478 0.009520491417294812
0.3447274676489189 0.09501781114022118 0.56025472121086 0.014000205199271858
0.25708862665189947 0.16926916081297705 0.5736422125351235 0.016457603366315115
0.16926916081297821 0.257088626651898 0.5736422125351238 0.016457603366315094
0.09501781114022145 0.34472746764891804 0.5602547212108605 0.014000205199271913
0.03983212568447331 0.42643894941778 0.5337289248977466 0.009520491417294864
0.007672413337874606 0.49616379333106353 0.49616379333106186 0.004162229572088334
0.39070802610155586 0.00759886886306671 0.6016931050353774 0.004059686547653377
0.3214171397042134 0.039183444955877667 0.639399415339909 0.00899182029931202
0.24425001894071108 0.0935925721073948 0.6621574089518941 0.012509876907256778
0.167282792916415 0.1672827929164139 0.6654344141671711 0.013618165185883081
0.09359257210739574 0.24425001894071013 0.662157408951894 0.012509876907256872
0.03918344495587789 0.3214171397042137 0.6393994153399084 0.00899182029931213
0.007598868863066821 0.39070802610155586 0.6016931050353773 0.0040596865476534095
0.2893554875616161 0.0074769853509585316 0.7031675270874254 0.0037178295324476855
0.22363383536729298 0.03884340304480438 0.7375227615879026 0.007983385995345729
0.1552477403750816 0.09274552119311907 0.7520067384317993 0.010609106817076061
0.0927455211931194 0.1552477403750806 0.7520067384318 0.010609106817076134
0.038843403044804714 0.22363383536729287 0.7375227615879024 0.007983385995345848
0.0074769853509585316 0.2893554875616158 0.7031675270874257 0.003717829532447736
0.1993768545806367 0.007473789790261476 0.7931493556291018 0.003116130404282951
0.13960485233615627 0.038379450225318634 0.8220156974385251 0.0064204267580882145
0.08109730212173927 0.0810973021217386 0.8378053957565221 0.007828756352924002
0.038379450225318634 0.13960485233615583 0.8220156974385255 0.006420426758088231
0.007473789790261587 0.19937685458063592 0.7931493556291025 0.003116130404283001
0.12767174891895072 0.007266067933986098 0.8650621831470632 0.0023218818878994944
0.07572317913360926 0.029289770437121 0.8949870504292697 0.0037967820229074683
0.029289770437121998 0.07572317913361015 0.8949870504292678 0.003796782022907319
0.007266067933985931 0.12767174891894978 0.8650621831470642 0.0023218818878994753
0.0719187624498161 0.00462600785192302 0.9234552296982609 0.0012605400545573668
0.035851574928405294 0.03585157492840718 0.9282968501431875 0.0024250088425310915
0.004626007851923575 0.07191876244981488 0.9234552296982615 0.0012605400545574867
0.029310171097372884 0.00743158696701729 0.9632582419356098 0.0013076913337101126
0.0074315869670166235 0.02931017109737133 0.963258241935612 0.001307691333710029
0.004680447738470983 0.004680447738470539 0.9906391045230585 0.00033791431767249224
