0.33333333333333326 0.33333333333333337 0.33333333333333337 0.08081626005084375
0.14872544800027382 0.3307142459409232 0.5205603060588031 0.05918414646874893
0.520560306058803 0.33071424594092325 0.14872544800027376 0.05918414646874893
0.33071424594092313 0.14872544800027387 0.520560306058803 0.05918414646874893
0.520560306058803 0.14872544800027387 0.33071424594092313 0.05918414646874893
0.14872544800027387 0.520560306058803 0.33071424594092313 0.05918414646874893
0.33071424594092325 0.520560306058803 0.14872544800027376 0.05918414646874893
0.48534813637476903 0.02930372725046193 0.48534813637476903 0.026478886001497132
0.02930372725046193 0.48534813637476903 0.48534813637476903 0.026478886001497132
0.48534813637476903 0.48534813637476903 0.02930372725046193 0.026478886001497132
0.030289301572855032 0.30279009736753704 0.6669206010596079 0.028526122745607344
0.15501551733622299 0.15501551733622299 0.689968965327554 0.05010931423087513
0.30279009736753704 0.030289301572855032 0.6669206010596079 0.028526122745607344
0.689968965327554 0.15501551733622304 0.15501551733622293 0.05010931423087513
0.6669206010596078 0.030289301572855143 0.30279009736753704 0.028526122745607344
0.6669206010596079 0.30279009736753704 0.030289301572855032 0.028526122745607344
0.030289301572855032 0.6669206010596079 0.30279009736753704 0.028526122745607344
0.15501551733622299 0.689968965327554 0.15501551733622299 0.05010931423087513
0.30279009736753704 0.6669206010596079 0.030289301572855032 0.028526122745607344
0.0313948421014445 0.1300534505181612 0.8385517073803943 0.023502104212884976
0.1300534505181612 0.0313948421014445 0.8385517073803943 0.023502104212884976
0.8385517073803942 0.03139484210144461 0.1300534505181612 0.023502104212884976
0.8385517073803943 0.13005345051816125 0.03139484210144444 0.023502104212884976
0.0313948421014445 0.8385517073803943 0.1300534505181612 0.023502104212884976
0.1300534505181612 0.8385517073803943 0.0313948421014445 0.023502104212884976
0.022706640312851634 0.022706640312851634 0.9545867193742967 0.007381632896197242
0.9545867193742966 0.022706640312851745 0.022706640312851634 0.007381632896197242
0.022706640312851745 0.9545867193742966 0.022706640312851634 0.007381632896197242
