0.19601935780715662 0.6079612843856868 0.19601935780715662 0.07439760901983186
0.6079612843856868 0.19601935780715662 0.19601935780715662 0.07439760901983186
0.19107600052167034 0.4044619997391648 0.4044619997391649 0.08501453221452022
0.4044619997391648 0.4044619997391648 0.19107600052167045 0.08501453221452022
0.19601935780715662 0.19601935780715662 0.6079612843856868 0.07439760901983186
0.40446199973916475 0.1910760005216704 0.40446199973916486 0.08501453221452022
0.37605877157779444 0.5846327565436199 0.03930847187858566 0.04169749738385806
0.5846327565436199 0.37605877157779444 0.03930847187858566 0.04169749738385806
0.03930847187858566 0.5846327565436199 0.37605877157779444 0.04169749738385806
0.5846327565436199 0.03930847187858566 0.37605877157779444 0.04169749738385806
0.03930847187858566 0.37605877157779444 0.5846327565436199 0.04169749738385806
0.37605877157779444 0.03930847187858566 0.5846327565436199 0.04169749738385806
0.1711304246628439 0.7876424102060766 0.04122716513107949 0.038405845038102744
0.04122716513107949 0.7876424102060766 0.1711304246628439 0.038405845038102744
0.7876424102060766 0.1711304246628439 0.04122716513107949 0.038405845038102744
0.7876424102060765 0.0412271651310796 0.1711304246628439 0.038405845038102744
0.04122716513107949 0.1711304246628439 0.7876424102060766 0.038405845038102744
0.1711304246628439 0.04122716513107949 0.7876424102060766 0.038405845038102744
0.031405748800951594 0.9371885023980969 0.03140574880095148 0.013714507255059783
0.9371885023980969 0.031405748800951594 0.03140574880095148 0.013714507255059783
0.03140574880095148 0.03140574880095148 0.937188502398097 0.013714507255059783
