0.9885713222835304 0.005714338858236023 0.005714338858233581 0.0004033769307337326
0.9687384811816019 0.026438767320335455 0.004822751498062661 0.0006559860482183214
0.9359144655917643 0.058242065551802336 0.005843468856433387 0.001181753181069115
0.8857374205718562 0.10795767388029309 0.006304905547850681 0.001931677601244739
0.8169397121865513 0.1764040981552525 0.006656189658196254 0.0026025707485364214
0.7340782657828869 0.2592064443745987 0.006715289842514349 0.0030398639804114437
0.64175364433705 0.351505881363447 0.00674047429950303 0.0032869308110505375
0.5452017126279232 0.44795945375578555 0.006838833616291284 0.003401743636893152
0.4479594537557854 0.5452017126279234 0.006838833616291229 0.0034017436368931433
0.35150588136344774 0.6417536443370491 0.006740474299503196 0.00328693081105057
0.25920644437459883 0.7340782657828869 0.006715289842514238 0.0030398639804114676
0.1764040981552515 0.8169397121865526 0.006656189658195921 0.0026025707485363204
0.10795767388029431 0.8857374205718547 0.006304905547851014 0.0019316776012446987
0.05824206555180622 0.9359144655917602 0.005843468856433609 0.0011817531810691447
0.02643876732033612 0.9687384811816013 0.00482275149806255 0.0006559860482184082
0.005714338858235579 0.9885713222835301 0.005714338858234358 0.0004033769307337539
0.9687384811816082 0.004822751498060662 0.026438767320331125 0.0006559860482182358
0.9455011427991737 0.027249428600412018 0.02724942860041424 0.0020489460575016283
0.8996729746963716 0.0692285554476989 0.031098469855929456 0.00359560620720554
0.8367547459062271 0.12945043672338663 0.033794817370386254 0.005202969946872889
0.7600188208086851 0.2050928184004891 0.0348883607908258 0.006395963960837535
0.6728787209737588 0.2921172033658035 0.03500407566043773 0.007145271297844883
0.5787663357295141 0.38584744447473424 0.03538621979575168 0.007582990091478806
0.4821356843648184 0.48213568436481585 0.035728631270365796 0.007726243794208122
0.3858474444747374 0.5787663357295105 0.03538621979575207 0.007582990091478832
0.2921172033658058 0.6728787209737562 0.03500407566043795 0.007145271297845154
0.20509281840048788 0.7600188208086875 0.03488836079082458 0.006395963960837647
0.12945043672338363 0.83675474590623 0.033794817370386365 0.005202969946872898
0.06922855544769646 0.8996729746963734 0.031098469855930122 0.003595606207205406
0.02724942860041213 0.945501142799173 0.027249428600414904 0.002048946057501715
0.004822751498060662 0.9687384811816084 0.026438767320330903 0.0006559860482181289
0.9359144655917593 0.005843468856434941 0.05824206555180578 0.001181753181069494
0.8996729746963678 0.031098469855932898 0.06922855544769935 0.0035956062072054784
0.8466886684579223 0.07665566577103988 0.07665566577103777 0.006055560132970945
0.7763864794675281 0.14117327025947235 0.0824402502729995 0.00844269504963681
0.6952811838413501 0.2206947014886964 0.08402411466995352 0.010044320786806171
0.6045565788562623 0.31077939484066675 0.0846640263030709 0.011206899050147242
0.5068512266778054 0.4073744619896793 0.08577431133251534 0.01189679879072064
0.40737446198967775 0.5068512266778065 0.08577431133251578 0.011896798790720453
0.31077939484066774 0.6045565788562602 0.08466402630307202 0.011206899050147046
0.22069470148869874 0.6952811838413491 0.08402411466995219 0.01004432078680616
0.14117327025947402 0.7763864794675268 0.08244025027299917 0.008442695049636937
0.07665566577103966 0.8466886684579227 0.07665566577103766 0.006055560132970897
0.031098469855932565 0.8996729746963632 0.06922855544770423 0.0035956062072057594
0.005843468856434941 0.9359144655917638 0.058242065551801225 0.001181753181069476
0.8857374205718546 0.00630490554785057 0.10795767388029487 0.001931677601244556
0.8367547459062316 0.03379481737038392 0.12945043672338452 0.005202969946872527
0.7763864794675329 0.08244025027299451 0.14117327025947257 0.008442695049636847
0.7009534844092667 0.1495232577953639 0.14952325779536935 0.011157927790562615
0.6176053774986561 0.23076692865594195 0.15162769384540198 0.013235299569080903
0.523270463532956 0.32300263819649266 0.1537268982705513 0.014976478031098812
0.422530364706222 0.4225303647062247 0.15493927058755336 0.015640546519408563
0.3230026381964902 0.523270463532957 0.15372689827055275 0.014976478031098667
0.23076692865594095 0.6176053774986577 0.1516276938454013 0.013235299569080847
0.14952325779536402 0.7009534844092671 0.1495232577953689 0.011157927790562665
0.0824402502729944 0.7763864794675357 0.1411732702594699 0.008442695049636644
0.03379481737038337 0.8367547459062251 0.12945043672339152 0.005202969946872593
0.006304905547850015 0.8857374205718557 0.10795767388029431 0.0019316776012446278
0.816939712186553 0.006656189658195699 0.17640409815525127 0.0026025707485361517
0.7600188208086872 0.034888360790824025 0.20509281840048876 0.006395963960837568
0.6952811838413492 0.08402411466995174 0.22069470148869907 0.01004432078680632
0.6176053774986533 0.15162769384540142 0.23076692865594528 0.013235299569080608
0.5299646721155662 0.23501766394221718 0.23501766394221663 0.016223527630890577
0.4313080820678388 0.3302766805172635 0.23841523741489773 0.018023865239447216
0.33027668051726555 0.43130808206783555 0.2384152374148989 0.018023865239447153
0.23501766394221957 0.5299646721155633 0.23501766394221713 0.016223527630890532
0.1516276938454051 0.6176053774986483 0.2307669286559466 0.013235299569080773
0.08402411466995541 0.6952811838413488 0.22069470148869574 0.010044320786806485
0.034888360790826134 0.7600188208086789 0.20509281840049498 0.006395963960837607
0.006656189658196032 0.8169397121865489 0.17640409815525504 0.0026025707485363356
0.7340782657828894 0.006715289842514349 0.2592064443745963 0.003039863980411382
0.6728787209737552 0.035004075660438394 0.2921172033658064 0.0071452712978451694
0.6045565788562586 0.08466402630307279 0.31077939484066863 0.011206899050147085
0.5232704635329536 0.15372689827055386 0.32300263819649255 0.014976478031098401
0.4313080820678369 0.23841523741489978 0.33027668051726333 0.018023865239447233
0.3333333333333326 0.33333333333333404 0.33333333333333337 0.019133509259567572
0.23841523741489717 0.4313080820678388 0.33027668051726405 0.01802386523944727
0.15372689827055142 0.5232704635329535 0.3230026381964951 0.014976478031098401
0.08466402630307168 0.6045565788562621 0.3107793948406662 0.01120689905014724
0.035004075660438394 0.6728787209737545 0.29211720336580715 0.007145271297844719
0.00671528984251446 0.7340782657828878 0.2592064443745977 0.003039863980411334
0.6417536443370535 0.006740474299503307 0.3515058813634432 0.0032869308110505834
0.5787663357295102 0.035386219795752516 0.3858474444747373 0.007582990091478847
0.5068512266778055 0.08577431133251656 0.40737446198967797 0.011896798790720413
0.4225303647062232 0.15493927058755397 0.42253036470622285 0.01564054651940837
0.33027668051726444 0.23841523741489834 0.4313080820678372 0.018023865239447295
0.23841523741489817 0.33027668051726494 0.43130808206783683 0.018023865239447306
0.15493927058755247 0.422530364706222 0.42253036470622546 0.01564054651940832
0.08577431133251479 0.5068512266778059 0.4073744619896793 0.011896798790720742
0.03538621979575152 0.5787663357295136 0.38584744447473485 0.007582990091478623
0.006740474299503196 0.6417536443370564 0.3515058813634404 0.003286930811050392
0.5452017126279267 0.006838833616291451 0.44795945375578183 0.0034017436368932704
0.48213568436481624 0.03572863127036596 0.4821356843648178 0.007726243794208106
0.4073744619896795 0.08577431133251545 0.506851226677805 0.011896798790720533
0.3230026381964929 0.1537268982705513 0.5232704635329558 0.014976478031098623
0.23501766394221846 0.23501766394221757 0.529964672115564 0.01622352763089064
0.15372689827055264 0.32300263819649133 0.523270463532956 0.014976478031098368
0.08577431133251551 0.4073744619896762 0.5068512266778082 0.011896798790720631
0.03572863127036552 0.48213568436481813 0.48213568436481635 0.007726243794208179
0.006838833616291229 0.5452017126279314 0.4479594537557774 0.0034017436368931893
0.4479594537557856 0.006838833616291229 0.5452017126279232 0.0034017436368932747
0.3858474444747358 0.03538621979575152 0.5787663357295127 0.0075829900914787035
0.3107793948406683 0.0846640263030708 0.6045565788562609 0.01120689905014712
0.23076692865594373 0.1516276938454023 0.617605377498654 0.013235299569080807
0.15162769384540303 0.2307669286559439 0.617605377498653 0.013235299569080575
0.08466402630307224 0.3107793948406651 0.6045565788562627 0.011206899050147082
0.035386219795752016 0.385847444474736 0.5787663357295121 0.007582990091478814
0.006838833616291284 0.44795945375578927 0.5452017126279195 0.0034017436368933146
0.35150588136344496 0.006740474299503085 0.641753644337052 0.003286930811050546
0.29211720336580604 0.03500407566043762 0.6728787209737563 0.007145271297844812
0.22069470148869863 0.08402411466995374 0.6952811838413476 0.010044320786806192
0.14952325779536613 0.14952325779536835 0.7009534844092655 0.01115792779056254
0.08402411466995319 0.2206947014886962 0.6952811838413506 0.010044320786806261
0.03500407566043823 0.292117203365806 0.6728787209737559 0.00714527129784499
0.006740474299503196 0.35150588136344785 0.641753644337049 0.0032869308110506402
0.2592064443745967 0.006715289842514349 0.7340782657828889 0.003039863980411415
0.20509281840049165 0.0348883607908258 0.7600188208086825 0.006395963960837609
0.1411732702594739 0.08244025027299906 0.776386479467527 0.008442695049636842
0.08244025027299628 0.14117327025947102 0.7763864794675327 0.008442695049636803
0.034888360790825024 0.20509281840049054 0.7600188208086844 0.006395963960837582
0.006715289842514349 0.25920644437459905 0.7340782657828866 0.0030398639804114654
0.17640409815525104 0.006656189658196254 0.8169397121865527 0.002602570748536417
0.12945043672338785 0.03379481737038603 0.8367547459062261 0.005202969946872975
0.07665566577104033 0.07665566577103722 0.8466886684579225 0.006055560132970969
0.03379481737038481 0.12945043672338696 0.8367547459062282 0.005202969946872675
0.00665618965819581 0.1764040981552526 0.8169397121865516 0.0026025707485363052
0.10795767388029143 0.006304905547850681 0.8857374205718579 0.0019316776012447442
0.06922855544769857 0.031098469855929345 0.8996729746963721 0.003595606207205586
0.031098469855932787 0.06922855544770101 0.8996729746963662 0.003595606207205595
0.006304905547850681 0.10795767388029398 0.8857374205718553 0.0019316776012446575
0.05824206555180034 0.005843468856433387 0.9359144655917663 0.0011817531810690994
0.027249428600411463 0.027249428600414904 0.9455011427991736 0.002048946057501681
0.005843468856434719 0.05824206555180367 0.9359144655917616 0.001181753181069448
0.026438767320334455 0.004822751498062661 0.9687384811816029 0.0006559860482182948
0.004822751498060218 0.026438767320331125 0.9687384811816087 0.0006559860482181582
0.005714338858235912 0.005714338858234136 0.98857132228353 0.0004033769307337447
