0.22053083556572461 0.5589383288685508 0.22053083556572461 0.045386087767121795
0.5589383288685508 0.22053083556572461 0.22053083556572461 0.045386087767121795
0.38612418927829134 0.38612418927829134 0.22775162144341726 0.052192292876180095
0.3861241892782913 0.22775162144341732 0.3861241892782914 0.052192292876180095
0.22053083556572456 0.22053083556572461 0.5589383288685509 0.045386087767121795
0.22775162144341726 0.38612418927829134 0.38612418927829145 0.052192292876180095
0.5413832148281223 0.3613457256370317 0.09727105953484594 0.03754071078237198
0.3613457256370317 0.5413832148281223 0.09727105953484594 0.03754071078237198
0.5413832148281223 0.09727105953484594 0.3613457256370317 0.03754071078237198
0.09727105953484594 0.5413832148281223 0.3613457256370317 0.03754071078237198
0.3613457256370317 0.09727105953484594 0.5413832148281223 0.03754071078237198
0.09727105953484594 0.3613457256370317 0.5413832148281223 0.03754071078237198
0.4902491099383723 0.4902491099383723 0.019501780123255374 0.014342886836470309
0.01950178012325543 0.49024910993837223 0.49024910993837234 0.014342886836470309
0.4902491099383721 0.01950178012325554 0.49024910993837234 0.014342886836470309
0.20064201564737028 0.7075530184664951 0.09180496588613463 0.028931230471439646
0.7075530184664951 0.20064201564737028 0.09180496588613463 0.028931230471439646
0.09180496588613463 0.7075530184664951 0.20064201564737028 0.028931230471439646
0.7075530184664951 0.09180496588613463 0.20064201564737028 0.028931230471439646
0.3481451468117782 0.6333499392824316 0.018504913905790232 0.013125850783226835
0.6333499392824316 0.3481451468117782 0.018504913905790232 0.013125850783226835
0.018504913905790232 0.6333499392824316 0.3481451468117782 0.013125850783226835
0.6333499392824314 0.018504913905790343 0.3481451468117782 0.013125850783226835
0.09180496588613452 0.20064201564737028 0.7075530184664952 0.028931230471439646
0.20064201564737016 0.09180496588613463 0.7075530184664952 0.028931230471439646
0.018504913905790343 0.3481451468117781 0.6333499392824316 0.013125850783226835
0.3481451468117781 0.018504913905790343 0.6333499392824316 0.013125850783226835
0.21447815732087183 0.7672861632419925 0.018235679437135666 0.011893591933951174
0.7672861632419925 0.21447815732087183 0.018235679437135666 0.011893591933951174
0.08197254165164558 0.8360549166967087 0.08197254165164569 0.017398222939461423
0.8360549166967086 0.08197254165164569 0.08197254165164569 0.017398222939461423
0.018235679437135666 0.7672861632419925 0.21447815732087183 0.011893591933951174
0.7672861632419925 0.018235679437135666 0.21447815732087183 0.011893591933951174
0.018235679437135666 0.21447815732087183 0.7672861632419925 0.011893591933951174
0.21447815732087183 0.018235679437135666 0.7672861632419925 0.011893591933951174
0.08197254165164558 0.08197254165164569 0.8360549166967087 0.017398222939461423
0.015385948164852725 0.8878227753643443 0.09679127647080299 0.008204081900483617
0.09679127647080299 0.8878227753643443 0.015385948164852725 0.008204081900483617
0.8878227753643442 0.0967912764708031 0.015385948164852725 0.008204081900483617
0.8878227753643443 0.015385948164852725 0.09679127647080299 0.008204081900483617
0.01882509916959163 0.9623498016608169 0.01882509916959152 0.004622911171153232
0.01538594816485267 0.09679127647080304 0.8878227753643444 0.008204081900483617
0.09679127647080299 0.015385948164852725 0.8878227753643443 0.008204081900483617
0.9623498016608169 0.01882509916959163 0.01882509916959152 0.004622911171153232
0.01882509916959152 0.01882509916959152 0.962349801660817 0.004622911171153232
