0.28648743748289934 0.42702512503420137 0.28648743748289923 0.036812651907773976
0.42702512503420137 0.28648743748289934 0.28648743748289923 0.036812651907773976
0.2864874374828993 0.2864874374828993 0.4270251250342014 0.036812651907773976
0.41751036060297386 0.41751036060297386 0.16497927879405228 0.03126566955215445
0.16497927879405228 0.41751036060297386 0.41751036060297386 0.03126566955215445
0.4175103606029738 0.16497927879405233 0.4175103606029739 0.03126566955215445
0.28111266373093413 0.5576433327824263 0.1612440034866396 0.028880957168594457
0.5576433327824263 0.28111266373093413 0.1612440034866396 0.028880957168594457
0.1612440034866396 0.5576433327824263 0.28111266373093413 0.028880957168594457
0.5576433327824263 0.1612440034866396 0.28111266373093413 0.028880957168594457
0.1612440034866396 0.28111266373093413 0.5576433327824263 0.028880957168594457
0.28111266373093413 0.1612440034866396 0.5576433327824263 0.028880957168594457
0.41264197962212723 0.5173298517577236 0.07002816862014916 0.016834261950036778
0.5173298517577235 0.41264197962212734 0.07002816862014916 0.016834261950036778
0.07002816862014904 0.5173298517577236 0.41264197962212734 0.016834261950036778
0.0700281686201491 0.4126419796221273 0.5173298517577236 0.016834261950036778
0.41264197962212723 0.07002816862014916 0.5173298517577236 0.016834261950036778
0.5173298517577235 0.07002816862014916 0.41264197962212734 0.016834261950036778
0.014124982492438098 0.49293750875378095 0.49293750875378095 0.009204610483130548
0.49293750875378084 0.49293750875378095 0.01412498249243821 0.009204610483130548
0.16328128167521372 0.6734374366495725 0.16328128167521383 0.022344289161257143
0.29211595725716055 0.6408984026645947 0.0669856400782447 0.019391533351824475
0.0669856400782447 0.6408984026645947 0.29211595725716055 0.019391533351824475
0.36508860307959834 0.6221123576162323 0.012799039304169368 0.008411112852452945
0.012799039304169368 0.6221123576162323 0.36508860307959834 0.008411112852452945
0.6408984026645947 0.29211595725716055 0.0669856400782447 0.019391533351824475
0.6734374366495723 0.16328128167521383 0.16328128167521383 0.022344289161257143
0.6221123576162322 0.3650886030795984 0.012799039304169424 0.008411112852452945
0.6408984026645947 0.0669856400782447 0.29211595725716055 0.019391533351824475
0.49293750875378084 0.01412498249243821 0.49293750875378095 0.009204610483130548
0.0669856400782447 0.29211595725716055 0.6408984026645947 0.019391533351824475
0.16328128167521377 0.16328128167521377 0.6734374366495723 0.022344289161257143
0.012799039304169368 0.36508860307959834 0.6221123576162323 0.008411112852452945
0.29211595725716055 0.0669856400782447 0.6408984026645947 0.019391533351824475
0.36508860307959834 0.012799039304169368 0.6221123576162323 0.008411112852452945
0.6221123576162323 0.012799039304169368 0.36508860307959834 0.008411112852452945
0.24315528187059177 0.7434497021895652 0.013395015939843047 0.007645687743929899
0.7434497021895652 0.24315528187059177 0.013395015939843047 0.007645687743929899
0.16635940354399759 0.7625944482732047 0.07104614818279775 0.017760529935681824
0.7625944482732047 0.16635940354399759 0.07104614818279775 0.017760529935681824
0.07104614818279775 0.7625944482732047 0.16635940354399759 0.017760529935681824
0.013395015939843047 0.7434497021895652 0.24315528187059177 0.007645687743929899
0.7625944482732047 0.07104614818279775 0.16635940354399759 0.017760529935681824
0.7434497021895652 0.013395015939843047 0.24315528187059177 0.007645687743929899
0.013395015939842991 0.2431552818705917 0.7434497021895652 0.007645687743929899
0.07104614818279775 0.16635940354399759 0.7625944482732047 0.017760529935681824
0.16635940354399759 0.07104614818279775 0.7625944482732047 0.017760529935681824
0.24315528187059166 0.013395015939843047 0.7434497021895653 0.007645687743929899
0.14341909506220085 0.8425600911514819 0.014020813786317254 0.006311226745504749
0.8425600911514819 0.14341909506220085 0.014020813786317254 0.006311226745504749
0.014020813786317254 0.8425600911514819 0.14341909506220085 0.006311226745504749
0.06860308489847733 0.8627938302030453 0.06860308489847733 0.0120545682898303
0.8627938302030452 0.06860308489847744 0.06860308489847733 0.0120545682898303
0.8425600911514818 0.014020813786317365 0.14341909506220085 0.006311226745504749
0.014020813786317143 0.14341909506220085 0.842560091151482 0.006311226745504749
0.14341909506220074 0.014020813786317254 0.842560091151482 0.006311226745504749
0.06860308489847733 0.06860308489847733 0.8627938302030453 0.0120545682898303
0.012874055608042556 0.9220321146106943 0.0650938297812631 0.00445717468698361
0.0650938297812631 0.9220321146106945 0.012874055608042445 0.00445717468698361
0.9220321146106945 0.0650938297812631 0.012874055608042445 0.00445717468698361
0.9220321146106943 0.012874055608042556 0.0650938297812631 0.00445717468698361
0.0133804426737546 0.9732391146524907 0.013380442673754711 0.0022665750691694578
0.9732391146524906 0.013380442673754711 0.013380442673754711 0.0022665750691694578
0.012874055608042445 0.0650938297812631 0.9220321146106945 0.00445717468698361
0.06509382978126299 0.012874055608042556 0.9220321146106945 0.00445717468698361
0.0133804426737546 0.013380442673754711 0.9732391146524907 0.0022665750691694578
