0.9879425497862329 0.0060287251068807945 0.006028725106886346 0.00044323561429385043
0.9725775772197561 0.02564112890386283 0.0017812938763810404 0.0003017127334549286
0.9447574286566225 0.048947856602877815 0.006294714740499696 0.0010340427755934469
0.9001401125357054 0.09437022532668271 0.005489662137611928 0.001593199502223499
0.8359266405800045 0.15817827804221707 0.005895081377778388 0.0021080250377381138
0.7614884986585029 0.23248315030451283 0.006028351036984292 0.002420837980087682
0.6792748579250241 0.31473596909562734 0.005989172979348589 0.0026357407433734545
0.590173779527698 0.4037659022247555 0.006060318247546492 0.002847086883416616
0.4969481625758554 0.4969481625758464 0.006103674848298213 0.002936594141609832
0.4037659022247596 0.5901737795276935 0.006060318247546936 0.002847086883417079
0.31473596909562374 0.679274857925028 0.005989172979348312 0.002635740743373529
0.2324831503045076 0.7614884986585094 0.00602835103698296 0.0024208379800870765
0.15817827804221685 0.8359266405800032 0.005895081377779943 0.0021080250377384507
0.09437022532668404 0.9001401125357008 0.005489662137615148 0.0015931995022247247
0.04894785660284484 0.9447574286566741 0.006294714740481044 0.0010340427755911787
0.025641128903859278 0.9725775772197531 0.0017812938763875907 0.0003017127334543682
0.006028725106886457 0.9879425497862331 0.0060287251068804615 0.000443235614293843
0.9725775772197541 0.0017812938763859254 0.025641128903859944 0.00030171273345431225
0.9548391038718121 0.02258044806409376 0.022580448064094094 0.0017083880225676237
0.9081476395318002 0.06242160824696641 0.02943075222123337 0.0030453071666641618
0.8534412071534891 0.11703855532319424 0.029520237523316617 0.004111435752525929
0.7845616678273809 0.18416743382902256 0.03127089834359653 0.0050286050340539595
0.7085198818216398 0.2601687548764893 0.03131136330187084 0.00562878756589767
0.6236626809193369 0.34493910932752236 0.03139820975314078 0.006270853397787107
0.5313863438483508 0.43682679110832323 0.03178686504332595 0.006704752954657466
0.43682679110832034 0.5313863438483521 0.031786865043327506 0.006704752954657749
0.34493910932752125 0.6236626809193367 0.031398209753142 0.0062708533977869005
0.26016875487650337 0.7085198818216315 0.031311363301865125 0.005628787565895079
0.1841674338290643 0.7845616678273398 0.031270898343595865 0.005028605034051955
0.11703855532324159 0.8534412071534211 0.029520237523337323 0.004111435752529684
0.06242160824697496 0.9081476395318334 0.029430752221191625 0.0030453071666630494
0.02258044806409465 0.9548391038718107 0.02258044806409465 0.0017083880225676456
0.0017812938763812625 0.9725775772197558 0.025641128903862942 0.00030171273345497795
0.9447574286566721 0.006294714740482599 0.048947856602845286 0.0010340427755913695
0.9081476395318302 0.02943075222119418 0.062421608246975624 0.0030453071666631765
0.8605092270347637 0.06974538648259421 0.06974538648264206 0.0045284153786435116
0.8024605155144457 0.1250100196598895 0.07252946482566475 0.006538167282167825
0.7292105546144524 0.195225741421022 0.07556370396452561 0.008103983751856971
0.6473953079405782 0.2770313420283744 0.07557335003104737 0.00921602869554973
0.5566146408624615 0.3670861743651017 0.0762991847724368 0.01002211088979359
0.4615359106618346 0.4615359106618398 0.07692817867632556 0.010325017714207518
0.36708617436509017 0.5566146408624693 0.07629918477244058 0.010022110889794728
0.2770313420283572 0.6473953079406028 0.07557335003103993 0.00921602869554942
0.19522574142101679 0.7292105546144692 0.07556370396451406 0.008103983751852334
0.12501001965992398 0.8024605155143716 0.07252946482570444 0.0065381672821662
0.0697453864826435 0.8605092270347652 0.06974538648259132 0.004528415378643557
0.029430752221234924 0.9081476395317973 0.06242160824696774 0.0030453071666642515
0.006294714740500362 0.9447574286566212 0.04894785660287848 0.0010340427755935002
0.9001401125357014 0.005489662137614926 0.09437022532668371 0.0015931995022246646
0.8534412071534234 0.029520237523335657 0.11703855532324092 0.004111435752529475
0.8024605155143758 0.07252946482570133 0.12501001965992287 0.006538167282166204
0.7335540188024968 0.1332229905987694 0.13322299059873377 0.009260393827192128
0.6558049931031478 0.20767781755327652 0.1365171893435757 0.010892588482669859
0.5709237895617376 0.29180685701788905 0.13726935342037333 0.012268773481042543
0.47802827040627227 0.38309778085454593 0.1388739487391818 0.013182971533127327
0.3830977808545426 0.47802827040627216 0.13887394873918524 0.01318297153312866
0.29180685701786735 0.5709237895617632 0.1372693534203695 0.012268773481045806
0.207677817553236 0.6558049931032155 0.1365171893435485 0.010892588482669217
0.13322299059873022 0.7335540188024976 0.13322299059877218 0.00926039382719206
0.07252946482566158 0.8024605155144502 0.12501001965988823 0.006538167282167921
0.029520237523315007 0.8534412071534904 0.11703855532319463 0.004111435752525711
0.005489662137611706 0.9001401125357067 0.0943702253266816 0.0015931995022234213
0.8359266405800024 0.005895081377779721 0.15817827804221785 0.002108025037738415
0.78456166782734 0.031270898343595865 0.1841674338290641 0.005028605034051999
0.7292105546144685 0.07556370396451462 0.1952257414210169 0.008103983751852437
0.655804993103211 0.13651718934354928 0.20767781755323966 0.010892588482669096
0.5772019797796019 0.21139901011018214 0.211399010110216 0.013153654426512226
0.48802681727884845 0.297907118579966 0.21406606414118556 0.015151699809567983
0.3921793974573685 0.392179397457325 0.2156412050853065 0.015874608164198323
0.2979071185800049 0.4880268172788111 0.21406606414118406 0.015151699809568325
0.2113990101102169 0.5772019797796011 0.21139901011018203 0.013153654426512418
0.13651718934357615 0.6558049931031448 0.20767781755327908 0.010892588482669845
0.07556370396452539 0.7292105546144513 0.19522574142102334 0.008103983751857191
0.03127089834359609 0.7845616678273805 0.18416743382902345 0.005028605034053988
0.005895081377778166 0.835926640580005 0.15817827804221685 0.002108025037738071
0.7614884986585091 0.006028351036983071 0.23248315030450784 0.0024208379800870527
0.7085198818216315 0.03131136330186546 0.26016875487650304 0.005628787565895045
0.6473953079406027 0.07557335003103993 0.27703134202835733 0.00921602869554932
0.5709237895617618 0.13726935342036867 0.2918068570178695 0.012268773481045436
0.4880268172788135 0.21406606414118234 0.2979071185800042 0.015151699809568273
0.3958519990120445 0.3020740004939738 0.3020740004939817 0.016889603137613684
0.3020740004939815 0.39585199901204216 0.30207400049397637 0.0168896031376137
0.214066064141186 0.4880268172788468 0.2979071185799672 0.015151699809568101
0.13726935342037427 0.5709237895617351 0.29180685701789066 0.012268773481042407
0.07557335003104804 0.6473953079405754 0.27703134202837654 0.009216028695549768
0.03131136330187134 0.7085198818216377 0.26016875487649094 0.005628787565897716
0.006028351036984403 0.7614884986585019 0.23248315030451372 0.0024208379800877214
0.6792748579250295 0.005989172979348312 0.3147359690956222 0.002635740743373476
0.6236626809193377 0.03139820975314178 0.3449391093275205 0.006270853397786879
0.55661464086247 0.0762991847724398 0.36708617436509017 0.010022110889794678
0.4780282704062725 0.13887394873918402 0.3830977808545435 0.013182971533128434
0.39217939745732666 0.2156412050853046 0.39217939745736874 0.01587460816419837
0.30207400049397537 0.3020740004939795 0.39585199901204515 0.016889603137613694
0.21564120508530565 0.3921793974573669 0.3921793974573275 0.015874608164198386
0.13887394873918157 0.4780282704062717 0.3830977808545467 0.013182971533127145
0.07629918477243691 0.5566146408624599 0.36708617436510316 0.01002211088979349
0.031398209753141004 0.6236626809193359 0.34493910932752314 0.006270853397787052
0.005989172979348645 0.6792748579250234 0.31473596909562795 0.0026357407433734432
0.5901737795276951 0.006060318247546936 0.40376590222475794 0.0028470868834170856
0.5313863438483516 0.03178686504332717 0.43682679110832123 0.006704752954657842
0.4615359106618394 0.07692817867632495 0.46153591066183564 0.010325017714207591
0.38309778085454677 0.13887394873918063 0.47802827040627255 0.013182971533127166
0.29790711857996655 0.21406606414118412 0.48802681727884933 0.01515169980956802
0.214066064141183 0.2979071185800032 0.4880268172788138 0.01515169980956826
0.13887394873918435 0.3830977808545437 0.47802827040627194 0.013182971533128354
0.07692817867632529 0.4615359106618344 0.4615359106618403 0.010325017714207324
0.03178686504332595 0.5313863438483508 0.43682679110832323 0.006704752954657425
0.006060318247546603 0.5901737795276984 0.40376590222475495 0.0028470868834165877
0.4969481625758462 0.006103674848298213 0.4969481625758556 0.0029365941416098717
0.43682679110832057 0.03178686504332573 0.5313863438483537 0.006704752954657532
0.36708617436509977 0.07629918477243613 0.5566146408624641 0.010022110889793647
0.29180685701789044 0.1372693534203726 0.570923789561737 0.012268773481042345
0.21139901011018192 0.2113990101102156 0.5772019797796024 0.013153654426512206
0.1372693534203689 0.29180685701787074 0.5709237895617605 0.0122687734810454
0.07629918477244002 0.36708617436509183 0.5566146408624681 0.010022110889794473
0.03178686504332717 0.43682679110832073 0.5313863438483521 0.006704752954657717
0.006103674848298213 0.4969481625758564 0.4969481625758454 0.002936594141609828
0.40376590222475395 0.006060318247546492 0.5901737795276996 0.0028470868834166007
0.34493910932751926 0.03139820975314056 0.6236626809193402 0.006270853397786965
0.27703134202837165 0.07557335003104704 0.6473953079405813 0.009216028695549723
0.20767781755327863 0.13651718934357582 0.6558049931031456 0.01089258848266976
0.13651718934354884 0.2076778175532411 0.65580499310321 0.010892588482669113
0.07557335003104004 0.2770313420283601 0.6473953079405999 0.009216028695549336
0.03139820975314189 0.34493910932752103 0.6236626809193371 0.006270853397786906
0.006060318247546881 0.40376590222475967 0.5901737795276933 0.0028470868834170986
0.31473596909562684 0.005989172979348534 0.6792748579250246 0.002635740743373362
0.26016875487648916 0.03131136330187079 0.70851988182164 0.005628787565897394
0.19522574142101912 0.07556370396452583 0.729210554614455 0.008103983751856954
0.13322299059877174 0.1332229905987351 0.7335540188024932 0.00926039382719221
0.07556370396451417 0.19522574142101878 0.729210554614467 0.00810398375185258
0.03131136330186529 0.2601687548765023 0.7085198818216323 0.005628787565895157
0.005989172979348312 0.31473596909562207 0.6792748579250296 0.0026357407433735703
0.2324831503045146 0.006028351036984292 0.7614884986585011 0.0024208379800876533
0.184167433829025 0.031270898343596754 0.7845616678273782 0.005028605034053892
0.125010019659887 0.07252946482566525 0.8024605155144477 0.006538167282167873
0.0725294648257036 0.12501001965992348 0.8024605155143729 0.006538167282166432
0.0312708983435957 0.18416743382906292 0.7845616678273415 0.005028605034051911
0.00602835103698296 0.2324831503045054 0.7614884986585116 0.002420837980087081
0.15817827804221873 0.005895081377778388 0.8359266405800029 0.0021080250377381554
0.11703855532319685 0.029520237523317006 0.8534412071534861 0.004111435752526044
0.06974538648259121 0.06974538648264084 0.860509227034768 0.004528415378643529
0.029520237523336934 0.11703855532324153 0.8534412071534214 0.004111435752529508
0.005895081377779721 0.15817827804221563 0.8359266405800047 0.002108025037738379
0.09437022532668249 0.00548966213761215 0.9001401125357054 0.0015931995022235841
0.06242160824696685 0.02943075222123226 0.9081476395318009 0.0030453071666642624
0.02943075222119229 0.06242160824697651 0.9081476395318312 0.003045307166663045
0.005489662137615259 0.0943702253266846 0.9001401125357001 0.0015931995022246707
0.04894785660287493 0.006294714740498586 0.9447574286566265 0.001034042775593391
0.02258044806409376 0.022580448064096648 0.9548391038718096 0.0017083880225676757
0.006294714740481044 0.04894785660284684 0.9447574286566721 0.0010340427755912223
0.025641128903860055 0.0017812938763830388 0.9725775772197569 0.00030171273345497003
0.0017812938763870356 0.025641128903856725 0.9725775772197562 0.00030171273345436884
0.006028725106880906 0.006028725106885902 0.9879425497862332 0.000443235614293804
