0.9943324707590404 0.002833764620479795 0.002833764620479795 8.8573409538817e-05
0.9854226049578573 0.012237675786652802 0.002339719255489925 0.00016894339161636747
0.965147624567782 0.03153145790117762 0.003320917531040357 0.00043467069085414387
0.9335732182260528 0.06263659172353475 0.0037901900504124786 0.0007024264397417778
0.8926135060721752 0.10359157301597977 0.003794920911845079 0.0008901428873084171
0.8421342642577936 0.15388352849634263 0.003982207245863789 0.0011159752977093309
0.7833961071709434 0.21246160292059768 0.004142289908458885 0.0013209475814138405
0.7180574510947344 0.27779134007095735 0.004151208834308251 0.001449665458028591
0.6476310429397962 0.3482611923264257 0.004107764733778052 0.0015259821466057368
0.5736718642322522 0.42221868674967716 0.004109449018070588 0.001582392917069713
0.49793823076276855 0.497938230762768 0.004123538474463451 0.0016064509553361443
0.422218686749677 0.5736718642322525 0.004109449018070532 0.001582392917069702
0.34826119232642583 0.647631042939796 0.004107764733778163 0.0015259821466057119
0.27779134007095974 0.718057451094732 0.0041512088343083065 0.0014496654580285937
0.2124616029205999 0.7833961071709414 0.004142289908458663 0.0013209475814138167
0.1538835284963409 0.8421342642577961 0.0039822072458629565 0.0011159752977091908
0.10359157301597821 0.8926135060721768 0.003794920911844968 0.0008901428873083192
0.06263659172353864 0.933573218226048 0.0037901900504133668 0.0007024264397418449
0.031531457901179505 0.9651476245677831 0.0033209175310373595 0.00043467069085390177
0.012237675786650803 0.985422604957856 0.0023397192554931445 0.00016894339161651413
0.00283376462047924 0.9943324707590407 0.002833764620480017 8.857340953880741e-05
0.9854226049578557 0.0023397192554933666 0.012237675786650914 0.00016894339161649863
0.9702877901107442 0.014856104944628301 0.014856104944627524 0.0006705645928326054
0.9422592632048137 0.039481029503127485 0.018259707292058835 0.0012351336980247418
0.9054734339877916 0.0745973657227188 0.019929200289489635 0.0017735824480280854
0.8608874785935272 0.11896717961653847 0.020145341789934323 0.0022562253481666723
0.8052232830624749 0.17353655325789208 0.021240163679632995 0.0028241200469474414
0.7420910479243277 0.23614396251503728 0.02176498956063505 0.003214969319167398
0.6740618965192949 0.3043361184760687 0.021601985004636393 0.003414353142823179
0.6020269237531428 0.37649524152480035 0.021477834722056832 0.0035621170804982284
0.5271364488343395 0.45130332919453087 0.02156022197112961 0.0036689790312581317
0.45130332919453287 0.5271364488343377 0.02156022197112939 0.0036689790312581932
0.37649524152479963 0.6020269237531439 0.021477834722056444 0.003562117080498318
0.30433611847606656 0.6740618965192964 0.02160198500463706 0.003414353142823256
0.23614396251503544 0.7420910479243297 0.021764989560634884 0.0032149693191674154
0.1735365532578883 0.805223283062482 0.021240163679629664 0.002824120046947187
0.1189671796165328 0.860887478593535 0.020145341789932214 0.0022562253481664555
0.07459736572271514 0.9054734339877918 0.019929200289493076 0.0017735824480282116
0.039481029503123044 0.9422592632048257 0.018259707292051286 0.001235133698024349
0.01485610494462819 0.9702877901107433 0.014856104944628523 0.0006705645928326131
0.002339719255490702 0.9854226049578569 0.012237675786652358 0.0001689433916163853
0.965147624567784 0.0033209175310370265 0.03153145790117895 0.0004346706908538787
0.9422592632048266 0.018259707292050842 0.0394810295031226 0.001235133698024369
0.909671211960111 0.045164394019940435 0.04516439401994854 0.0020913851709069608
0.8679909754435464 0.08338756351793042 0.04862146103852316 0.003005024248938236
0.8183359920416962 0.13194725896574788 0.04971674899255596 0.003828761583671055
0.7575571615013096 0.1902458416820174 0.052196996816673 0.0046071352414009245
0.6921526735436654 0.25512721464555776 0.05272011181077685 0.005024940187693281
0.6230814282862764 0.3246845214221575 0.05223405029156608 0.005306373774655598
0.5496828383351522 0.39807302826930363 0.05224413339554418 0.005565656872617959
0.4737968210359072 0.47379682103590876 0.0524063579281841 0.005672994672516292
0.39807302826930335 0.5496828383351532 0.05224413339554346 0.005565656872617768
0.3246845214221601 0.6230814282862731 0.0522340502915668 0.00530637377465535
0.2551272146455633 0.6921526735436588 0.05272011181077785 0.005024940187693235
0.19024584168202385 0.757557161501308 0.05219699681666812 0.004607135241400562
0.13194725896575676 0.8183359920416932 0.049716748992550075 0.0038287615836705004
0.08338756351794252 0.8679909754435294 0.04862146103852805 0.0030050242489382917
0.045164394019948984 0.9096712119601108 0.04516439401994021 0.002091385170906945
0.018259707292058835 0.9422592632048137 0.039481029503127485 0.001235133698024748
0.003320917531040135 0.9651476245677829 0.03153145790117695 0.000434670690854125
0.9335732182260471 0.003790190050413589 0.0626365917235393 0.0007024264397419017
0.9054734339877908 0.019929200289494076 0.07459736572271514 0.001773582448028267
0.8679909754435285 0.04862146103852927 0.08338756351794219 0.003005024248938278
0.8216026776529188 0.0891986611735418 0.08919866117353936 0.004211920937030511
0.7679487830517989 0.1402308406118562 0.09182037633634488 0.0053317283648430525
0.7037067971299904 0.2006514886616767 0.0956417142083329 0.006268714191995977
0.6366027248328766 0.2676839042308501 0.0957133709362733 0.006782117243605036
0.5653252088281827 0.3394625967448853 0.09521219442693196 0.007182698583351456
0.49023399520095695 0.41423304263756106 0.09553296216148205 0.007422116909821583
0.41423304263755834 0.49023399520096034 0.09553296216148133 0.007422116909821318
0.339462596744887 0.565325208828181 0.09521219442693196 0.007182698583350906
0.267683904230856 0.6366027248328686 0.09571337093627541 0.0067821172436049685
0.20065148866168092 0.7037067971299916 0.09564171420832746 0.00626871419199617
0.14023084061185676 0.7679487830518072 0.091820376336336 0.005331728364843299
0.08919866117353914 0.8216026776529195 0.08919866117354136 0.004211920937030549
0.048621461038523495 0.8679909754435465 0.08338756351792997 0.003005024248938217
0.01992920028949008 0.9054734339877913 0.07459736572271858 0.0017735824480280785
0.0037901900504127006 0.9335732182260532 0.06263659172353409 0.0007024264397417965
0.8926135060721758 0.003794920911845079 0.1035915730159791 0.0008901428873083197
0.8608874785935358 0.020145341789931992 0.11896717961653225 0.002256225348166416
0.8183359920416942 0.04971674899254952 0.13194725896575632 0.0038287615836705047
0.7679487830518075 0.09182037633633522 0.1402308406118573 0.0053317283648433465
0.7097077963291842 0.14514610183540355 0.1451461018354122 0.006769979920404633
0.6424914529585135 0.20778298614328444 0.14972556089820205 0.007752010707026441
0.5740205735768023 0.27662085970474 0.14935856671845776 0.008342387872160665
0.5009959681754932 0.3496036301381555 0.14940040168635133 0.008823724653730887
0.4250813725039664 0.4250813725039775 0.14983725499205613 0.00900766137414502
0.3496036301381479 0.5009959681755012 0.14940040168635094 0.008823724653730252
0.27662085970473904 0.5740205735768007 0.14935856671846026 0.008342387872159867
0.20778298614328916 0.6424914529585135 0.14972556089819733 0.007752010707025907
0.145146101835412 0.709707796329184 0.145146101835404 0.0067699799204046
0.09182037633634454 0.7679487830517987 0.14023084061185676 0.005331728364843151
0.049716748992555626 0.8183359920416965 0.13194725896574788 0.0038287615836711214
0.020145341789934212 0.8608874785935281 0.11896717961653769 0.0022562253481666662
0.003794920911845079 0.8926135060721763 0.10359157301597866 0.0008901428873084183
0.8421342642577955 0.0039822072458629565 0.15388352849634157 0.0011159752977091748
0.8052232830624824 0.021240163679629664 0.17353655325788797 0.002824120046947189
0.7575571615013075 0.05219699681666823 0.1902458416820243 0.004607135241400619
0.7037067971299904 0.09564171420832762 0.20065148866168198 0.006268714191996183
0.6424914529585133 0.14972556089819733 0.20778298614328938 0.007752010707025855
0.575381310060894 0.2123093449695509 0.2123093449695551 0.008719624104573198
0.5064523402055071 0.28127690797624594 0.21227075181824695 0.009616992165831017
0.431705981444809 0.3552219709330474 0.2130720476221436 0.010242664510714884
0.355221970933049 0.43170598144480726 0.21307204762214366 0.010242664510714818
0.2812769079762487 0.5064523402055017 0.21227075181824961 0.009616992165830953
0.212309344969554 0.575381310060895 0.212309344969551 0.008719624104573238
0.149725560898201 0.6424914529585146 0.2077829861432844 0.0077520107070263265
0.09564171420833234 0.7037067971299897 0.20065148866167792 0.006268714191995965
0.05219699681667267 0.7575571615013087 0.19024584168201863 0.004607135241400986
0.021240163679632884 0.805223283062475 0.17353655325789208 0.002824120046947476
0.003982207245863734 0.8421342642577936 0.15388352849634268 0.0011159752977093554
0.7833961071709413 0.004142289908458774 0.2124616029205999 0.0013209475814137926
0.7420910479243301 0.021764989560634884 0.236143962515035 0.003214969319167396
0.6921526735436586 0.052720111810777515 0.25512721464556387 0.005024940187693172
0.636602724832869 0.09571337093627452 0.26768390423085653 0.006782117243604848
0.5740205735768023 0.14935856671845887 0.2766208597047389 0.008342387872159778
0.5064523402055023 0.21227075181824806 0.2812769079762496 0.009616992165830889
0.4344913489960733 0.28275432550196417 0.2827543255019625 0.01079007208075206
0.3581396280098627 0.35813962800986426 0.28372074398027297 0.011216758040662557
0.28275432550196256 0.4344913489960719 0.28275432550196555 0.010790072080752071
0.21227075181824673 0.506452340205507 0.28127690797624627 0.009616992165831086
0.14935856671845704 0.5740205735768036 0.2766208597047394 0.008342387872160623
0.09571337093627252 0.6366027248328763 0.2676839042308512 0.006782117243604951
0.052720111810776404 0.692152673543664 0.25512721464555954 0.005024940187693229
0.021764989560634995 0.7420910479243269 0.2361439625150381 0.0032149693191673894
0.004142289908458885 0.7833961071709417 0.21246160292059946 0.0013209475814138659
0.7180574510947333 0.0041512088343083065 0.2777913400709584 0.0014496654580285577
0.6740618965192972 0.021601985004636837 0.304336118476066 0.0034143531428232096
0.6230814282862738 0.052234050291566136 0.3246845214221601 0.005306373774655264
0.5653252088281815 0.0952121944269313 0.3394625967448872 0.007182698583350859
0.5009959681755021 0.1494004016863505 0.34960363013814744 0.008823724653730243
0.4317059814448072 0.21307204762214338 0.3552219709330494 0.010242664510714766
0.35813962800986465 0.28372074398027236 0.358139628009863 0.011216758040662527
0.2837207439802727 0.35813962800986143 0.3581396280098659 0.011216758040662533
0.21307204762214366 0.4317059814448085 0.3552219709330478 0.01024266451071486
0.1494004016863515 0.5009959681754941 0.34960363013815443 0.008823724653730866
0.09521219442693174 0.5653252088281827 0.33946259674488555 0.007182698583351378
0.052234050291565914 0.6230814282862758 0.3246845214221583 0.005306373774655468
0.02160198500463628 0.6740618965192947 0.304336118476069 0.0034143531428230955
0.004151208834308195 0.7180574510947318 0.27779134007095996 0.0014496654580285783
0.647631042939798 0.004107764733778052 0.34826119232642394 0.0015259821466056958
0.6020269237531445 0.021477834722056333 0.3764952415247992 0.0035621170804983264
0.5496828383351536 0.05224413339554346 0.3980730282693029 0.005565656872617767
0.4902339952009603 0.0955329621614816 0.41423304263755817 0.007422116909821327
0.4250813725039777 0.14983725499205636 0.42508137250396594 0.009007661374145028
0.35522197093304725 0.21307204762214343 0.43170598144480926 0.010242664510714814
0.28275432550196433 0.28275432550196156 0.4344913489960741 0.010790072080752007
0.21307204762214332 0.3552219709330489 0.4317059814448078 0.01024266451071474
0.1498372549920562 0.42508137250396755 0.4250813725039763 0.009007661374144995
0.09553296216148222 0.49023399520095723 0.41423304263756056 0.007422116909821539
0.052244133395544234 0.5496828383351529 0.3980730282693029 0.0055656568726178786
0.021477834722056666 0.602026923753144 0.3764952415247993 0.00356211708049816
0.004107764733778052 0.6476310429397943 0.3482611923264276 0.0015259821466057
0.5736718642322537 0.004109449018070532 0.4222186867496758 0.0015823929170697226
0.5271364488343372 0.02156022197112961 0.4513033291945332 0.003668979031258248
0.4737968210359087 0.05240635792818438 0.4737968210359069 0.005672994672516338
0.4142330426375609 0.09553296216148222 0.4902339952009569 0.007422116909821591
0.3496036301381556 0.14940040168635116 0.5009959681754933 0.008823724653730892
0.2812769079762462 0.212270751818246 0.5064523402055077 0.00961699216583093
0.21227075181824862 0.28127690797624944 0.5064523402055019 0.009616992165830797
0.14940040168635044 0.34960363013814927 0.5009959681755003 0.008823724653730236
0.09553296216148127 0.41423304263755895 0.4902339952009597 0.007422116909821329
0.052406357928184155 0.47379682103590826 0.4737968210359076 0.005672994672516327
0.021560221971129723 0.527136448834341 0.4513033291945293 0.003668979031258169
0.004109449018070532 0.5736718642322517 0.4222186867496778 0.0015823929170697014
0.4979382307627682 0.004123538474463451 0.49793823076276833 0.001606450955336174
0.45130332919452987 0.021560221971129723 0.5271364488343404 0.0036689790312581607
0.3980730282693033 0.05224413339554412 0.5496828383351526 0.005565656872617985
0.33946259674488527 0.09521219442693163 0.5653252088281832 0.007182698583351416
0.27662085970474004 0.14935856671845693 0.574020573576803 0.008342387872160646
0.2123093449695515 0.2123093449695551 0.5753813100608934 0.008719624104573179
0.14935856671845976 0.2766208597047402 0.5740205735768 0.008342387872159861
0.09521219442693157 0.3394625967448874 0.565325208828181 0.00718269858335094
0.052244133395543346 0.39807302826930346 0.5496828383351532 0.005565656872617859
0.0215602219711295 0.451303329194533 0.5271364488343375 0.00366897903125829
0.00412353847446334 0.4979382307627678 0.4979382307627689 0.0016064509553361688
0.4222186867496767 0.004109449018070643 0.5736718642322527 0.0015823929170697202
0.3764952415247995 0.021477834722056666 0.6020269237531438 0.003562117080498189
0.324684521422157 0.052234050291565914 0.6230814282862771 0.005306373774655571
0.26768390423085053 0.09571337093627275 0.6366027248328767 0.006782117243604954
0.20778298614328433 0.14972556089820205 0.6424914529585137 0.007752010707026476
0.14972556089819777 0.2077829861432896 0.6424914529585126 0.007752010707026021
0.09571337093627541 0.26768390423085564 0.636602724832869 0.006782117243604978
0.052234050291566636 0.32468452142215903 0.6230814282862744 0.0053063737746553786
0.021477834722056444 0.3764952415247982 0.6020269237531454 0.0035621170804983403
0.004109449018070532 0.4222186867496751 0.5736718642322544 0.0015823929170697183
0.3482611923264253 0.004107764733778052 0.6476310429397967 0.0015259821466057256
0.30433611847606856 0.021601985004636393 0.674061896519295 0.0034143531428231177
0.2551272146455573 0.052720111810776626 0.692152673543666 0.005024940187693258
0.20065148866167737 0.0956417142083329 0.7037067971299897 0.006268714191995984
0.14514610183540322 0.14514610183541155 0.7097077963291852 0.006769979920404715
0.09564171420832757 0.2006514886616806 0.7037067971299918 0.006268714191996203
0.052720111810778014 0.2551272146455624 0.6921526735436596 0.005024940187693198
0.021601985004637003 0.30433611847606573 0.6740618965192973 0.0034143531428231723
0.004107764733778052 0.34826119232642394 0.647631042939798 0.0015259821466056841
0.27779134007095707 0.004151208834308195 0.7180574510947347 0.0014496654580285853
0.2361439625150379 0.021764989560635106 0.742091047924327 0.003214969319167378
0.19024584168201686 0.05219699681667278 0.7575571615013104 0.004607135241400935
0.14023084061185692 0.09182037633634405 0.767948783051799 0.005331728364843048
0.09182037633633483 0.1402308406118566 0.7679487830518086 0.005331728364843232
0.052196996816668007 0.19024584168202352 0.7575571615013085 0.004607135241400537
0.021764989560634995 0.23614396251503633 0.7420910479243287 0.0032149693191673608
0.004151208834308362 0.27779134007095957 0.7180574510947322 0.0014496654580285566
0.21246160292059724 0.004142289908458996 0.7833961071709438 0.0013209475814138403
0.17353655325789274 0.021240163679632773 0.8052232830624745 0.0028241200469474328
0.13194725896574733 0.04971674899255529 0.8183359920416974 0.003828761583671
0.08919866117354264 0.08919866117353975 0.8216026776529175 0.004211920937030454
0.0497167489925493 0.13194725896575665 0.818335992041694 0.0038287615836704453
0.021240163679629442 0.17353655325788964 0.8052232830624809 0.002824120046947194
0.004142289908458663 0.212461602920601 0.7833961071709403 0.0013209475814138097
0.15388352849634201 0.003982207245863623 0.8421342642577944 0.0011159752977093148
0.11896717961653891 0.020145341789934212 0.8608874785935269 0.0022562253481666398
0.08338756351793042 0.04862146103852416 0.8679909754435454 0.00300502424893821
0.0486214610385296 0.08338756351794252 0.8679909754435279 0.0030050242489383615
0.020145341789932103 0.11896717961653291 0.860887478593535 0.002256225348166495
0.003982207245862901 0.1538835284963414 0.8421342642577958 0.0011159752977091988
0.10359157301597932 0.003794920911845079 0.8926135060721756 0.0008901428873084118
0.07459736572271936 0.0199292002894903 0.9054734339877903 0.0017735824480281622
0.045164394019940435 0.045164394019947984 0.9096712119601116 0.0020913851709069915
0.019929200289494076 0.07459736572271425 0.9054734339877917 0.001773582448028328
0.0037949209118450233 0.10359157301597782 0.8926135060721772 0.0008901428873083315
0.06263659172353442 0.0037901900504124786 0.9335732182260531 0.0007024264397418087
0.03948102950312671 0.018259707292057836 0.9422592632048155 0.0012351336980247533
0.018259707292051175 0.03948102950312171 0.9422592632048271 0.0012351336980243382
0.0037901900504133668 0.06263659172353864 0.933573218226048 0.0007024264397418801
0.03153145790117606 0.003320917531039802 0.9651476245677841 0.00043467069085410885
0.01485610494462708 0.014856104944627413 0.9702877901107455 0.0006705645928325786
0.0033209175310372485 0.03153145790117984 0.9651476245677829 0.00043467069085388464
0.012237675786652247 0.002339719255490702 0.985422604957857 0.00016894339161636375
0.0023397192554922563 0.012237675786650692 0.985422604957857 0.0001689433916164874
0.002833764620480128 0.002833764620478907 0.994332470759041 8.857340953880969e-05
