0.6931109923381602 0.25905388452106726 0.04783512314077254 0.0042147584639124335
0.04783512314077221 0.6931109923381602 0.2590538845210676 0.0042147584639124335
0.2590538845210667 0.04783512314077276 0.6931109923381605 0.0042147584639124335
0.25905388452106715 0.6931109923381603 0.04783512314077254 0.0042147584639124335
0.04783512314077221 0.25905388452106726 0.6931109923381605 0.0042147584639124335
0.6931109923381602 0.04783512314077221 0.2590538845210676 0.0042147584639124335
0.9933625501267108 0.003318724936644868 0.003318724936644313 0.00017172990137104957
0.0033187249366440907 0.993362550126711 0.003318724936644868 0.00017172990137104957
0.003318724936645423 0.003318724936645423 0.9933625501267092 0.00017172990137104957
0.5287682847771431 0.3915721882912562 0.07965952693160072 0.005924922745091996
0.07965952693160094 0.5287682847771429 0.3915721882912562 0.005924922745091996
0.3915721882912564 0.0796595269316005 0.5287682847771431 0.005924922745091996
0.3915721882912562 0.5287682847771431 0.07965952693160072 0.005924922745091996
0.07965952693160044 0.39157218829125645 0.5287682847771431 0.005924922745091996
0.5287682847771425 0.07965952693160061 0.39157218829125684 0.005924922745091996
0.5861663154298924 0.35614028329623354 0.05769340127387407 0.005944220184424514
0.05769340127387412 0.5861663154298922 0.3561402832962337 0.005944220184424514
0.35614028329623315 0.057693401273874234 0.5861663154298926 0.005944220184424514
0.3561402832962335 0.5861663154298925 0.05769340127387401 0.005944220184424514
0.057693401273874234 0.35614028329623315 0.5861663154298926 0.005944220184424514
0.5861663154298922 0.05769340127387401 0.3561402832962338 0.005944220184424514
0.8552551855506441 0.07237240722467819 0.07237240722467775 0.003801932668415516
0.07237240722467808 0.8552551855506442 0.07237240722467775 0.003801932668415516
0.07237240722467764 0.07237240722467775 0.8552551855506446 0.003801932668415516
0.6397260650735269 0.2830124973495889 0.0772614375768842 0.006877184387535941
0.07726143757688408 0.6397260650735271 0.2830124973495888 0.006877184387535941
0.2830124973495881 0.0772614375768842 0.6397260650735277 0.006877184387535941
0.2830124973495889 0.6397260650735269 0.0772614375768842 0.006877184387535941
0.07726143757688364 0.28301249734958867 0.6397260650735277 0.006877184387535941
0.639726065073527 0.07726143757688397 0.283012497349589 0.006877184387535941
0.9056841795156563 0.04715791024217231 0.04715791024217142 0.0028444336676874955
0.04715791024217186 0.905684179515656 0.047157910242172085 0.0028444336676874955
0.04715791024217164 0.04715791024217175 0.9056841795156566 0.0028444336676874955
0.7356278532534755 0.2416137624515245 0.022758384295000045 0.0040924989683471975
0.022758384294999767 0.7356278532534758 0.24161376245152444 0.0040924989683471975
0.24161376245152388 0.02275838429499999 0.7356278532534761 0.0040924989683471975
0.24161376245152444 0.7356278532534755 0.0227583842950001 0.0040924989683471975
0.022758384294999434 0.24161376245152444 0.7356278532534761 0.0040924989683471975
0.7356278532534758 0.022758384294999767 0.24161376245152444 0.0040924989683471975
0.6234067740413927 0.2527812471879327 0.12381197877067462 0.008872654506017357
0.12381197877067462 0.6234067740413927 0.2527812471879327 0.008872654506017357
0.2527812471879326 0.12381197877067462 0.6234067740413928 0.008872654506017357
0.2527812471879327 0.6234067740413927 0.12381197877067462 0.008872654506017357
0.12381197877067407 0.25278124718793316 0.6234067740413928 0.008872654506017357
0.6234067740413923 0.1238119787706744 0.25278124718793327 0.008872654506017357
0.6992119263799823 0.18490610638391736 0.11588196723610034 0.007534322929546487
0.11588196723610045 0.6992119263799823 0.18490610638391725 0.007534322929546487
0.1849061063839169 0.11588196723610067 0.6992119263799824 0.007534322929546487
0.18490610638391736 0.6992119263799823 0.11588196723610034 0.007534322929546487
0.11588196723610034 0.18490610638391725 0.6992119263799824 0.007534322929546487
0.6992119263799824 0.11588196723610034 0.18490610638391725 0.007534322929546487
0.4680301736511254 0.46803017365112554 0.06393965269774904 0.007784128732330822
0.0639396526977492 0.46803017365112526 0.4680301736511256 0.007784128732330822
0.4680301736511252 0.06393965269774926 0.46803017365112554 0.007784128732330822
0.9746267906510643 0.012686604674468138 0.012686604674467583 0.0008465501453288877
0.012686604674467694 0.9746267906510647 0.012686604674467583 0.0008465501453288877
0.012686604674468693 0.012686604674468804 0.9746267906510625 0.0008465501453288877
0.7397781780644783 0.19370437715364036 0.06651744478188132 0.006804006756101847
0.06651744478188149 0.7397781780644784 0.19370437715364008 0.006804006756101847
0.19370437715363975 0.06651744478188171 0.7397781780644785 0.006804006756101847
0.19370437715364042 0.7397781780644783 0.06651744478188126 0.006804006756101847
0.06651744478188126 0.1937043771536402 0.7397781780644785 0.006804006756101847
0.7397781780644782 0.06651744478188115 0.19370437715364064 0.006804006756101847
0.9191599701835513 0.07640124843938734 0.004438781377061329 0.0012066965685421191
0.004438781377061218 0.9191599701835512 0.07640124843938756 0.0012066965685421191
0.076401248439387 0.004438781377061218 0.9191599701835518 0.0012066965685421191
0.07640124843938778 0.9191599701835509 0.004438781377061329 0.0012066965685421191
0.004438781377060885 0.07640124843938734 0.9191599701835518 0.0012066965685421191
0.9191599701835512 0.004438781377061218 0.07640124843938756 0.0012066965685421191
0.756816983554544 0.12159150822272807 0.12159150822272796 0.007386911834914295
0.12159150822272813 0.756816983554544 0.1215915082227279 0.007386911834914295
0.1215915082227279 0.1215915082227279 0.7568169835545442 0.007386911834914295
0.7862883331546218 0.20904808745268977 0.004663579392688466 0.001958948577893246
0.004663579392688577 0.7862883331546215 0.20904808745268988 0.001958948577893246
0.20904808745268944 0.004663579392688355 0.7862883331546222 0.001958948577893246
0.20904808745268977 0.7862883331546218 0.004663579392688466 0.001958948577893246
0.004663579392688355 0.20904808745268944 0.7862883331546222 0.001958948577893246
0.7862883331546215 0.004663579392688577 0.20904808745268988 0.001958948577893246
0.6967533241762804 0.29854299405924245 0.004703681764477108 0.002274445900998676
0.004703681764477219 0.6967533241762802 0.29854299405924256 0.002274445900998676
0.2985429940592421 0.004703681764477108 0.6967533241762808 0.002274445900998676
0.29854299405924245 0.6967533241762804 0.004703681764477108 0.002274445900998676
0.004703681764476608 0.2985429940592426 0.6967533241762809 0.002274445900998676
0.69675332417628 0.004703681764476997 0.298542994059243 0.002274445900998676
0.6404388932621002 0.3343790400340313 0.025182066703868466 0.0053646848461863066
0.025182066703868466 0.6404388932621005 0.33437904003403107 0.0053646848461863066
0.33437904003403085 0.02518206670386891 0.6404388932621002 0.0053646848461863066
0.3343790400340313 0.6404388932621002 0.025182066703868466 0.0053646848461863066
0.02518206670386891 0.33437904003403085 0.6404388932621002 0.0053646848461863066
0.6404388932621004 0.025182066703868355 0.3343790400340313 0.0053646848461863066
0.810992623794562 0.12323080238069506 0.06577657382474289 0.005870069803065513
0.06577657382474289 0.8109926237945619 0.12323080238069517 0.005870069803065513
0.12323080238069462 0.06577657382474278 0.8109926237945626 0.005870069803065513
0.12323080238069506 0.810992623794562 0.06577657382474289 0.005870069803065513
0.06577657382474256 0.12323080238069484 0.8109926237945626 0.005870069803065513
0.8109926237945619 0.06577657382474289 0.12323080238069517 0.005870069803065513
0.5353617425851648 0.3385141624298458 0.12612409498498944 0.011303023542937485
0.12612409498498955 0.5353617425851647 0.3385141624298458 0.011303023542937485
0.33851416242984533 0.12612409498498944 0.5353617425851652 0.011303023542937485
0.3385141624298458 0.5353617425851648 0.12612409498498944 0.011303023542937485
0.12612409498498933 0.33851416242984544 0.5353617425851652 0.011303023542937485
0.5353617425851644 0.1261240949849895 0.33851416242984605 0.011303023542937485
0.45072544689579386 0.35440360218068734 0.1948709509235188 0.014316485269667601
0.19487095092351825 0.4507254468957942 0.35440360218068756 0.014316485269667601
0.3544036021806873 0.1948709509235183 0.45072544689579436 0.014316485269667601
0.3544036021806872 0.45072544689579397 0.1948709509235188 0.014316485269667601
0.19487095092351825 0.35440360218068734 0.4507254468957944 0.014316485269667601
0.45072544689579414 0.1948709509235182 0.3544036021806876 0.014316485269667601
0.5459302776699084 0.26306829775780854 0.19100142457228303 0.012926023450118276
0.19100142457228286 0.5459302776699089 0.26306829775780827 0.012926023450118276
0.26306829775780816 0.19100142457228309 0.5459302776699088 0.012926023450118276
0.2630682977578085 0.5459302776699085 0.19100142457228297 0.012926023450118276
0.19100142457228286 0.2630682977578084 0.5459302776699088 0.012926023450118276
0.5459302776699089 0.19100142457228286 0.26306829775780827 0.012926023450118276
0.6351808769650942 0.18240956151745313 0.1824095615174527 0.010752850965432824
0.1824095615174529 0.6351808769650938 0.18240956151745324 0.010752850965432824
0.1824095615174529 0.18240956151745302 0.6351808769650941 0.010752850965432824
0.5379004199107804 0.4345661739646695 0.027533406124550075 0.0062815965808916616
0.027533406124549575 0.5379004199107805 0.4345661739646699 0.0062815965808916616
0.4345661739646697 0.027533406124549686 0.5379004199107806 0.0062815965808916616
0.43456617396466946 0.5379004199107805 0.02753340612455002 0.0062815965808916616
0.027533406124549686 0.4345661739646697 0.5379004199107806 0.0062815965808916616
0.5379004199107805 0.027533406124549575 0.4345661739646699 0.0062815965808916616
0.8078650909487486 0.1640709870698786 0.028063921981372808 0.004701936994105968
0.028063921981372753 0.8078650909487488 0.16407098706987844 0.004701936994105968
0.16407098706987777 0.028063921981372864 0.8078650909487494 0.004701936994105968
0.16407098706987855 0.8078650909487487 0.028063921981372753 0.004701936994105968
0.028063921981372864 0.16407098706987777 0.8078650909487494 0.004701936994105968
0.8078650909487487 0.028063921981372864 0.16407098706987844 0.004701936994105968
0.3622872793529498 0.3622872793529499 0.2754254412941003 0.015596091325825779
0.2754254412941003 0.3622872793529498 0.3622872793529499 0.015596091325825779
0.3622872793529497 0.2754254412941003 0.36228727935295 0.015596091325825779
0.9414155840249847 0.042681999706080664 0.015902416268934627 0.0018305068761488282
0.01590241626893485 0.9414155840249849 0.04268199970608022 0.0018305068761488282
0.04268199970607878 0.015902416268933628 0.9414155840249876 0.0018305068761488282
0.042681999706080664 0.9414155840249847 0.015902416268934627 0.0018305068761488282
0.015902416268933184 0.04268199970607922 0.9414155840249876 0.0018305068761488282
0.9414155840249846 0.015902416268934627 0.042681999706080775 0.0018305068761488282
0.8787459746951741 0.09395979465273008 0.027294230652095797 0.003821880547095019
0.027294230652095464 0.8787459746951746 0.09395979465272997 0.003821880547095019
0.09395979465272941 0.027294230652095686 0.8787459746951749 0.003821880547095019
0.09395979465272997 0.8787459746951742 0.027294230652095797 0.003821880547095019
0.027294230652095353 0.09395979465272974 0.8787459746951749 0.003821880547095019
0.8787459746951745 0.027294230652095575 0.09395979465272997 0.003821880547095019
0.8588999350346496 0.1354088535199346 0.005691211445415845 0.0019198805574689149
0.0056912114454164 0.8588999350346495 0.13540885351993415 0.0019198805574689149
0.13540885351993392 0.005691211445415956 0.8588999350346501 0.0019198805574689149
0.1354088535199346 0.8588999350346496 0.005691211445415845 0.0019198805574689149
0.005691211445415401 0.13540885351993448 0.8588999350346501 0.0019198805574689149
0.8588999350346497 0.005691211445415623 0.1354088535199347 0.0019198805574689149
0.43674324854846014 0.43674324854846014 0.12651350290307972 0.012404959028145994
0.12651350290307922 0.4367432485484603 0.4367432485484604 0.012404959028145994
0.43674324854846025 0.12651350290307928 0.43674324854846047 0.012404959028145994
0.4551439184321434 0.27242804078392846 0.2724280407839281 0.014914550762685769
0.2724280407839284 0.45514391843214347 0.2724280407839282 0.014914550762685769
0.27242804078392807 0.2724280407839282 0.4551439184321437 0.014914550762685769
0.5986161382437193 0.3962215147396594 0.005162347016621327 0.0026425679231632518
0.005162347016621327 0.5986161382437193 0.3962215147396594 0.0026425679231632518
0.39622151473965905 0.005162347016620994 0.59861613824372 0.0026425679231632518
0.39622151473965883 0.5986161382437198 0.005162347016621327 0.0026425679231632518
0.005162347016620994 0.39622151473965905 0.59861613824372 0.0026425679231632518
0.5986161382437193 0.005162347016621327 0.3962215147396594 0.0026425679231632518
0.4973193390003086 0.4973193390003086 0.005361321999382829 0.00279131811974077
0.005361321999382773 0.49731933900030867 0.49731933900030856 0.00279131811974077
0.49731933900030834 0.00536132199938244 0.4973193390003092 0.00279131811974077
0.9699822487416316 0.029484042597673676 0.0005337086606946873 0.0003356217114664024
0.0005337086606946873 0.9699822487416317 0.029484042597673565 0.0003356217114664024
0.029484042597674454 0.0005337086606954644 0.9699822487416301 0.0003356217114664024
0.029484042597673676 0.9699822487416316 0.0005337086606946873 0.0003356217114664024
0.0005337086606950203 0.029484042597674898 0.9699822487416301 0.0003356217114664024
0.9699822487416314 0.0005337086606944652 0.02948404259767412 0.0003356217114664024
