0.4023719251097933 0.4023719251097933 0.19525614978041345 0.003546440015977171
0.19525614978041317 0.40237192510979325 0.4023719251097936 0.003546440015977171
0.4023719251097932 0.19525614978041322 0.4023719251097935 0.003546440015977171
0.9972692148480915 0.0013653925759544716 0.0013653925759540275 3.4719535436562144e-05
0.0013653925759539165 0.9972692148480921 0.0013653925759540275 3.4719535436562144e-05
0.0013653925759544716 0.0013653925759545826 0.997269214848091 3.4719535436562144e-05
0.6678757207141841 0.330553853684353 0.001570425601462866 0.0005327316943405328
0.0015704256014629214 0.6678757207141839 0.3305538536843532 0.0005327316943405328
0.33055385368435275 0.0015704256014629214 0.6678757207141843 0.0005327316943405328
0.3305538536843531 0.667875720714184 0.0015704256014629214 0.0005327316943405328
0.0015704256014628104 0.33055385368435286 0.6678757207141843 0.0005327316943405328
0.6678757207141838 0.0015704256014626994 0.3305538536843535 0.0005327316943405328
0.4975317296252053 0.4975317296252054 0.004936540749589269 0.001014169642832736
0.004936540749589158 0.4975317296252052 0.49753172962520564 0.001014169642832736
0.4975317296252052 0.004936540749589158 0.49753172962520564 0.001014169642832736
0.9699539651466834 0.0204313657326064 0.009614669120710184 0.0004390770271698243
0.009614669120710295 0.9699539651466834 0.020431365732606288 0.0004390770271698243
0.020431365732606843 0.00961466912071074 0.9699539651466824 0.0004390770271698243
0.020431365732606843 0.969953965146683 0.009614669120710184 0.0004390770271698243
0.009614669120710406 0.020431365732607176 0.9699539651466824 0.0004390770271698243
0.9699539651466831 0.009614669120710073 0.020431365732606843 0.0004390770271698243
0.9208981351903949 0.05719830619397592 0.021903558615629204 0.0010370250465354277
0.021903558615629093 0.9208981351903951 0.05719830619397581 0.0010370250465354277
0.05719830619397581 0.02190355861562976 0.9208981351903944 0.0010370250465354277
0.05719830619397581 0.920898135190395 0.021903558615629204 0.0010370250465354277
0.021903558615629426 0.057198306193976145 0.9208981351903944 0.0010370250465354277
0.9208981351903951 0.021903558615629093 0.05719830619397581 0.0010370250465354277
0.47990029575441917 0.47990029575441917 0.04019940849116166 0.0028441859570122402
0.04019940849116144 0.4799002957544194 0.47990029575441917 0.0028441859570122402
0.4799002957544186 0.04019940849116166 0.4799002957544197 0.0028441859570122402
0.8670673418884326 0.06646632905578376 0.06646632905578365 0.0018709815380228807
0.06646632905578365 0.8670673418884327 0.06646632905578365 0.0018709815380228807
0.06646632905578354 0.06646632905578365 0.8670673418884328 0.0018709815380228807
0.5452354770717635 0.4532709716379457 0.0014935512902908288 0.0005595519502280442
0.0014935512902906067 0.5452354770717636 0.45327097163794583 0.0005595519502280442
0.453270971637945 0.0014935512902910508 0.5452354770717639 0.0005595519502280442
0.4532709716379456 0.5452354770717636 0.0014935512902908288 0.0005595519502280442
0.0014935512902904957 0.45327097163794555 0.545235477071764 0.0005595519502280442
0.5452354770717631 0.0014935512902910508 0.45327097163794583 0.0005595519502280442
0.8038260264189152 0.14073247390672022 0.05544149967436457 0.0025379205064647767
0.05544149967436429 0.8038260264189154 0.14073247390672028 0.0025379205064647767
0.14073247390672017 0.055441499674364625 0.8038260264189152 0.0025379205064647767
0.14073247390672017 0.8038260264189153 0.055441499674364514 0.0025379205064647767
0.0554414996743644 0.1407324739067204 0.8038260264189152 0.0025379205064647767
0.8038260264189151 0.05544149967436407 0.14073247390672083 0.0025379205064647767
0.697517800276664 0.18378863030194104 0.11869356942139497 0.00405815779811396
0.11869356942139497 0.697517800276664 0.18378863030194104 0.00405815779811396
0.18378863030194081 0.11869356942139508 0.6975178002766641 0.00405815779811396
0.18378863030194104 0.697517800276664 0.11869356942139497 0.00405815779811396
0.11869356942139475 0.18378863030194115 0.6975178002766641 0.00405815779811396
0.697517800276664 0.11869356942139497 0.18378863030194104 0.00405815779811396
0.9135272212245076 0.04323638938774654 0.04323638938774588 0.0013326250004079819
0.043236389387745766 0.9135272212245078 0.04323638938774643 0.0013326250004079819
0.043236389387744656 0.04323638938774477 0.9135272212245106 0.0013326250004079819
0.966494790295936 0.03211215248687804 0.0013930572171859668 0.0002266425752074917
0.0013930572171860778 0.9664947902959361 0.03211215248687782 0.0002266425752074917
0.032112152486878265 0.001393057217187188 0.9664947902959345 0.0002266425752074917
0.03211215248687804 0.966494790295936 0.0013930572171859668 0.0002266425752074917
0.0013930572171866329 0.03211215248687882 0.9664947902959345 0.0002266425752074917
0.9664947902959361 0.0013930572171860778 0.03211215248687782 0.0002266425752074917
0.4903050142016465 0.4903050142016466 0.019389971596706856 0.0021926816815858877
0.019389971596706634 0.49030501420164674 0.4903050142016466 0.0021926816815858877
0.4903050142016464 0.019389971596706412 0.4903050142016472 0.0021926816815858877
0.9467364526174824 0.04296407220067644 0.010299475181841156 0.0006818533431414978
0.010299475181841267 0.9467364526174825 0.04296407220067622 0.0006818533431414978
0.04296407220067555 0.010299475181841267 0.9467364526174832 0.0006818533431414978
0.04296407220067644 0.9467364526174824 0.010299475181841156 0.0006818533431414978
0.010299475181840823 0.042964072200675996 0.9467364526174832 0.0006818533431414978
0.9467364526174824 0.010299475181841378 0.04296407220067622 0.0006818533431414978
0.986890447277637 0.010524842730075035 0.0025847099922879924 0.0001870930686156027
0.0025847099922879924 0.9868904472776371 0.010524842730074924 0.0001870930686156027
0.010524842730073258 0.002584709992287215 0.9868904472776395 0.0001870930686156027
0.010524842730074924 0.9868904472776371 0.0025847099922879924 0.0001870930686156027
0.00258470999228666 0.010524842730073813 0.9868904472776395 0.0001870930686156027
0.986890447277637 0.0025847099922881034 0.010524842730074924 0.0001870930686156027
0.8851466587208723 0.07537902856297041 0.03947431271615731 0.0016866296698237358
0.03947431271615787 0.8851466587208721 0.07537902856297007 0.0016866296698237358
0.07537902856296974 0.039474312716157534 0.8851466587208727 0.0016866296698237358
0.0753790285629703 0.8851466587208724 0.03947431271615731 0.0016866296698237358
0.039474312716157534 0.07537902856297041 0.8851466587208721 0.0016866296698237358
0.8851466587208722 0.0394743127161572 0.07537902856297063 0.0016866296698237358
0.5513727993854912 0.4363333620899562 0.01229383852455257 0.0019025497964579008
0.012293838524552458 0.5513727993854914 0.4363333620899561 0.0019025497964579008
0.43633336208995555 0.01229383852455257 0.5513727993854919 0.0019025497964579008
0.4363333620899562 0.5513727993854912 0.01229383852455257 0.0019025497964579008
0.01229383852455207 0.43633336208995604 0.5513727993854918 0.0019025497964579008
0.5513727993854911 0.012293838524552236 0.43633336208995666 0.0019025497964579008
0.7269194442371771 0.2704907465149771 0.0025898092478457424 0.0007733670252997834
0.002589809247845354 0.7269194442371774 0.2704907465149773 0.0007733670252997834
0.27049074651497673 0.002589809247845687 0.7269194442371776 0.0007733670252997834
0.27049074651497707 0.7269194442371771 0.002589809247845798 0.0007733670252997834
0.002589809247845687 0.27049074651497673 0.7269194442371776 0.0007733670252997834
0.7269194442371774 0.002589809247845354 0.2704907465149773 0.0007733670252997834
0.6116299677466055 0.35081364338109755 0.03755638887229695 0.0031723878909002416
0.03755638887229673 0.6116299677466058 0.35081364338109744 0.0031723878909002416
0.3508136433810969 0.03755638887229684 0.6116299677466063 0.0031723878909002416
0.35081364338109744 0.6116299677466056 0.03755638887229695 0.0031723878909002416
0.03755638887229662 0.35081364338109766 0.6116299677466057 0.0031723878909002416
0.6116299677466057 0.03755638887229662 0.35081364338109766 0.0031723878909002416
0.6101399413050005 0.3727655119742924 0.017094546720707093 0.0021685247098617447
0.017094546720707426 0.6101399413050004 0.3727655119742922 0.0021685247098617447
0.3727655119742921 0.017094546720707204 0.6101399413050007 0.0021685247098617447
0.372765511974292 0.6101399413050009 0.017094546720707093 0.0021685247098617447
0.017094546720707093 0.3727655119742922 0.6101399413050007 0.0021685247098617447
0.6101399413050002 0.017094546720707315 0.37276551197429253 0.0021685247098617447
0.6971343314423426 0.21710735226334166 0.08575831629431574 0.004074117473640718
0.08575831629431563 0.6971343314423426 0.21710735226334177 0.004074117473640718
0.21710735226334088 0.08575831629431596 0.6971343314423432 0.004074117473640718
0.21710735226334155 0.6971343314423427 0.08575831629431574 0.004074117473640718
0.0857583162943154 0.21710735226334144 0.6971343314423432 0.004074117473640718
0.6971343314423426 0.08575831629431563 0.21710735226334177 0.004074117473640718
0.7492579900268798 0.19275636500900573 0.05798564496411451 0.0033720890143961557
0.05798564496411451 0.7492579900268797 0.19275636500900584 0.0033720890143961557
0.19275636500900528 0.0579856449641144 0.7492579900268803 0.0033720890143961557
0.19275636500900573 0.7492579900268798 0.05798564496411451 0.0033720890143961557
0.05798564496411385 0.19275636500900584 0.7492579900268803 0.0033720890143961557
0.7492579900268798 0.05798564496411385 0.1927563650090064 0.0033720890143961557
0.5454667964305935 0.4206850306864165 0.033848172882990024 0.003337465415349304
0.033848172882990135 0.5454667964305933 0.4206850306864166 0.003337465415349304
0.42068503068641605 0.03384817288298991 0.545466796430594 0.003337465415349304
0.4206850306864165 0.5454667964305935 0.033848172882990024 0.003337465415349304
0.033848172882990246 0.4206850306864163 0.5454667964305935 0.003337465415349304
0.5454667964305931 0.033848172882990246 0.4206850306864166 0.003337465415349304
0.9460023547432537 0.02699882262837372 0.02699882262837261 0.000952405955654682
0.026998822628372943 0.9460023547432539 0.026998822628373165 0.000952405955654682
0.026998822628371943 0.026998822628372054 0.946002354743256 0.000952405955654682
0.7849881231777002 0.21248518543709127 0.002526691385208557 0.000744300460712227
0.002526691385208557 0.7849881231777006 0.21248518543709083 0.000744300460712227
0.2124851854370906 0.002526691385208668 0.7849881231777007 0.000744300460712227
0.21248518543709116 0.7849881231777003 0.002526691385208557 0.000744300460712227
0.002526691385208113 0.21248518543709116 0.7849881231777007 0.000744300460712227
0.7849881231777003 0.002526691385208335 0.21248518543709138 0.000744300460712227
0.6700862491552851 0.31925720872918706 0.0106565421155278 0.0017490056575092897
0.0106565421155278 0.6700862491552848 0.3192572087291874 0.0017490056575092897
0.3192572087291873 0.010656542115527357 0.6700862491552854 0.0017490056575092897
0.31925720872918706 0.6700862491552851 0.0106565421155278 0.0017490056575092897
0.010656542115527301 0.31925720872918734 0.6700862491552853 0.0017490056575092897
0.6700862491552851 0.010656542115527134 0.3192572087291877 0.0017490056575092897
0.7229903861793542 0.13850480691032319 0.13850480691032263 0.004359850041892473
0.13850480691032319 0.7229903861793542 0.13850480691032263 0.004359850041892473
0.13850480691032263 0.13850480691032263 0.7229903861793547 0.004359850041892473
0.4670132073557641 0.4670132073557641 0.06597358528847175 0.004532532255032757
0.06597358528847191 0.46701320735576396 0.46701320735576407 0.004532532255032757
0.4670132073557639 0.06597358528847197 0.4670132073557641 0.004532532255032757
0.7349320912451689 0.25163823551257286 0.013429673242258244 0.0019031683954380278
0.013429673242258744 0.7349320912451687 0.2516382355125726 0.0019031683954380278
0.2516382355125725 0.013429673242258522 0.734932091245169 0.0019031683954380278
0.2516382355125728 0.7349320912451689 0.0134296732422583 0.0019031683954380278
0.013429673242258522 0.2516382355125725 0.734932091245169 0.0019031683954380278
0.7349320912451692 0.013429673242258189 0.2516382355125726 0.0019031683954380278
0.7594462402499254 0.15221198145680942 0.08834177829326523 0.0039581444907566
0.08834177829326473 0.7594462402499258 0.15221198145680948 0.0039581444907566
0.15221198145680903 0.08834177829326495 0.759446240249926 0.0039581444907566
0.15221198145680948 0.7594462402499254 0.08834177829326517 0.0039581444907566
0.08834177829326473 0.15221198145680925 0.759446240249926 0.0039581444907566
0.7594462402499257 0.08834177829326484 0.15221198145680948 0.0039581444907566
0.8559357869948061 0.11114209479403325 0.032922118211160645 0.002163330011917509
0.03292211821116087 0.855935786994806 0.11114209479403314 0.002163330011917509
0.11114209479403292 0.032922118211160756 0.8559357869948063 0.002163330011917509
0.11114209479403314 0.8559357869948062 0.032922118211160645 0.002163330011917509
0.03292211821116042 0.11114209479403325 0.8559357869948063 0.002163330011917509
0.8559357869948057 0.032922118211160645 0.1111420947940337 0.002163330011917509
0.44704918037142216 0.3581500588512504 0.19480076077732744 0.006266741396541837
0.19480076077732777 0.44704918037142183 0.3581500588512504 0.006266741396541837
0.3581500588512503 0.19480076077732733 0.4470491803714224 0.006266741396541837
0.3581500588512504 0.44704918037142216 0.19480076077732744 0.006266741396541837
0.19480076077732728 0.35815005885125034 0.44704918037142244 0.006266741396541837
0.4470491803714217 0.19480076077732777 0.3581500588512505 0.006266741396541837
0.8047391270819582 0.16379985695615024 0.0314610159618916 0.002431470944752813
0.0314610159618921 0.8047391270819582 0.16379985695614974 0.002431470944752813
0.16379985695614963 0.03146101596189166 0.8047391270819587 0.002431470944752813
0.1637998569561503 0.8047391270819582 0.03146101596189155 0.002431470944752813
0.0314610159618911 0.16379985695615018 0.8047391270819587 0.002431470944752813
0.8047391270819583 0.031461015961891436 0.1637998569561503 0.002431470944752813
0.8305189164987995 0.10211277333667457 0.06736831016452594 0.0028265780976024597
0.06736831016452571 0.8305189164987998 0.10211277333667446 0.0028265780976024597
0.1021127733366739 0.06736831016452582 0.8305189164988003 0.0028265780976024597
0.10211277333667446 0.8305189164987996 0.06736831016452594 0.0028265780976024597
0.06736831016452549 0.10211277333667423 0.8305189164988003 0.0028265780976024597
0.8305189164987997 0.06736831016452582 0.10211277333667446 0.0028265780976024597
0.5798790527806756 0.23355570301935158 0.18656524419997278 0.006475356225483298
0.18656524419997267 0.5798790527806758 0.23355570301935158 0.006475356225483298
0.23355570301935125 0.18656524419997256 0.5798790527806762 0.006475356225483298
0.23355570301935158 0.5798790527806756 0.18656524419997278 0.006475356225483298
0.1865652441999724 0.2335557030193514 0.5798790527806763 0.006475356225483298
0.5798790527806756 0.18656524419997278 0.23355570301935158 0.006475356225483298
0.6147000537558934 0.32141646283171155 0.06388348341239503 0.004248482451254188
0.06388348341239525 0.6147000537558933 0.32141646283171144 0.004248482451254188
0.3214164628317112 0.06388348341239514 0.6147000537558936 0.004248482451254188
0.32141646283171144 0.6147000537558935 0.06388348341239503 0.004248482451254188
0.06388348341239514 0.3214164628317112 0.6147000537558936 0.004248482451254188
0.6147000537558932 0.06388348341239514 0.32141646283171166 0.004248482451254188
0.7440925933093376 0.2233361848957126 0.032571221794949756 0.0029100859090622558
0.03257122179495031 0.7440925933093373 0.2233361848957124 0.0029100859090622558
0.22333618489571205 0.03257122179495009 0.7440925933093379 0.0029100859090622558
0.2233361848957126 0.7440925933093376 0.032571221794949756 0.0029100859090622558
0.03257122179494959 0.22333618489571255 0.7440925933093379 0.0029100859090622558
0.7440925933093375 0.032571221794949534 0.22333618489571294 0.0029100859090622558
0.7961383982975221 0.1905881189463201 0.013273482756157806 0.001754394330931411
0.013273482756157695 0.7961383982975218 0.19058811894632055 0.001754394330931411
0.19058811894631988 0.013273482756157917 0.7961383982975222 0.001754394330931411
0.1905881189463201 0.7961383982975221 0.013273482756157806 0.001754394330931411
0.013273482756157418 0.19058811894632038 0.7961383982975223 0.001754394330931411
0.7961383982975216 0.013273482756157806 0.19058811894632055 0.001754394330931411
0.6364103842453923 0.2273558402454794 0.1362337755091283 0.005327814363532582
0.13623377550912807 0.6364103842453922 0.22735584024547972 0.005327814363532582
0.22735584024547928 0.13623377550912807 0.6364103842453926 0.005327814363532582
0.22735584024547928 0.6364103842453924 0.1362337755091283 0.005327814363532582
0.13623377550912796 0.2273558402454794 0.6364103842453926 0.005327814363532582
0.6364103842453921 0.13623377550912819 0.22735584024547972 0.005327814363532582
0.7868391482822822 0.1065804258588593 0.10658042585885852 0.0036960706615538795
0.10658042585885841 0.7868391482822825 0.10658042585885907 0.0036960706615538795
0.1065804258588588 0.1065804258588588 0.7868391482822825 0.0036960706615538795
0.840616699678951 0.15676792278716006 0.0026153775338889074 0.0007117355150533815
0.002615377533889074 0.840616699678951 0.1567679227871599 0.0007117355150533815
0.15676792278715934 0.002615377533889407 0.8406166996789513 0.0007117355150533815
0.15676792278716 0.8406166996789511 0.002615377533888852 0.0007117355150533815
0.002615377533888852 0.1567679227871599 0.8406166996789513 0.0007117355150533815
0.8406166996789507 0.002615377533888741 0.15676792278716056 0.0007117355150533815
0.8524854538080645 0.1340333349867785 0.013481211205156995 0.0015685196181434388
0.013481211205156662 0.8524854538080647 0.1340333349867786 0.0015685196181434388
0.13403333498677794 0.013481211205156995 0.8524854538080651 0.0015685196181434388
0.1340333349867785 0.8524854538080645 0.013481211205156995 0.0015685196181434388
0.01348121120515644 0.1340333349867785 0.8524854538080651 0.0015685196181434388
0.8524854538080646 0.013481211205156773 0.1340333349867786 0.0015685196181434388
0.5123947199023403 0.2957211757454533 0.19188410435220637 0.006909683703385347
0.19188410435220615 0.5123947199023402 0.29572117574545365 0.006909683703385347
0.2957211757454532 0.19188410435220615 0.5123947199023406 0.006909683703385347
0.2957211757454533 0.5123947199023403 0.19188410435220637 0.006909683703385347
0.19188410435220615 0.2957211757454532 0.5123947199023406 0.006909683703385347
0.51239471990234 0.1918841043522061 0.2957211757454539 0.006909683703385347
0.8907334465548298 0.10671927181300073 0.0025472816321694958 0.0006077668893384173
0.0025472816321697733 0.8907334465548299 0.10671927181300034 0.0006077668893384173
0.1067192718129999 0.0025472816321699954 0.8907334465548301 0.0006077668893384173
0.10671927181300067 0.8907334465548298 0.0025472816321695513 0.0006077668893384173
0.0025472816321694403 0.10671927181300045 0.8907334465548301 0.0006077668893384173
0.8907334465548296 0.0025472816321695513 0.1067192718130009 0.0006077668893384173
0.4863962861603238 0.4125664194839166 0.10103729435575959 0.005859906050551804
0.10103729435575975 0.48639628616032377 0.4125664194839164 0.005859906050551804
0.41256641948391654 0.10103729435575953 0.486396286160324 0.005859906050551804
0.4125664194839166 0.4863962861603238 0.10103729435575959 0.005859906050551804
0.10103729435575953 0.41256641948391654 0.4863962861603239 0.005859906050551804
0.4863962861603234 0.10103729435575948 0.41256641948391715 0.005859906050551804
0.4423972758418252 0.3078519829928862 0.24975074116528861 0.007765186040629675
0.24975074116528845 0.4423972758418255 0.30785198299288613 0.007765186040629675
0.3078519829928859 0.24975074116528878 0.44239727584182537 0.007765186040629675
0.3078519829928862 0.4423972758418252 0.24975074116528861 0.007765186040629675
0.24975074116528856 0.30785198299288613 0.44239727584182525 0.007765186040629675
0.4423972758418253 0.2497507411652884 0.3078519829928863 0.007765186040629675
0.8992668260117453 0.08702054869969644 0.013712625288558211 0.0013100408329861123
0.013712625288558322 0.8992668260117455 0.08702054869969622 0.0013100408329861123
0.08702054869969633 0.0137126252885581 0.8992668260117456 0.0013100408329861123
0.08702054869969633 0.8992668260117455 0.013712625288558211 0.0013100408329861123
0.013712625288557767 0.08702054869969666 0.8992668260117456 0.0013100408329861123
0.8992668260117456 0.013712625288557545 0.08702054869969689 0.0013100408329861123
0.6072270728853779 0.3894283316812199 0.0033445954334022088 0.0010570972491722708
0.0033445954334027084 0.6072270728853776 0.3894283316812197 0.0010570972491722708
0.3894283316812194 0.0033445954334023753 0.6072270728853782 0.0010570972491722708
0.38942833168121993 0.6072270728853778 0.0033445954334022643 0.0010570972491722708
0.0033445954334023753 0.3894283316812194 0.6072270728853782 0.0010570972491722708
0.6072270728853776 0.0033445954334024863 0.38942833168121993 0.0010570972491722708
0.37652921785482524 0.31173539107258735 0.31173539107258746 0.00809733760902841
0.3117353910725873 0.3765292178548253 0.3117353910725874 0.00809733760902841
0.3117353910725873 0.3117353910725873 0.3765292178548254 0.00809733760902841
0.6830313992552179 0.26129397031417684 0.05567463043060522 0.0040411976507506026
0.05567463043060494 0.6830313992552179 0.2612939703141771 0.0040411976507506026
0.2612939703141769 0.05567463043060494 0.6830313992552182 0.0040411976507506026
0.2612939703141769 0.6830313992552178 0.055674630430605276 0.0040411976507506026
0.05567463043060489 0.26129397031417695 0.6830313992552182 0.0040411976507506026
0.6830313992552179 0.05567463043060494 0.2612939703141771 0.0040411976507506026
0.9322207082966478 0.06497553310981186 0.0028037585935403175 0.0005242478913459386
0.0028037585935400955 0.9322207082966482 0.06497553310981175 0.0005242478913459386
0.06497553310981274 0.0028037585935415388 0.9322207082966457 0.0005242478913459386
0.06497553310981186 0.9322207082966478 0.0028037585935403175 0.0005242478913459386
0.0028037585935410947 0.06497553310981319 0.9322207082966457 0.0005242478913459386
0.9322207082966478 0.0028037585935398734 0.0649755331098123 0.0005242478913459386
0.631699493824629 0.271950006098131 0.09635050007724 0.005204868006320112
0.09635050007724 0.6316994938246291 0.2719500060981309 0.005204868006320112
0.27195000609813097 0.09635050007723994 0.631699493824629 0.005204868006320112
0.271950006098131 0.631699493824629 0.09635050007724 0.005204868006320112
0.09635050007724 0.2719500060981309 0.6316994938246291 0.005204868006320112
0.6316994938246288 0.09635050007723978 0.27195000609813147 0.005204868006320112
0.6777105291270176 0.29309036427254653 0.029199106600435898 0.0030333113262698756
0.029199106600435898 0.6777105291270179 0.2930903642725462 0.0030333113262698756
0.293090364272546 0.029199106600435898 0.6777105291270181 0.0030333113262698756
0.29309036427254653 0.6777105291270176 0.029199106600435898 0.0030333113262698756
0.029199106600435898 0.293090364272546 0.6777105291270181 0.0030333113262698756
0.6777105291270177 0.029199106600435787 0.29309036427254653 0.0030333113262698756
0.5417606227500114 0.39466482658781943 0.06357455066216922 0.004868552360397874
0.06357455066216877 0.5417606227500117 0.39466482658781954 0.004868552360397874
0.3946648265878191 0.0635745506621691 0.5417606227500118 0.004868552360397874
0.39466482658781943 0.5417606227500114 0.06357455066216922 0.004868552360397874
0.0635745506621691 0.3946648265878191 0.5417606227500118 0.004868552360397874
0.5417606227500117 0.06357455066216877 0.39466482658781954 0.004868552360397874
0.49921920174147366 0.3568522181929827 0.1439285800655437 0.006602872618088955
0.1439285800655435 0.49921920174147355 0.356852218192983 0.006602872618088955
0.35685221819298263 0.14392858006554365 0.4992192017414737 0.006602872618088955
0.35685221819298263 0.4992192017414737 0.14392858006554365 0.006602872618088955
0.14392858006554365 0.35685221819298263 0.4992192017414737 0.006602872618088955
0.49921920174147344 0.1439285800655435 0.35685221819298313 0.006602872618088955
0.5102788482622368 0.24486057586888166 0.24486057586888155 0.007290601052786752
0.24486057586888177 0.5102788482622367 0.24486057586888155 0.007290601052786752
0.2448605758688816 0.2448605758688816 0.5102788482622369 0.007290601052786752
0.5594299486078242 0.34136135163887626 0.09920869975329949 0.005653136688312411
0.09920869975329982 0.5594299486078238 0.3413613516388764 0.005653136688312411
0.3413613516388757 0.09920869975329982 0.5594299486078245 0.005653136688312411
0.34136135163887626 0.5594299486078242 0.09920869975329949 0.005653136688312411
0.09920869975329927 0.34136135163887626 0.5594299486078245 0.005653136688312411
0.5594299486078238 0.09920869975329977 0.34136135163887643 0.005653136688312411
0.5700981374990224 0.2895129410795145 0.14038892142146314 0.006191929012343951
0.14038892142146264 0.5700981374990227 0.28951294107951464 0.006191929012343951
0.28951294107951475 0.14038892142146275 0.5700981374990225 0.006191929012343951
0.2895129410795144 0.5700981374990225 0.1403889214214631 0.006191929012343951
0.14038892142146275 0.28951294107951475 0.5700981374990225 0.006191929012343951
0.5700981374990226 0.14038892142146264 0.28951294107951475 0.006191929012343951
0.6503297083776187 0.1748351458111908 0.17483514581119047 0.0060555267820253675
0.17483514581119053 0.6503297083776185 0.17483514581119097 0.0060555267820253675
0.17483514581119064 0.17483514581119064 0.6503297083776187 0.0060555267820253675
0.4275693341501903 0.4275693341501903 0.1448613316996194 0.006758944639229795
0.14486133169961923 0.42756933415019016 0.4275693341501906 0.006758944639229795
0.42756933415019016 0.14486133169961923 0.4275693341501906 0.006758944639229795
0.37427015667844754 0.37427015667844754 0.2514596866431049 0.007922044576591299
0.25145968664310453 0.3742701566784476 0.37427015667844793 0.007922044576591299
0.37427015667844754 0.2514596866431046 0.3742701566784479 0.007922044576591299
