0.34772445871080937 0.3477244587108095 0.30455108257838115 0.004365138753782742
0.3045510825783809 0.3477244587108095 0.3477244587108096 0.004365138753782742
0.34772445871080926 0.30455108257838104 0.3477244587108097 0.004365138753782742
0.41473206424021697 0.36956729159016627 0.2157006441696167 0.00371993141229671
0.21570064416961682 0.41473206424021686 0.3695672915901664 0.00371993141229671
0.3695672915901659 0.21570064416961687 0.41473206424021725 0.00371993141229671
0.3695672915901662 0.414732064240217 0.21570064416961676 0.00371993141229671
0.21570064416961687 0.3695672915901659 0.41473206424021725 0.00371993141229671
0.41473206424021675 0.21570064416961682 0.3695672915901664 0.00371993141229671
0.583216602084634 0.308481897993362 0.108301499922004 0.0030326109445702057
0.10830149992200377 0.5832166020846339 0.30848189799336234 0.0030326109445702057
0.308481897993362 0.108301499922004 0.583216602084634 0.0030326109445702057
0.308481897993362 0.583216602084634 0.108301499922004 0.0030326109445702057
0.108301499922004 0.308481897993362 0.583216602084634 0.0030326109445702057
0.5832166020846339 0.10830149992200377 0.30848189799336234 0.0030326109445702057
0.6456613180043121 0.3196427292245513 0.03469595277113657 0.001847010864833492
0.03469595277113635 0.6456613180043123 0.3196427292245514 0.001847010864833492
0.3196427292245514 0.03469595277113635 0.6456613180043123 0.001847010864833492
0.31964272922455117 0.6456613180043123 0.03469595277113657 0.001847010864833492
0.03469595277113635 0.3196427292245514 0.6456613180043123 0.001847010864833492
0.6456613180043121 0.03469595277113624 0.3196427292245516 0.001847010864833492
0.37343127125532216 0.37343127125532216 0.2531374574893557 0.003969175045302587
0.25313745748935584 0.3734312712553219 0.3734312712553222 0.003969175045302587
0.3734312712553219 0.25313745748935584 0.37343127125532233 0.003969175045302587
0.9962559654771516 0.0023979705918987237 0.0013460639309497147 2.3772908084865802e-05
0.0013460639309499367 0.9962559654771519 0.0023979705918981686 2.3772908084865802e-05
0.0023979705918972805 0.0013460639309488265 0.9962559654771539 2.3772908084865802e-05
0.0023979705918986127 0.9962559654771517 0.0013460639309497147 2.3772908084865802e-05
0.0013460639309483824 0.0023979705918977245 0.9962559654771539 2.3772908084865802e-05
0.9962559654771521 0.0013460639309491595 0.0023979705918987237 2.3772908084865802e-05
0.6527443981108472 0.32808481780883114 0.01917078408032169 0.0015449674526409683
0.019170784080321246 0.6527443981108474 0.32808481780883136 0.0015449674526409683
0.3280848178088309 0.0191707840803218 0.6527443981108473 0.0015449674526409683
0.32808481780883114 0.6527443981108472 0.01917078408032169 0.0015449674526409683
0.019170784080321357 0.32808481780883136 0.6527443981108473 0.0015449674526409683
0.6527443981108473 0.019170784080321135 0.3280848178088316 0.0015449674526409683
0.40382552641647074 0.31981290827271946 0.2763615653108098 0.005031886982699397
0.2763615653108097 0.40382552641647074 0.3198129082727196 0.005031886982699397
0.31981290827271924 0.2763615653108096 0.4038255264164712 0.005031886982699397
0.31981290827271946 0.40382552641647074 0.2763615653108098 0.005031886982699397
0.2763615653108094 0.3198129082727194 0.40382552641647124 0.005031886982699397
0.40382552641647074 0.2763615653108097 0.3198129082727196 0.005031886982699397
0.8394322302943626 0.15892660136181974 0.0016411683438176117 0.0003887357668009834
0.0016411683438173341 0.8394322302943624 0.15892660136182024 0.0003887357668009834
0.15892660136181957 0.0016411683438175562 0.8394322302943629 0.0003887357668009834
0.15892660136181969 0.8394322302943628 0.0016411683438175562 0.0003887357668009834
0.001641168343817001 0.15892660136182013 0.8394322302943629 0.0003887357668009834
0.8394322302943623 0.0016411683438174451 0.15892660136182024 0.0003887357668009834
0.7504008293814408 0.19627597719723577 0.05332319342132341 0.0022929693353194646
0.053323193421323634 0.7504008293814406 0.19627597719723577 0.0022929693353194646
0.19627597719723533 0.0533231934213233 0.7504008293814414 0.0022929693353194646
0.19627597719723577 0.7504008293814408 0.05332319342132341 0.0022929693353194646
0.0533231934213233 0.19627597719723533 0.7504008293814414 0.0022929693353194646
0.750400829381441 0.05332319342132319 0.19627597719723577 0.0022929693353194646
0.48933905356285334 0.48933905356285345 0.021321892874293202 0.0018221145367845095
0.021321892874293202 0.4893390535628531 0.4893390535628537 0.0018221145367845095
0.4893390535628531 0.021321892874293202 0.4893390535628537 0.0018221145367845095
0.6237289790086799 0.2933421845901819 0.08292883640113824 0.0032590081957709484
0.08292883640113813 0.6237289790086801 0.2933421845901818 0.0032590081957709484
0.29334218459018135 0.08292883640113846 0.6237289790086802 0.0032590081957709484
0.2933421845901818 0.62372897900868 0.08292883640113824 0.0032590081957709484
0.0829288364011379 0.2933421845901819 0.6237289790086802 0.0032590081957709484
0.62372897900868 0.08292883640113813 0.2933421845901819 0.0032590081957709484
0.90317815034972 0.04841092482514009 0.04841092482513987 0.0012114472500649777
0.048410924825139756 0.9031781503497198 0.04841092482514042 0.0012114472500649777
0.04841092482513987 0.048410924825139756 0.9031781503497204 0.0012114472500649777
0.8396809025040487 0.08015954874797582 0.08015954874797548 0.0019309544896270727
0.0801595487479757 0.8396809025040488 0.08015954874797548 0.0019309544896270727
0.08015954874797537 0.08015954874797548 0.8396809025040491 0.0019309544896270727
0.8519536569694209 0.1247273258813979 0.023319017149181165 0.0012994343934015218
0.02331901714918172 0.8519536569694209 0.12472732588139734 0.0012994343934015218
0.12472732588139712 0.023319017149181276 0.8519536569694216 0.0012994343934015218
0.1247273258813979 0.8519536569694209 0.023319017149181165 0.0012994343934015218
0.023319017149181165 0.12472732588139723 0.8519536569694216 0.0012994343934015218
0.851953656969421 0.023319017149181054 0.1247273258813979 0.0012994343934015218
0.5496936600973346 0.31159324594327964 0.1387130939593858 0.004044231799141513
0.1387130939593857 0.5496936600973347 0.31159324594327964 0.004044231799141513
0.3115932459432793 0.13871309395938525 0.5496936600973354 0.004044231799141513
0.31159324594327964 0.5496936600973346 0.1387130939593858 0.004044231799141513
0.13871309395938553 0.3115932459432796 0.549693660097335 0.004044231799141513
0.5496936600973346 0.13871309395938558 0.31159324594327986 0.004044231799141513
0.47909026595921345 0.47909026595921345 0.04181946808157311 0.0026400243756410724
0.041819468081572775 0.4790902659592138 0.47909026595921345 0.0026400243756410724
0.47909026595921345 0.04181946808157255 0.479090265959214 0.0026400243756410724
0.46664241534843465 0.46664241534843476 0.0667151693031306 0.0032841920864060707
0.0667151693031306 0.46664241534843465 0.46664241534843476 0.0032841920864060707
0.46664241534843454 0.0667151693031307 0.46664241534843476 0.0032841920864060707
0.8789179195599968 0.11054144103188085 0.010540639408122388 0.000864479107094517
0.010540639408122554 0.8789179195599965 0.1105414410318809 0.000864479107094517
0.11054144103188024 0.010540639408122332 0.8789179195599974 0.000864479107094517
0.1105414410318808 0.8789179195599969 0.010540639408122332 0.000864479107094517
0.01054063940812211 0.11054144103188113 0.8789179195599968 0.000864479107094517
0.8789179195599965 0.010540639408122554 0.1105414410318809 0.000864479107094517
0.692235553156575 0.297417196275917 0.01034725056750796 0.0012659714364757417
0.010347250567507849 0.6922355531565748 0.29741719627591734 0.0012659714364757417
0.2974171962759168 0.010347250567507849 0.6922355531565754 0.0012659714364757417
0.297417196275917 0.692235553156575 0.01034725056750796 0.0012659714364757417
0.010347250567507293 0.29741719627591734 0.6922355531565754 0.0012659714364757417
0.6922355531565747 0.010347250567507738 0.29741719627591756 0.0012659714364757417
0.6521500596889447 0.29406805865227875 0.053781881658776565 0.002742588595241516
0.05378188165877673 0.6521500596889447 0.2940680586522786 0.002742588595241516
0.29406805865227836 0.05378188165877651 0.6521500596889451 0.002742588595241516
0.2940680586522788 0.6521500596889447 0.05378188165877651 0.002742588595241516
0.0537818816587764 0.2940680586522785 0.6521500596889451 0.002742588595241516
0.6521500596889446 0.05378188165877662 0.2940680586522788 0.002742588595241516
0.818838424373243 0.11140121760631094 0.06976035802044611 0.002115407553665747
0.06976035802044667 0.8188384243732426 0.11140121760631072 0.002115407553665747
0.1114012176063105 0.06976035802044633 0.8188384243732432 0.002115407553665747
0.11140121760631094 0.818838424373243 0.06976035802044611 0.002115407553665747
0.069760358020446 0.11140121760631083 0.8188384243732432 0.002115407553665747
0.8188384243732428 0.06976035802044589 0.11140121760631128 0.002115407553665747
0.5407542433571197 0.4437434538636294 0.015502302779250854 0.0016231545272856853
0.01550230277925091 0.5407542433571199 0.44374345386362923 0.0016231545272856853
0.443743453863629 0.01550230277925102 0.54075424335712 0.0016231545272856853
0.44374345386362946 0.5407542433571197 0.015502302779250798 0.0016231545272856853
0.01550230277925102 0.443743453863629 0.54075424335712 0.0016231545272856853
0.5407542433571195 0.015502302779250687 0.4437434538636298 0.0016231545272856853
0.5927417808117805 0.36763571192940253 0.03962250725881694 0.002541273733405297
0.039622507258816775 0.5927417808117807 0.3676357119294025 0.002541273733405297
0.3676357119294019 0.039622507258817 0.5927417808117811 0.002541273733405297
0.3676357119294025 0.5927417808117805 0.039622507258817 0.002541273733405297
0.03962250725881672 0.36763571192940275 0.5927417808117805 0.002541273733405297
0.5927417808117806 0.039622507258816664 0.3676357119294027 0.002541273733405297
0.9398058801827115 0.04838341889362452 0.011810700923663986 0.0006226354721121741
0.011810700923663986 0.939805880182712 0.048383418893623964 0.0006226354721121741
0.04838341889362385 0.011810700923664097 0.939805880182712 0.0006226354721121741
0.04838341889362452 0.9398058801827115 0.011810700923663986 0.0006226354721121741
0.011810700923663764 0.048383418893624186 0.939805880182712 0.0006226354721121741
0.9398058801827117 0.011810700923663764 0.04838341889362452 0.0006226354721121741
0.5385135616187793 0.42619854603484836 0.03528789234637236 0.0026418403799762717
0.035287892346372196 0.5385135616187793 0.4261985460348485 0.0026418403799762717
0.4261985460348481 0.035287892346372196 0.5385135616187797 0.0026418403799762717
0.4261985460348483 0.5385135616187794 0.03528789234637231 0.0026418403799762717
0.03528789234637214 0.42619854603484814 0.5385135616187797 0.0026418403799762717
0.5385135616187793 0.035287892346372196 0.4261985460348485 0.0026418403799762717
0.5888811994896825 0.34640370750834254 0.06471509300197492 0.003265317102757388
0.06471509300197509 0.5888811994896822 0.3464037075083427 0.003265317102757388
0.34640370750834226 0.0647150930019752 0.5888811994896825 0.003265317102757388
0.3464037075083425 0.5888811994896825 0.06471509300197498 0.003265317102757388
0.06471509300197476 0.3464037075083427 0.5888811994896825 0.003265317102757388
0.5888811994896821 0.06471509300197509 0.3464037075083428 0.003265317102757388
0.9134087843531565 0.07616864407920154 0.010422571567641925 0.0007655145859224189
0.010422571567642258 0.9134087843531565 0.07616864407920121 0.0007655145859224189
0.07616864407919988 0.010422571567640815 0.9134087843531593 0.0007655145859224189
0.07616864407920154 0.9134087843531565 0.010422571567641925 0.0007655145859224189
0.010422571567640482 0.07616864407920021 0.9134087843531593 0.0007655145859224189
0.9134087843531566 0.010422571567641592 0.07616864407920176 0.0007655145859224189
0.4530392764801239 0.31985580598920693 0.2271049175306692 0.00516413609447153
0.22710491753066891 0.45303927648012393 0.3198558059892071 0.00516413609447153
0.31985580598920693 0.22710491753066897 0.4530392764801241 0.00516413609447153
0.3198558059892069 0.45303927648012393 0.22710491753066914 0.00516413609447153
0.22710491753066886 0.31985580598920704 0.4530392764801241 0.00516413609447153
0.45303927648012393 0.22710491753066891 0.3198558059892072 0.00516413609447153
0.8418683619431017 0.11497674997632779 0.04315488808057055 0.0018554389812758382
0.04315488808057044 0.8418683619431016 0.11497674997632801 0.0018554389812758382
0.11497674997632734 0.04315488808057055 0.8418683619431021 0.0018554389812758382
0.11497674997632767 0.8418683619431018 0.04315488808057055 0.0018554389812758382
0.04315488808057011 0.11497674997632779 0.8418683619431021 0.0018554389812758382
0.8418683619431014 0.04315488808057055 0.11497674997632801 0.0018554389812758382
0.7956838642952748 0.1553411874863349 0.04897494821839027 0.0022798100113623097
0.048974948218390546 0.7956838642952746 0.15534118748633485 0.0022798100113623097
0.15534118748633452 0.048974948218390546 0.7956838642952749 0.0022798100113623097
0.15534118748633485 0.7956838642952749 0.04897494821839021 0.0022798100113623097
0.04897494821838999 0.15534118748633508 0.7956838642952749 0.0022798100113623097
0.7956838642952743 0.04897494821839021 0.15534118748633552 0.0022798100113623097
0.8368813116799081 0.15366413947806523 0.009454548842026678 0.0010267946171960878
0.009454548842026789 0.8368813116799079 0.15366413947806534 0.0010267946171960878
0.15366413947806468 0.009454548842026789 0.8368813116799085 0.0010267946171960878
0.15366413947806512 0.8368813116799082 0.009454548842026678 0.0010267946171960878
0.009454548842026234 0.15366413947806523 0.8368813116799085 0.0010267946171960878
0.8368813116799083 0.009454548842026345 0.15366413947806534 0.0010267946171960878
0.9182518733490641 0.07985382077182313 0.0018943058791127676 0.00033284312112662244
0.0018943058791127676 0.918251873349064 0.07985382077182324 0.00033284312112662244
0.07985382077182168 0.0018943058791113243 0.918251873349067 0.00033284312112662244
0.07985382077182313 0.9182518733490641 0.0018943058791127676 0.00033284312112662244
0.0018943058791109912 0.07985382077182201 0.918251873349067 0.00033284312112662244
0.9182518733490641 0.0018943058791121015 0.07985382077182379 0.00033284312112662244
0.9765908510657728 0.011704574467113815 0.011704574467113371 0.0003229449584348157
0.01170457446711326 0.9765908510657734 0.011704574467113371 0.0003229449584348157
0.011704574467114481 0.011704574467114481 0.976590851065771 0.0003229449584348157
0.7901115654677586 0.1978601121285487 0.01202832240369267 0.001215749311451721
0.012028322403692782 0.7901115654677588 0.19786011212854837 0.001215749311451721
0.19786011212854804 0.012028322403693004 0.790111565467759 0.001215749311451721
0.1978601121285486 0.7901115654677587 0.01202832240369267 0.001215749311451721
0.01202832240369256 0.19786011212854848 0.790111565467759 0.001215749311451721
0.7901115654677585 0.01202832240369256 0.19786011212854893 0.001215749311451721
0.6811801518412818 0.3169153803807818 0.0019044677779364028 0.0005893115728956756
0.0019044677779360697 0.6811801518412821 0.3169153803807818 0.0005893115728956756
0.31691538038078115 0.0019044677779362917 0.6811801518412826 0.0005893115728956756
0.3169153803807818 0.6811801518412818 0.0019044677779364028 0.0005893115728956756
0.0019044677779360697 0.31691538038078204 0.6811801518412819 0.0005893115728956756
0.6811801518412819 0.0019044677779359587 0.31691538038078215 0.0005893115728956756
0.8092307990442303 0.16456397716341342 0.026205223792356236 0.0017342658044948596
0.02620522379235679 0.8092307990442297 0.16456397716341353 0.0017342658044948596
0.1645639771634133 0.026205223792356347 0.8092307990442303 0.0017342658044948596
0.1645639771634133 0.8092307990442305 0.026205223792356236 0.0017342658044948596
0.02620522379235629 0.16456397716341337 0.8092307990442305 0.0017342658044948596
0.8092307990442302 0.026205223792356236 0.16456397716341353 0.0017342658044948596
0.5443992424960359 0.36112983597993786 0.09447092152402625 0.004049875075760464
0.09447092152402647 0.5443992424960356 0.361129835979938 0.004049875075760464
0.36112983597993764 0.09447092152402659 0.5443992424960358 0.004049875075760464
0.36112983597993786 0.5443992424960359 0.09447092152402625 0.004049875075760464
0.09447092152402614 0.3611298359799381 0.5443992424960358 0.004049875075760464
0.5443992424960354 0.09447092152402636 0.3611298359799382 0.004049875075760464
0.48385067351198696 0.41982597745422945 0.09632334903378359 0.004274232297712845
0.0963233490337837 0.48385067351198663 0.41982597745422967 0.004274232297712845
0.41982597745422934 0.09632334903378337 0.4838506735119873 0.004274232297712845
0.4198259774542294 0.483850673511987 0.09632334903378353 0.004274232297712845
0.09632334903378337 0.41982597745422934 0.4838506735119873 0.004274232297712845
0.48385067351198663 0.0963233490337837 0.41982597745422967 0.004274232297712845
0.7033344581619092 0.2431752245746634 0.0534903172634274 0.0028335085475802452
0.053490317263427345 0.7033344581619093 0.24317522457466334 0.0028335085475802452
0.243175224574663 0.05349031726342701 0.70333445816191 0.0028335085475802452
0.24317522457466334 0.7033344581619093 0.053490317263427345 0.0028335085475802452
0.05349031726342701 0.243175224574663 0.70333445816191 0.0028335085475802452
0.7033344581619093 0.053490317263427345 0.24317522457466334 0.0028335085475802452
0.7744922982855195 0.14598322311364342 0.07952447860083711 0.002743812545883741
0.07952447860083722 0.7744922982855194 0.14598322311364342 0.002743812545883741
0.1459832231136433 0.07952447860083722 0.7744922982855195 0.002743812545883741
0.14598322311364342 0.7744922982855195 0.07952447860083711 0.002743812545883741
0.07952447860083711 0.14598322311364342 0.7744922982855195 0.002743812545883741
0.7744922982855192 0.07952447860083733 0.14598322311364342 0.002743812545883741
0.961729961950548 0.027239283267980086 0.011030754781471863 0.0004730214563550525
0.011030754781471863 0.9617299619505478 0.027239283267980308 0.0004730214563550525
0.027239283267978864 0.011030754781470975 0.9617299619505502 0.0004730214563550525
0.027239283267980086 0.961729961950548 0.011030754781471863 0.0004730214563550525
0.011030754781470531 0.02723928326797931 0.9617299619505502 0.0004730214563550525
0.9617299619505478 0.011030754781471863 0.027239283267980308 0.0004730214563550525
0.7425000580712426 0.24531370896477872 0.012186232963978638 0.0013733177441610067
0.012186232963978805 0.7425000580712429 0.24531370896477833 0.0013733177441610067
0.2453137089647779 0.012186232963979027 0.7425000580712431 0.0013733177441610067
0.24531370896477867 0.7425000580712426 0.012186232963978694 0.0013733177441610067
0.012186232963978472 0.24531370896477844 0.7425000580712431 0.0013733177441610067
0.7425000580712425 0.012186232963978583 0.2453137089647789 0.0013733177441610067
0.46430697257766196 0.26784651371116897 0.2678465137111691 0.005431046303995107
0.26784651371116897 0.46430697257766196 0.2678465137111691 0.005431046303995107
0.2678465137111687 0.2678465137111688 0.46430697257766246 0.005431046303995107
0.8813325626640697 0.11655421907345265 0.0021132182624776785 0.0004233009914606141
0.0021132182624775675 0.8813325626640697 0.11655421907345276 0.0004233009914606141
0.11655421907345265 0.0021132182624776785 0.8813325626640697 0.0004233009914606141
0.11655421907345309 0.8813325626640692 0.0021132182624776785 0.0004233009914606141
0.0021132182624771234 0.1165542190734532 0.8813325626640697 0.0004233009914606141
0.8813325626640692 0.0021132182624773455 0.11655421907345342 0.0004233009914606141
0.9191953264718844 0.053585682870044504 0.027218990658071096 0.0010664611871638444
0.027218990658071096 0.9191953264718842 0.053585682870044726 0.0010664611871638444
0.05358568287004406 0.027218990658071096 0.9191953264718848 0.0010664611871638444
0.05358568287004495 0.919195326471884 0.027218990658071096 0.0010664611871638444
0.027218990658070763 0.05358568287004439 0.9191953264718848 0.0010664611871638444
0.9191953264718841 0.027218990658071207 0.053585682870044726 0.0010664611871638444
0.888608222837511 0.08513551815001702 0.026256259012472027 0.0013824010733117043
0.026256259012471972 0.8886082228375111 0.08513551815001696 0.0013824010733117043
0.08513551815001641 0.026256259012471972 0.8886082228375116 0.0013824010733117043
0.08513551815001696 0.8886082228375111 0.026256259012471972 0.0013824010733117043
0.02625625901247164 0.08513551815001674 0.8886082228375116 0.0013824010733117043
0.888608222837511 0.026256259012472083 0.08513551815001696 0.0013824010733117043
0.5290322767639961 0.4084926257856332 0.062475097450370665 0.003658511793026997
0.0624750974503705 0.5290322767639966 0.40849262578563295 0.003658511793026997
0.40849262578563295 0.062475097450370054 0.529032276763997 0.003658511793026997
0.40849262578563317 0.5290322767639962 0.06247509745037061 0.003658511793026997
0.06247509745037 0.408492625785633 0.529032276763997 0.003658511793026997
0.5290322767639961 0.062475097450370276 0.4084926257856336 0.003658511793026997
0.44397274502899264 0.3822510450948138 0.17377620987619358 0.00521000485486658
0.17377620987619347 0.44397274502899253 0.382251045094814 0.00521000485486658
0.38225104509481345 0.17377620987619347 0.4439727450289931 0.00521000485486658
0.38225104509481367 0.44397274502899275 0.17377620987619358 0.00521000485486658
0.17377620987619297 0.38225104509481395 0.44397274502899303 0.00521000485486658
0.44397274502899253 0.17377620987619347 0.382251045094814 0.00521000485486658
0.9719768417503413 0.025974032206589337 0.0020491260430693936 0.0002073105605907649
0.0020491260430693936 0.9719768417503415 0.025974032206589115 0.0002073105605907649
0.025974032206588782 0.0020491260430696157 0.9719768417503416 0.0002073105605907649
0.02597403220658867 0.9719768417503419 0.0020491260430693936 0.0002073105605907649
0.0020491260430692826 0.025974032206589115 0.9719768417503416 0.0002073105605907649
0.9719768417503414 0.0020491260430695046 0.025974032206589115 0.0002073105605907649
0.5954207695783935 0.38568918876006447 0.018890041661542012 0.0019583162868631594
0.018890041661541734 0.5954207695783938 0.3856891887600644 0.0019583162868631594
0.385689188760064 0.018890041661541956 0.5954207695783941 0.0019583162868631594
0.3856891887600644 0.5954207695783935 0.018890041661542067 0.0019583162868631594
0.0188900416615414 0.3856891887600645 0.5954207695783941 0.0019583162868631594
0.5954207695783932 0.01889004166154218 0.38568918876006464 0.0019583162868631594
0.7266345676228985 0.19074647943140338 0.08261895294569815 0.0032089225299187585
0.08261895294569843 0.7266345676228986 0.190746479431403 0.0032089225299187585
0.19074647943140266 0.08261895294569854 0.7266345676228988 0.0032089225299187585
0.19074647943140344 0.7266345676228984 0.08261895294569821 0.0032089225299187585
0.0826189529456981 0.1907464794314031 0.7266345676228988 0.0032089225299187585
0.7266345676228982 0.08261895294569821 0.19074647943140355 0.0032089225299187585
0.948405391608395 0.04931465160485193 0.002279956786753079 0.00031441515461318534
0.002279956786753301 0.9484053916083953 0.04931465160485138 0.00031441515461318534
0.049314651604852155 0.002279956786753967 0.9484053916083939 0.00031441515461318534
0.04931465160485182 0.9484053916083951 0.002279956786753079 0.00031441515461318534
0.002279956786753523 0.0493146516048526 0.9484053916083939 0.00031441515461318534
0.9484053916083951 0.002279956786752968 0.04931465160485193 0.00031441515461318534
0.5687452023816506 0.42648254549804665 0.004772252120302745 0.0010785145551204076
0.004772252120302745 0.5687452023816508 0.42648254549804643 0.0010785145551204076
0.4264825454980463 0.0047722521203023005 0.5687452023816514 0.0010785145551204076
0.42648254549804665 0.5687452023816506 0.004772252120302745 0.0010785145551204076
0.0047722521203025225 0.42648254549804665 0.5687452023816508 0.0010785145551204076
0.5687452023816505 0.0047722521203025225 0.426482545498047 0.0010785145551204076
0.7324328909178469 0.15136475267056493 0.11620235641158816 0.0036004269766152126
0.11620235641158794 0.7324328909178469 0.15136475267056515 0.0036004269766152126
0.15136475267056476 0.11620235641158788 0.7324328909178472 0.0036004269766152126
0.15136475267056493 0.7324328909178469 0.11620235641158816 0.0036004269766152126
0.11620235641158766 0.15136475267056498 0.7324328909178472 0.0036004269766152126
0.7324328909178469 0.11620235641158794 0.15136475267056515 0.0036004269766152126
0.6733891753666464 0.2410855603909864 0.08552526424236717 0.003661191417842619
0.08552526424236662 0.6733891753666467 0.24108556039098672 0.003661191417842619
0.2410855603909861 0.08552526424236712 0.6733891753666468 0.003661191417842619
0.2410855603909864 0.6733891753666464 0.08552526424236717 0.003661191417842619
0.08552526424236662 0.2410855603909866 0.6733891753666468 0.003661191417842619
0.6733891753666466 0.08552526424236667 0.24108556039098678 0.003661191417842619
0.7581870004717137 0.21203621120547972 0.029776788322806558 0.002161712313875081
0.029776788322806835 0.7581870004717137 0.21203621120547944 0.002161712313875081
0.21203621120547955 0.029776788322806502 0.758187000471714 0.002161712313875081
0.21203621120547966 0.7581870004717137 0.029776788322806613 0.002161712313875081
0.029776788322806502 0.21203621120547955 0.758187000471714 0.002161712313875081
0.7581870004717134 0.029776788322806502 0.2120362112054801 0.002161712313875081
0.8724044348798747 0.07734202808425372 0.05025353703587154 0.0018010562763861814
0.05025353703587154 0.8724044348798746 0.07734202808425383 0.0018010562763861814
0.07734202808425328 0.05025353703587143 0.8724044348798753 0.0018010562763861814
0.07734202808425361 0.8724044348798748 0.05025353703587154 0.0018010562763861814
0.05025353703587088 0.07734202808425383 0.8724044348798753 0.0018010562763861814
0.8724044348798751 0.0502535370358711 0.07734202808425383 0.0018010562763861814
0.5177727692431142 0.2659270236545312 0.2163002071023546 0.00544755929427588
0.2163002071023543 0.5177727692431144 0.26592702365453125 0.00544755929427588
0.265927023654531 0.21630020710235426 0.5177727692431147 0.00544755929427588
0.26592702365453114 0.5177727692431142 0.21630020710235465 0.00544755929427588
0.21630020710235404 0.26592702365453125 0.5177727692431147 0.00544755929427588
0.5177727692431141 0.2163002071023541 0.2659270236545318 0.00544755929427588
0.5737234550396182 0.21313827248019113 0.21313827248019068 0.005152560544483813
0.21313827248019068 0.5737234550396186 0.21313827248019068 0.005152560544483813
0.21313827248019068 0.21313827248019068 0.5737234550396186 0.005152560544483813
0.9874036799114875 0.010278112404035533 0.0023182076844769917 0.00013978520152437216
0.0023182076844774357 0.9874036799114875 0.010278112404035089 0.00013978520152437216
0.010278112404034201 0.0023182076844766586 0.9874036799114891 0.00013978520152437216
0.010278112404034867 0.9874036799114881 0.0023182076844769917 0.00013978520152437216
0.0023182076844762145 0.010278112404034645 0.9874036799114891 0.00013978520152437216
0.9874036799114877 0.0023182076844766586 0.010278112404035644 0.00013978520152437216
0.4336266613666111 0.4336266613666111 0.1327466772667778 0.004993005149941837
0.1327466772667779 0.433626661366611 0.4336266613666111 0.004993005149941837
0.43362666136661093 0.13274667726677797 0.43362666136661115 0.004993005149941837
0.6298211317204231 0.363748680489815 0.006430187789761899 0.0011962011851953016
0.0064301877897614546 0.6298211317204234 0.3637486804898151 0.0011962011851953016
0.3637486804898148 0.006430187789761677 0.6298211317204235 0.0011962011851953016
0.363748680489815 0.6298211317204231 0.006430187789761899 0.0011962011851953016
0.006430187789761732 0.36374868048981474 0.6298211317204236 0.0011962011851953016
0.6298211317204232 0.0064301877897613435 0.36374868048981546 0.0011962011851953016
0.49706867982781466 0.36982020510671376 0.13311111506547157 0.004952565823583585
0.13311111506547102 0.4970686798278151 0.3698202051067139 0.004952565823583585
0.36982020510671343 0.13311111506547146 0.4970686798278151 0.004952565823583585
0.36982020510671365 0.4970686798278148 0.13311111506547157 0.004952565823583585
0.1331111150654714 0.3698202051067135 0.49706867982781516 0.004952565823583585
0.49706867982781505 0.13311111506547108 0.36982020510671393 0.004952565823583585
0.6801981711189222 0.15990091444053922 0.15990091444053856 0.004243498491854166
0.1599009144405389 0.680198171118922 0.1599009144405391 0.004243498491854166
0.15990091444053883 0.15990091444053883 0.6801981711189224 0.004243498491854166
0.9438726730146436 0.028063663492678637 0.02806366349267775 0.0008876005610246192
0.028063663492678304 0.9438726730146434 0.028063663492678304 0.0008876005610246192
0.02806366349267886 0.02806366349267886 0.9438726730146423 0.0008876005610246192
0.5695106590028953 0.26223685562554144 0.16825248537156323 0.005055205873896422
0.16825248537156268 0.5695106590028955 0.2622368556255418 0.005055205873896422
0.2622368556255414 0.168252485371563 0.5695106590028955 0.005055205873896422
0.26223685562554133 0.5695106590028954 0.16825248537156323 0.005055205873896422
0.16825248537156273 0.26223685562554166 0.5695106590028955 0.005055205873896422
0.5695106590028955 0.16825248537156262 0.26223685562554183 0.005055205873896422
0.7917570821001612 0.20586527419899908 0.00237764370083976 0.0006055910618992039
0.0023776437008399265 0.7917570821001609 0.20586527419899914 0.0006055910618992039
0.20586527419899836 0.0023776437008404816 0.7917570821001612 0.0006055910618992039
0.20586527419899914 0.791757082100161 0.0023776437008398155 0.0006055910618992039
0.0023776437008399265 0.20586527419899892 0.7917570821001612 0.0006055910618992039
0.7917570821001609 0.0023776437008399265 0.20586527419899914 0.0006055910618992039
0.499663523846094 0.32106129923917115 0.17927517691473482 0.005357790210923724
0.17927517691473488 0.49966352384609386 0.3210612992391712 0.005357790210923724
0.3210612992391707 0.17927517691473482 0.49966352384609447 0.005357790210923724
0.32106129923917104 0.49966352384609414 0.17927517691473482 0.005357790210923724
0.1792751769147351 0.3210612992391711 0.49966352384609375 0.005357790210923724
0.4996635238460938 0.17927517691473482 0.32106129923917137 0.005357790210923724
0.7045277230351699 0.26700892535281096 0.028463351612019183 0.002365535224500266
0.02846335161201896 0.7045277230351699 0.2670089253528112 0.002365535224500266
0.26700892535281084 0.02846335161201896 0.7045277230351702 0.002365535224500266
0.26700892535281084 0.70452772303517 0.028463351612019183 0.002365535224500266
0.028463351612018906 0.2670089253528109 0.7045277230351701 0.002365535224500266
0.70452772303517 0.02846335161201885 0.2670089253528112 0.002365535224500266
0.7391689918977531 0.2586045410103511 0.002226467091895834 0.0006361760556449739
0.0022264670918958895 0.7391689918977529 0.25860454101035124 0.0006361760556449739
0.2586045410103508 0.0022264670918957785 0.7391689918977534 0.0006361760556449739
0.258604541010351 0.7391689918977531 0.0022264670918958895 0.0006361760556449739
0.0022264670918957785 0.2586045410103508 0.7391689918977534 0.0006361760556449739
0.7391689918977529 0.0022264670918958895 0.25860454101035124 0.0006361760556449739
0.6800108677503902 0.19962476267736023 0.12036436957224955 0.004116779431758366
0.12036436957224972 0.6800108677503898 0.1996247626773605 0.004116779431758366
0.19962476267736018 0.12036436957224939 0.6800108677503904 0.004116779431758366
0.19962476267736018 0.6800108677503902 0.12036436957224961 0.004116779431758366
0.12036436957224927 0.1996247626773603 0.6800108677503904 0.004116779431758366
0.6800108677503902 0.12036436957224922 0.19962476267736057 0.004116779431758366
0.6267746739288776 0.20889086438440663 0.16433446168671573 0.004743566170172457
0.16433446168671584 0.6267746739288779 0.2088908643844063 0.004743566170172457
0.20889086438440607 0.1643344616867154 0.6267746739288785 0.004743566170172457
0.20889086438440663 0.6267746739288776 0.16433446168671573 0.004743566170172457
0.1643344616867155 0.20889086438440652 0.626774673928878 0.004743566170172457
0.6267746739288781 0.16433446168671506 0.20889086438440685 0.004743566170172457
0.783905741515388 0.10804712924230608 0.10804712924230586 0.0031739283489719276
0.10804712924230608 0.783905741515388 0.10804712924230586 0.0031739283489719276
0.10804712924230586 0.10804712924230586 0.7839057415153883 0.0031739283489719276
0.6227789405605142 0.2533336006018092 0.1238874588376766 0.004602267425148184
0.12388745883767649 0.6227789405605145 0.253333600601809 0.004602267425148184
0.25333360060180854 0.12388745883767649 0.622778940560515 0.004602267425148184
0.2533336006018092 0.6227789405605142 0.1238874588376766 0.004602267425148184
0.12388745883767677 0.2533336006018088 0.6227789405605144 0.004602267425148184
0.6227789405605145 0.12388745883767649 0.253333600601809 0.004602267425148184
0.497175637238466 0.4971756372384661 0.005648725523067999 0.0012950799113895673
0.005648725523067832 0.4971756372384658 0.49717563723846636 0.0012950799113895673
0.4971756372384658 0.005648725523067832 0.49717563723846636 0.0012950799113895673
0.5360438668640493 0.4637961227465663 0.00016001038938445733 0.00023500892248057525
0.00016001038938417977 0.5360438668640493 0.46379612274656656 0.00023500892248057525
0.46379612274656623 0.00016001038938417977 0.5360438668640496 0.00023500892248057525
0.46379612274656623 0.5360438668640494 0.00016001038938440182 0.00023500892248057525
0.00016001038938417977 0.46379612274656623 0.5360438668640496 0.00023500892248057525
0.5360438668640491 0.0001600103893842908 0.46379612274656656 0.00023500892248057525
0.6161736917477096 0.3837177990505467 0.00010850920174365619 0.00023987367893110907
0.00010850920174376721 0.6161736917477098 0.3837177990505465 0.00023987367893110907
0.38371779905054637 0.00010850920174343415 0.6161736917477102 0.00023987367893110907
0.3837177990505467 0.6161736917477096 0.00010850920174365619 0.00023987367893110907
0.00010850920174337864 0.3837177990505464 0.6161736917477101 0.00023987367893110907
0.6161736917477096 0.00010850920174365619 0.3837177990505467 0.00023987367893110907
