0.8312942125952764 0.16717783835571032 0.0015279490490133218 0.0003775523678535696
0.0015279490490132108 0.8312942125952762 0.16717783835571054 0.0003775523678535696
0.1671778383557101 0.0015279490490132108 0.8312942125952767 0.0003775523678535696
0.16717783835571032 0.8312942125952764 0.0015279490490133218 0.0003775523678535696
0.0015279490490126557 0.16717783835571065 0.8312942125952767 0.0003775523678535696
0.8312942125952762 0.0015279490490132108 0.16717783835571054 0.0003775523678535696
0.6135500780826215 0.3714780994452375 0.014971822472140961 0.0015516849698550337
0.014971822472140683 0.6135500780826217 0.3714780994452376 0.0015516849698550337
0.371478099445237 0.014971822472141127 0.6135500780826219 0.0015516849698550337
0.37147809944523746 0.6135500780826215 0.014971822472141016 0.0015516849698550337
0.014971822472141016 0.37147809944523713 0.6135500780826219 0.0015516849698550337
0.6135500780826211 0.014971822472141127 0.3714780994452378 0.0015516849698550337
0.8341718564884987 0.15902388471237372 0.006804258799127605 0.0008644145607465916
0.006804258799127716 0.8341718564884987 0.1590238847123736 0.0008644145607465916
0.15902388471237328 0.006804258799127383 0.8341718564884993 0.0008644145607465916
0.15902388471237372 0.8341718564884987 0.006804258799127605 0.0008644145607465916
0.006804258799127605 0.1590238847123736 0.8341718564884988 0.0008644145607465916
0.8341718564884987 0.006804258799127716 0.1590238847123736 0.0008644145607465916
0.9184680923701786 0.0462179329282667 0.03531397470155473 0.0009971849318731645
0.03531397470155484 0.9184680923701789 0.04621793292826626 0.0009971849318731645
0.046217932928265815 0.03531397470155451 0.9184680923701797 0.0009971849318731645
0.04621793292826659 0.9184680923701787 0.03531397470155473 0.0009971849318731645
0.03531397470155395 0.04621793292826637 0.9184680923701797 0.0009971849318731645
0.918468092370179 0.035313974701554174 0.046217932928266814 0.0009971849318731645
0.8835508461723147 0.11486516738008068 0.0015839864476046017 0.0004090770312980464
0.0015839864476046017 0.8835508461723148 0.11486516738008057 0.0004090770312980464
0.11486516738008024 0.0015839864476042687 0.8835508461723155 0.0004090770312980464
0.11486516738008068 0.8835508461723147 0.0015839864476046017 0.0004090770312980464
0.0015839864476044907 0.11486516738008057 0.8835508461723149 0.0004090770312980464
0.8835508461723144 0.0015839864476044907 0.11486516738008112 0.0004090770312980464
0.6442373197308036 0.3342460081847145 0.021516672084481936 0.0020436671600844295
0.021516672084481825 0.6442373197308037 0.3342460081847145 0.0020436671600844295
0.3342460081847145 0.021516672084481603 0.6442373197308039 0.0020436671600844295
0.3342460081847145 0.6442373197308036 0.021516672084481936 0.0020436671600844295
0.021516672084481492 0.3342460081847146 0.6442373197308039 0.0020436671600844295
0.6442373197308036 0.021516672084481714 0.3342460081847147 0.0020436671600844295
0.9256035733590471 0.07237116494839013 0.0020252616925627853 0.000412644332627622
0.0020252616925631184 0.9256035733590472 0.07237116494838969 0.000412644332627622
0.07237116494838969 0.0020252616925633404 0.925603573359047 0.000412644332627622
0.07237116494839013 0.9256035733590471 0.0020252616925627853 0.000412644332627622
0.0020252616925628963 0.07237116494839013 0.925603573359047 0.000412644332627622
0.9256035733590469 0.0020252616925628963 0.07237116494839024 0.000412644332627622
0.7609545495861247 0.22368424666478864 0.015361203749086616 0.0019146967543968317
0.01536120374908645 0.7609545495861245 0.22368424666478903 0.0019146967543968317
0.2236842466647886 0.01536120374908656 0.7609545495861249 0.0019146967543968317
0.2236842466647887 0.7609545495861246 0.015361203749086672 0.0019146967543968317
0.01536120374908656 0.2236842466647886 0.7609545495861249 0.0019146967543968317
0.7609545495861244 0.01536120374908656 0.22368424666478903 0.0019146967543968317
0.8787050390615001 0.11112901699058508 0.010165943947914813 0.0011640031359899394
0.010165943947915035 0.8787050390615002 0.11112901699058475 0.0011640031359899394
0.11112901699058475 0.010165943947914702 0.8787050390615005 0.0011640031359899394
0.11112901699058497 0.8787050390615002 0.010165943947914813 0.0011640031359899394
0.010165943947914702 0.11112901699058475 0.8787050390615005 0.0011640031359899394
0.8787050390614998 0.010165943947914924 0.1111290169905853 0.0011640031359899394
0.6935416044083799 0.2764445418077909 0.03001385378382926 0.002918673710652371
0.030013853783829036 0.6935416044083801 0.2764445418077909 0.002918673710652371
0.2764445418077903 0.03001385378382937 0.6935416044083803 0.002918673710652371
0.2764445418077909 0.6935416044083799 0.03001385378382926 0.002918673710652371
0.030013853783828814 0.2764445418077909 0.6935416044083803 0.002918673710652371
0.6935416044083799 0.030013853783828925 0.2764445418077912 0.002918673710652371
0.8117666018943026 0.1692633554656756 0.018970042640021778 0.0019423381723223541
0.018970042640021556 0.8117666018943026 0.16926335546567584 0.0019423381723223541
0.1692633554656755 0.018970042640021445 0.811766601894303 0.0019423381723223541
0.1692633554656756 0.8117666018943026 0.018970042640021778 0.0019423381723223541
0.018970042640020945 0.169263355465676 0.811766601894303 0.0019423381723223541
0.8117666018943026 0.018970042640021556 0.16926335546567584 0.0019423381723223541
0.8536082605291145 0.11965095524875868 0.02674078422212678 0.00204371606423298
0.02674078422212678 0.8536082605291148 0.11965095524875846 0.00204371606423298
0.11965095524875802 0.026740784222127112 0.8536082605291149 0.00204371606423298
0.11965095524875857 0.8536082605291146 0.02674078422212678 0.00204371606423298
0.026740784222126723 0.1196509552487584 0.8536082605291149 0.00204371606423298
0.8536082605291148 0.02674078422212678 0.11965095524875846 0.00204371606423298
0.7161270841771938 0.28301909712926887 0.0008538186935372893 0.00045617885843488905
0.0008538186935376224 0.7161270841771936 0.28301909712926876 0.00045617885843488905
0.2830190971292684 0.0008538186935372893 0.7161270841771943 0.00045617885843488905
0.28301909712926887 0.7161270841771938 0.0008538186935372893 0.00045617885843488905
0.0008538186935373449 0.28301909712926837 0.7161270841771943 0.00045617885843488905
0.7161270841771935 0.0008538186935375114 0.283019097129269 0.00045617885843488905
0.9173369798048715 0.07040455015114655 0.01225847004398195 0.0011181526506985244
0.012258470043981728 0.9173369798048718 0.07040455015114644 0.0011181526506985244
0.07040455015114566 0.012258470043980951 0.9173369798048734 0.0011181526506985244
0.07040455015114644 0.9173369798048716 0.01225847004398195 0.0011181526506985244
0.012258470043980618 0.070404550151146 0.9173369798048734 0.0011181526506985244
0.9173369798048715 0.012258470043981506 0.070404550151147 0.0011181526506985244
0.7463578541350909 0.21647209875141205 0.03717004711349703 0.0030364724116123693
0.03717004711349703 0.746357854135091 0.21647209875141193 0.0030364724116123693
0.21647209875141193 0.03717004711349703 0.746357854135091 0.0030364724116123693
0.21647209875141193 0.746357854135091 0.03717004711349703 0.0030364724116123693
0.03717004711349703 0.21647209875141193 0.746357854135091 0.0030364724116123693
0.7463578541350907 0.03717004711349681 0.2164720987514125 0.0030364724116123693
0.8908789177732702 0.07692688156325922 0.03219420066347056 0.0019401856791114054
0.03219420066347056 0.8908789177732707 0.07692688156325878 0.0019401856791114054
0.07692688156325866 0.03219420066347067 0.8908789177732707 0.0019401856791114054
0.07692688156325866 0.8908789177732708 0.03219420066347056 0.0019401856791114054
0.03219420066347023 0.07692688156325911 0.8908789177732707 0.0019401856791114054
0.8908789177732703 0.03219420066347034 0.07692688156325933 0.0019401856791114054
0.5618451152501331 0.4292227320385512 0.008932152711315644 0.0019149234843929515
0.0089321527113152 0.5618451152501334 0.42922273203855144 0.0019149234843929515
0.4292227320385512 0.0089321527113152 0.5618451152501336 0.0019149234843929515
0.4292227320385512 0.5618451152501331 0.008932152711315644 0.0019149234843929515
0.0089321527113152 0.4292227320385512 0.5618451152501336 0.0019149234843929515
0.5618451152501333 0.008932152711315311 0.42922273203855144 0.0019149234843929515
0.9685925092724135 0.015703745363793487 0.015703745363793042 0.0006256066196748504
0.01570374536379293 0.968592509272414 0.015703745363793042 0.0006256066196748504
0.015703745363794153 0.015703745363794153 0.9685925092724117 0.0006256066196748504
0.41222007420511386 0.29388996289744296 0.2938899628974432 0.008594528958986807
0.29388996289744285 0.412220074205114 0.2938899628974432 0.008594528958986807
0.2938899628974431 0.2938899628974431 0.4122200742051137 0.008594528958986807
0.37010286842374174 0.37010286842374174 0.2597942631525165 0.008599332341561986
0.25979426315251664 0.3701028684237416 0.37010286842374174 0.008599332341561986
0.37010286842374157 0.2597942631525166 0.3701028684237419 0.008599332341561986
0.4508068598872957 0.32514792488520466 0.2240452152274997 0.00823213405622756
0.22404521522749954 0.4508068598872955 0.32514792488520494 0.00823213405622756
0.32514792488520483 0.22404521522749976 0.4508068598872954 0.00823213405622756
0.32514792488520516 0.4508068598872952 0.22404521522749965 0.00823213405622756
0.22404521522749982 0.3251479248852048 0.45080685988729535 0.00823213405622756
0.4508068598872955 0.22404521522749954 0.32514792488520494 0.00823213405622756
0.5341010727223883 0.27827271028693634 0.1876262169906754 0.007539520485870216
0.18762621699067572 0.5341010727223878 0.27827271028693645 0.007539520485870216
0.278272710286936 0.1876262169906754 0.5341010727223886 0.007539520485870216
0.27827271028693634 0.5341010727223883 0.1876262169906754 0.007539520485870216
0.1876262169906756 0.27827271028693634 0.534101072722388 0.007539520485870216
0.5341010727223877 0.18762621699067572 0.27827271028693656 0.007539520485870216
0.705031225157422 0.28521025351871 0.009758521323868008 0.0018551746248726777
0.009758521323868008 0.705031225157422 0.28521025351871 0.0018551746248726777
0.2852102535187099 0.009758521323868008 0.7050312251574221 0.0018551746248726777
0.28521025351871 0.705031225157422 0.009758521323868008 0.0018551746248726777
0.009758521323867897 0.28521025351871 0.7050312251574221 0.0018551746248726777
0.7050312251574218 0.009758521323867897 0.2852102535187103 0.0018551746248726777
0.6685680775484952 0.2727256318298313 0.058706290621673485 0.00440482137416806
0.05870629062167365 0.6685680775484956 0.2727256318298308 0.00440482137416806
0.27272563182983056 0.05870629062167365 0.6685680775484958 0.00440482137416806
0.2727256318298312 0.6685680775484953 0.05870629062167343 0.00440482137416806
0.058706290621673096 0.2727256318298311 0.6685680775484958 0.00440482137416806
0.6685680775484952 0.05870629062167332 0.27272563182983145 0.00440482137416806
0.5537884055426004 0.41546959477123946 0.030741999686160093 0.0038072050061858944
0.030741999686160093 0.5537884055426002 0.4154695947712397 0.0038072050061858944
0.415469594771239 0.030741999686160093 0.5537884055426009 0.0038072050061858944
0.41546959477123946 0.5537884055426004 0.030741999686160093 0.0038072050061858944
0.030741999686160315 0.41546959477123935 0.5537884055426003 0.0038072050061858944
0.5537884055426001 0.030741999686160204 0.4154695947712397 0.0038072050061858944
0.7761657998291808 0.22057744653370892 0.00325675363711031 0.0009694445790545422
0.003256753637110421 0.7761657998291804 0.22057744653370914 0.0009694445790545422
0.22057744653370892 0.003256753637109866 0.7761657998291812 0.0009694445790545422
0.2205774465337088 0.7761657998291809 0.00325675363711031 0.0009694445790545422
0.003256753637109866 0.22057744653370892 0.7761657998291812 0.0009694445790545422
0.7761657998291809 0.003256753637109977 0.22057744653370914 0.0009694445790545422
0.6119267566451521 0.3428856203943591 0.04518762296048884 0.004224080333480777
0.04518762296048906 0.6119267566451521 0.3428856203943589 0.004224080333480777
0.3428856203943583 0.04518762296048939 0.6119267566451523 0.004224080333480777
0.3428856203943591 0.6119267566451521 0.04518762296048884 0.004224080333480777
0.04518762296048884 0.3428856203943589 0.6119267566451523 0.004224080333480777
0.611926756645152 0.04518762296048906 0.342885620394359 0.004224080333480777
0.617677629164263 0.23150386061168005 0.1508185102240569 0.006619325552940445
0.1508185102240568 0.6176776291642628 0.23150386061168038 0.006619325552940445
0.23150386061167993 0.15081851022405668 0.6176776291642634 0.006619325552940445
0.23150386061168005 0.617677629164263 0.1508185102240569 0.006619325552940445
0.1508185102240564 0.2315038606116802 0.6176776291642634 0.006619325552940445
0.6176776291642627 0.15081851022405685 0.23150386061168043 0.006619325552940445
0.9452246129976022 0.038101712964918266 0.016673674037479547 0.0010014072888268354
0.01667367403747999 0.9452246129976021 0.03810171296491793 0.0010014072888268354
0.038101712964918044 0.016673674037480102 0.9452246129976019 0.0010014072888268354
0.038101712964918155 0.9452246129976023 0.016673674037479547 0.0010014072888268354
0.01667367403747977 0.03810171296491838 0.9452246129976019 0.0010014072888268354
0.9452246129976016 0.01667367403747977 0.0381017129649186 0.0010014072888268354
0.4850036493442885 0.3528911085101676 0.1621052421455439 0.007556311074521493
0.16210524214554412 0.4850036493442881 0.3528911085101678 0.007556311074521493
0.3528911085101677 0.16210524214554367 0.48500364934428863 0.007556311074521493
0.3528911085101676 0.4850036493442885 0.1621052421455439 0.007556311074521493
0.16210524214554367 0.3528911085101677 0.48500364934428863 0.007556311074521493
0.4850036493442881 0.162105242145544 0.3528911085101679 0.007556311074521493
0.5353980699804888 0.4000760699195809 0.06452586009993033 0.0052987050439936125
0.06452586009993055 0.5353980699804886 0.4000760699195809 0.0052987050439936125
0.4000760699195811 0.06452586009993011 0.5353980699804888 0.0052987050439936125
0.40007606991958133 0.5353980699804883 0.06452586009993033 0.0052987050439936125
0.06452586009993011 0.4000760699195811 0.5353980699804888 0.0052987050439936125
0.5353980699804882 0.06452586009993022 0.40007606991958156 0.0052987050439936125
0.6978359629848934 0.18778434154653734 0.1143796954685693 0.005554689796128414
0.11437969546856908 0.697835962984893 0.1877843415465379 0.005554689796128414
0.1877843415465374 0.11437969546856913 0.6978359629848934 0.005554689796128414
0.18778434154653734 0.6978359629848934 0.1143796954685693 0.005554689796128414
0.11437969546856885 0.18778434154653767 0.6978359629848935 0.005554689796128414
0.6978359629848929 0.11437969546856913 0.18778434154653795 0.005554689796128414
0.7230510664568769 0.20737693769034105 0.06957199585278206 0.00450598456094944
0.06957199585278195 0.7230510664568771 0.20737693769034093 0.00450598456094944
0.20737693769034105 0.06957199585278195 0.723051066456877 0.00450598456094944
0.20737693769034093 0.723051066456877 0.06957199585278206 0.00450598456094944
0.06957199585278195 0.20737693769034105 0.723051066456877 0.00450598456094944
0.7230510664568768 0.06957199585278173 0.2073769376903415 0.00450598456094944
0.8361618100730817 0.10780383022637574 0.0560343597005426 0.0031131351389202862
0.05603435970054271 0.8361618100730819 0.10780383022637541 0.0031131351389202862
0.1078038302263753 0.05603435970054271 0.836161810073082 0.0031131351389202862
0.10780383022637563 0.8361618100730818 0.0560343597005426 0.0031131351389202862
0.05603435970054205 0.1078038302263753 0.8361618100730827 0.0031131351389202862
0.8361618100730823 0.05603435970054227 0.10780383022637541 0.0031131351389202862
0.7705088681427068 0.14790146607312588 0.08158966578416732 0.004389838216202685
0.08158966578416704 0.770508868142707 0.14790146607312593 0.004389838216202685
0.1479014660731257 0.08158966578416693 0.7705088681427074 0.004389838216202685
0.14790146607312582 0.7705088681427069 0.08158966578416726 0.004389838216202685
0.08158966578416665 0.147901466073126 0.7705088681427075 0.004389838216202685
0.7705088681427067 0.08158966578416671 0.1479014660731266 0.004389838216202685
0.7953280578174169 0.16004266841135878 0.04462927377122433 0.003238552372082918
0.04462927377122472 0.7953280578174167 0.1600426684113586 0.003238552372082918
0.1600426684113585 0.0446292737712245 0.795328057817417 0.003238552372082918
0.16004266841135872 0.7953280578174169 0.04462927377122439 0.003238552372082918
0.0446292737712245 0.1600426684113585 0.795328057817417 0.003238552372082918
0.7953280578174163 0.0446292737712245 0.16004266841135917 0.003238552372082918
0.5133314537120108 0.3778766696887719 0.10879187659921724 0.0065742981116095126
0.10879187659921752 0.5133314537120104 0.3778766696887721 0.0065742981116095126
0.3778766696887722 0.10879187659921719 0.5133314537120106 0.0065742981116095126
0.37787666968877187 0.5133314537120109 0.10879187659921719 0.0065742981116095126
0.10879187659921719 0.3778766696887722 0.5133314537120106 0.0065742981116095126
0.5133314537120104 0.10879187659921735 0.37787666968877226 0.0065742981116095126
0.49460737029558677 0.25269631485220667 0.25269631485220656 0.008039135599321436
0.2526963148522067 0.4946073702955867 0.2526963148522065 0.008039135599321436
0.25269631485220656 0.25269631485220667 0.49460737029558677 0.008039135599321436
0.9575704817506674 0.03922336966480855 0.00320614858452406 0.0004619375803746543
0.003206148584524393 0.9575704817506674 0.039223369664808216 0.0004619375803746543
0.039223369664807106 0.003206148584523394 0.9575704817506695 0.0004619375803746543
0.03922336966480844 0.9575704817506675 0.00320614858452406 0.0004619375803746543
0.00320614858452295 0.03922336966480755 0.9575704817506695 0.0004619375803746543
0.9575704817506672 0.00320614858452406 0.03922336966480877 0.0004619375803746543
0.592719006863943 0.3243044450771379 0.08297654805891913 0.005620329862269625
0.08297654805891885 0.592719006863943 0.3243044450771382 0.005620329862269625
0.32430444507713785 0.08297654805891885 0.5927190068639433 0.005620329862269625
0.32430444507713785 0.592719006863943 0.08297654805891919 0.005620329862269625
0.08297654805891885 0.32430444507713785 0.5927190068639433 0.005620329862269625
0.5927190068639429 0.08297654805891874 0.3243044450771384 0.005620329862269625
0.5788457409703913 0.2105771295148044 0.21057712951480428 0.007211823594908876
0.21057712951480445 0.5788457409703913 0.21057712951480423 0.007211823594908876
0.21057712951480423 0.21057712951480423 0.5788457409703915 0.007211823594908876
0.9938849787429163 0.003057510628542204 0.0030575106285415377 0.00012296388513332546
0.0030575106285418707 0.993884978742916 0.0030575106285420928 0.00012296388513332546
0.0030575106285413156 0.0030575106285416487 0.993884978742917 0.00012296388513332546
0.40329222227426287 0.403292222274263 0.19341555545147415 0.008066804967451904
0.19341555545147437 0.4032922222742624 0.4032922222742632 0.008066804967451904
0.4032922222742624 0.19341555545147437 0.4032922222742632 0.008066804967451904
0.4767516468002928 0.4767516468002928 0.04649670639941439 0.004678976228452909
0.046496706399414 0.47675164680029297 0.4767516468002931 0.004678976228452909
0.476751646800293 0.046496706399413945 0.476751646800293 0.004678976228452909
0.645494417367507 0.35098484762250504 0.003520735009987952 0.0012327695569297383
0.003520735009988063 0.6454944173675071 0.3509848476225048 0.0012327695569297383
0.35098484762250437 0.003520735009988396 0.6454944173675072 0.0012327695569297383
0.35098484762250504 0.645494417367507 0.003520735009987952 0.0012327695569297383
0.003520735009987841 0.3509848476225049 0.6454944173675072 0.0012327695569297383
0.645494417367507 0.003520735009987952 0.35098484762250504 0.0012327695569297383
0.8702875096805948 0.06485624515970279 0.06485624515970245 0.0027172985719247735
0.06485624515970245 0.8702875096805945 0.06485624515970301 0.0027172985719247735
0.06485624515970234 0.06485624515970245 0.8702875096805952 0.0027172985719247735
0.6622072404340761 0.16889637978296212 0.1688963797829618 0.006239942030530309
0.16889637978296157 0.6622072404340766 0.1688963797829618 0.006239942030530309
0.1688963797829618 0.1688963797829618 0.6622072404340764 0.006239942030530309
0.33333333333333326 0.33333333333333326 0.3333333333333335 0.008785484452863073
0.5785308776456695 0.42087082762569356 0.0005982947286369833 0.00044901023819614625
0.0005982947286365947 0.5785308776456696 0.42087082762569383 0.00044901023819614625
0.4208708276256935 0.0005982947286365947 0.5785308776456699 0.00044901023819614625
0.4208708276256935 0.5785308776456696 0.0005982947286369278 0.00044901023819614625
0.0005982947286364837 0.4208708276256936 0.5785308776456699 0.00044901023819614625
0.5785308776456696 0.0005982947286365947 0.42087082762569383 0.00044901023819614625
0.8074039316816848 0.09629803415915789 0.09629803415915733 0.0038909093796049544
0.09629803415915761 0.8074039316816846 0.09629803415915783 0.0038909093796049544
0.0962980341591575 0.09629803415915761 0.8074039316816849 0.0038909093796049544
0.6476602419795359 0.2526560385602648 0.09968371946019933 0.0056881832653567325
0.0996837194601996 0.6476602419795358 0.25265603856026464 0.0056881832653567325
0.25265603856026453 0.0996837194601995 0.647660241979536 0.0056881832653567325
0.25265603856026475 0.6476602419795359 0.09968371946019938 0.0056881832653567325
0.0996837194601995 0.25265603856026453 0.647660241979536 0.0056881832653567325
0.6476602419795354 0.09968371946019938 0.2526560385602652 0.0056881832653567325
0.49070156913020413 0.49070156913020413 0.01859686173959174 0.003028969106277261
0.018596861739591852 0.4907015691302038 0.49070156913020435 0.003028969106277261
0.4907015691302038 0.018596861739591852 0.49070156913020435 0.003028969106277261
0.4984645792365977 0.4984645792365978 0.0030708415268044797 0.0012050280622555184
0.0030708415268045908 0.4984645792365976 0.4984645792365978 0.0012050280622555184
0.4984645792365976 0.0030708415268045908 0.4984645792365978 0.0012050280622555184
0.5675057520644237 0.30167033356052764 0.1308239143750487 0.006747908896122219
0.1308239143750486 0.5675057520644237 0.30167033356052775 0.006747908896122219
0.3016703335605274 0.13082391437504848 0.5675057520644241 0.006747908896122219
0.30167033356052764 0.5675057520644237 0.1308239143750487 0.006747908896122219
0.13082391437504842 0.30167033356052747 0.567505752064424 0.006747908896122219
0.5675057520644237 0.1308239143750486 0.30167033356052775 0.006747908896122219
0.43227197760680647 0.43227197760680647 0.13545604478638706 0.0072248857349588875
0.13545604478638723 0.4322719776068063 0.4322719776068064 0.0072248857349588875
0.43227197760680625 0.1354560447863873 0.43227197760680647 0.0072248857349588875
0.7395167860195815 0.13024160699020954 0.13024160699020898 0.00513639172614043
0.13024160699020926 0.7395167860195813 0.13024160699020948 0.00513639172614043
0.13024160699020915 0.13024160699020926 0.7395167860195816 0.00513639172614043
0.4568717371543229 0.4568717371543229 0.08625652569135417 0.00608445387549529
0.0862565256913545 0.45687173715432255 0.4568717371543229 0.00608445387549529
0.4568717371543225 0.08625652569135456 0.45687173715432294 0.00608445387549529
0.9809430242931966 0.016061387966790575 0.0029955877400128506 0.00027856062504863304
0.0029955877400126285 0.9809430242931967 0.016061387966790686 0.00027856062504863304
0.01606138796679102 0.0029955877400135167 0.9809430242931955 0.00027856062504863304
0.016061387966790575 0.9809430242931966 0.0029955877400128506 0.00027856062504863304
0.0029955877400130726 0.016061387966791463 0.9809430242931955 0.00027856062504863304
0.9809430242931964 0.0029955877400124065 0.01606138796679124 0.00027856062504863304
