0.9965753848400724 0.0017123075799643228 0.0017123075799633236 4.430409091414754e-05
0.0017123075799635457 0.9965753848400726 0.0017123075799638787 4.430409091414754e-05
0.0017123075799626575 0.0017123075799627685 0.9965753848400746 4.430409091414754e-05
0.969488112827596 0.019755167615719937 0.010756719556684113 0.0004119756464369584
0.010756719556684224 0.9694881128275962 0.019755167615719604 0.0004119756464369584
0.01975516761571905 0.010756719556684113 0.9694881128275968 0.0004119756464369584
0.019755167615719937 0.969488112827596 0.010756719556684113 0.0004119756464369584
0.01075671955668367 0.019755167615719493 0.9694881128275968 0.0004119756464369584
0.969488112827596 0.010756719556683891 0.01975516761572016 0.0004119756464369584
0.8997028327182935 0.0995165813818445 0.000780585899861963 0.0002732408460036822
0.0007805858998621851 0.8997028327182933 0.0995165813818445 0.0002732408460036822
0.09951658138184438 0.000780585899862074 0.8997028327182935 0.0002732408460036822
0.09951658138184438 0.8997028327182937 0.000780585899861963 0.0002732408460036822
0.00078058589986163 0.09951658138184483 0.8997028327182935 0.0002732408460036822
0.8997028327182935 0.0007805858998614079 0.09951658138184505 0.0002732408460036822
0.8445671223319959 0.1534945447552139 0.0019383329127901638 0.0005393284439298977
0.0019383329127904414 0.8445671223319955 0.15349454475521407 0.0005393284439298977
0.15349454475521362 0.0019383329127906634 0.8445671223319957 0.0005393284439298977
0.15349454475521385 0.8445671223319959 0.0019383329127902194 0.0005393284439298977
0.001938332912790608 0.15349454475521368 0.8445671223319957 0.0005393284439298977
0.8445671223319955 0.0019383329127904414 0.15349454475521407 0.0005393284439298977
0.5376064055154758 0.460607452003999 0.0017861424805252213 0.0006709789705820364
0.0017861424805253323 0.5376064055154754 0.4606074520039992 0.0006709789705820364
0.4606074520039984 0.0017861424805254433 0.5376064055154761 0.0006709789705820364
0.460607452003999 0.5376064055154758 0.0017861424805252213 0.0006709789705820364
0.0017861424805248882 0.46060745200399894 0.5376064055154761 0.0006709789705820364
0.5376064055154754 0.0017861424805253323 0.4606074520039992 0.0006709789705820364
0.9686037144025026 0.029642060426444572 0.0017542251710528367 0.00022593153611394018
0.0017542251710527257 0.9686037144025027 0.029642060426444572 0.00022593153611394018
0.029642060426445238 0.001754225171053836 0.9686037144025009 0.00022593153611394018
0.029642060426444017 0.9686037144025031 0.0017542251710528367 0.00022593153611394018
0.0017542251710535028 0.02964206042644557 0.9686037144025009 0.00022593153611394018
0.9686037144025027 0.0017542251710527257 0.029642060426444572 0.00022593153611394018
0.665642080915528 0.333840624824812 0.0005172942596599617 0.00032206630941833793
0.0005172942596599617 0.6656420809155281 0.3338406248248119 0.00032206630941833793
0.3338406248248118 0.0005172942596598507 0.6656420809155283 0.00032206630941833793
0.333840624824812 0.665642080915528 0.0005172942596599617 0.00032206630941833793
0.0005172942596598507 0.3338406248248118 0.6656420809155283 0.00032206630941833793
0.665642080915528 0.0005172942596599617 0.333840624824812 0.00032206630941833793
0.9416652970693988 0.029167351465300806 0.029167351465300362 0.0011229773828237153
0.029167351465300473 0.9416652970693986 0.029167351465300917 0.0011229773828237153
0.02916735146530136 0.029167351465301472 0.9416652970693972 0.0011229773828237153
0.9009000241753948 0.049549987912302695 0.04954998791230247 0.0017451515655329463
0.04954998791230225 0.9009000241753953 0.04954998791230247 0.0017451515655329463
0.04954998791230214 0.04954998791230225 0.9009000241753956 0.0017451515655329463
0.8730274418468819 0.11942668722741201 0.007545870925706133 0.0009677673027951364
0.007545870925706022 0.873027441846882 0.11942668722741201 0.0009677673027951364
0.11942668722741123 0.007545870925706244 0.8730274418468825 0.0009677673027951364
0.1194266872274119 0.873027441846882 0.007545870925706133 0.0009677673027951364
0.007545870925705689 0.11942668722741179 0.8730274418468825 0.0009677673027951364
0.873027441846882 0.007545870925706022 0.11942668722741201 0.0009677673027951364
0.8151956468477659 0.17331180669942903 0.011492546452805064 0.0013466648921817647
0.011492546452805064 0.8151956468477661 0.1733118066994288 0.0013466648921817647
0.17331180669942836 0.011492546452805397 0.8151956468477662 0.0013466648921817647
0.17331180669942892 0.815195646847766 0.011492546452805064 0.0013466648921817647
0.011492546452804897 0.17331180669942886 0.8151956468477664 0.0013466648921817647
0.8151956468477658 0.011492546452804842 0.17331180669942936 0.0013466648921817647
0.9163391688931388 0.0593978633857567 0.024262967721104478 0.0013375082839812344
0.02426296772110459 0.9163391688931387 0.0593978633857567 0.0013375082839812344
0.059397863385756144 0.024262967721104478 0.9163391688931394 0.0013375082839812344
0.0593978633857567 0.9163391688931388 0.024262967721104478 0.0013375082839812344
0.024262967721104145 0.05939786338575648 0.9163391688931394 0.0013375082839812344
0.9163391688931392 0.024262967721104145 0.0593978633857567 0.0013375082839812344
0.7307561420696971 0.2594461646278431 0.009797693302459831 0.0012094280366882297
0.009797693302459387 0.7307561420696974 0.2594461646278432 0.0012094280366882297
0.25944616462784276 0.00979769330245972 0.7307561420696975 0.0012094280366882297
0.2594461646278431 0.7307561420696971 0.009797693302459831 0.0012094280366882297
0.00979769330245922 0.25944616462784326 0.7307561420696975 0.0012094280366882297
0.7307561420696974 0.009797693302459387 0.2594461646278432 0.0012094280366882297
0.7284359696406738 0.26966487953111773 0.0018991508282084624 0.0005973761417618833
0.0018991508282081293 0.728435969640674 0.26966487953111784 0.0005973761417618833
0.2696648795311174 0.0018991508282084624 0.7284359696406741 0.0005973761417618833
0.26966487953111773 0.7284359696406738 0.0018991508282084624 0.0005973761417618833
0.0018991508282079073 0.26966487953111795 0.7284359696406741 0.0005973761417618833
0.7284359696406741 0.0018991508282080183 0.26966487953111784 0.0005973761417618833
0.6688969097328992 0.32342841041095627 0.007674679856144562 0.0014682010637335735
0.007674679856144118 0.6688969097328993 0.3234284104109566 0.0014682010637335735
0.32342841041095627 0.00767467985614434 0.6688969097328994 0.0014682010637335735
0.32342841041095616 0.6688969097328993 0.007674679856144562 0.0014682010637335735
0.00767467985614434 0.32342841041095627 0.6688969097328994 0.0014682010637335735
0.6688969097328991 0.007674679856144118 0.3234284104109568 0.0014682010637335735
0.7878951862570386 0.2093976094351927 0.002707204307768718 0.0008010544852012407
0.002707204307768718 0.7878951862570387 0.2093976094351926 0.0008010544852012407
0.20939760943519237 0.002707204307768385 0.7878951862570392 0.0008010544852012407
0.2093976094351926 0.7878951862570387 0.002707204307768718 0.0008010544852012407
0.002707204307768385 0.20939760943519237 0.7878951862570392 0.0008010544852012407
0.7878951862570392 0.002707204307768163 0.2093976094351926 0.0008010544852012407
0.9864998660560905 0.01079373738673961 0.0027063965571698656 0.00018556704233773275
0.0027063965571696436 0.9864998660560907 0.01079373738673961 0.00018556704233773275
0.010793737386737834 0.0027063965571687554 0.9864998660560934 0.00018556704233773275
0.0107937373867395 0.9864998660560906 0.0027063965571698656 0.00018556704233773275
0.0027063965571682003 0.010793737386738389 0.9864998660560934 0.00018556704233773275
0.9864998660560906 0.0027063965571697546 0.01079373738673961 0.00018556704233773275
0.9478795059436816 0.04165776002667865 0.010462734029639709 0.0007214220264261218
0.010462734029639376 0.9478795059436816 0.04165776002667898 0.0007214220264261218
0.04165776002667754 0.010462734029638598 0.9478795059436839 0.0007214220264261218
0.041657760026678536 0.9478795059436818 0.010462734029639709 0.0007214220264261218
0.010462734029638154 0.04165776002667798 0.9478795059436839 0.0007214220264261218
0.9478795059436815 0.010462734029639487 0.04165776002667898 0.0007214220264261218
0.8391863652965981 0.13930077441848215 0.021512860284919777 0.001532166724047429
0.021512860284919944 0.8391863652965981 0.139300774418482 0.001532166724047429
0.13930077441848188 0.021512860284919832 0.8391863652965983 0.001532166724047429
0.1393007744184821 0.8391863652965982 0.02151286028491972 0.001532166724047429
0.021512860284919333 0.13930077441848238 0.8391863652965983 0.001532166724047429
0.8391863652965977 0.02151286028491972 0.13930077441848254 0.001532166724047429
0.48772398058315336 0.48772398058315347 0.02455203883369317 0.0027296527164899346
0.02455203883369317 0.48772398058315314 0.4877239805831537 0.0027296527164899346
0.48772398058315314 0.02455203883369317 0.4877239805831537 0.0027296527164899346
0.8800347069095191 0.09714075745552914 0.022824535634951737 0.001509026620428294
0.022824535634951792 0.880034706909519 0.09714075745552919 0.001509026620428294
0.09714075745552875 0.022824535634952126 0.8800347069095191 0.001509026620428294
0.09714075745552908 0.8800347069095192 0.02282453563495168 0.001509026620428294
0.02282453563495168 0.09714075745552919 0.8800347069095191 0.001509026620428294
0.8800347069095189 0.022824535634951904 0.09714075745552919 0.001509026620428294
0.7487866599562394 0.15112480973897047 0.10008853030479015 0.0034017224729490213
0.10008853030479026 0.7487866599562393 0.15112480973897047 0.0034017224729490213
0.15112480973897036 0.10008853030479015 0.7487866599562395 0.0034017224729490213
0.15112480973897036 0.7487866599562395 0.10008853030479015 0.0034017224729490213
0.10008853030478981 0.1511248097389707 0.7487866599562395 0.0034017224729490213
0.7487866599562395 0.10008853030478948 0.15112480973897102 0.0034017224729490213
0.4960618044654749 0.4960618044654749 0.007876391069050248 0.001204506013411923
0.00787639106904986 0.49606180446547493 0.49606180446547526 0.001204506013411923
0.4960618044654749 0.007876391069049915 0.4960618044654752 0.001204506013411923
0.6029080349282101 0.3939323955351542 0.003159569536635709 0.0010359881638063867
0.0031595695366352095 0.6029080349282102 0.3939323955351546 0.0010359881638063867
0.39393239553515413 0.0031595695366353205 0.6029080349282105 0.0010359881638063867
0.3939323955351547 0.6029080349282097 0.0031595695366356535 0.0010359881638063867
0.0031595695366352095 0.39393239553515425 0.6029080349282105 0.0010359881638063867
0.6029080349282102 0.0031595695366352095 0.3939323955351546 0.0010359881638063867
0.8287949653018398 0.12763745941732485 0.043567575280835324 0.002377487692779864
0.04356757528083521 0.8287949653018403 0.12763745941732452 0.002377487692779864
0.1276374594173243 0.04356757528083499 0.8287949653018407 0.002377487692779864
0.1276374594173243 0.8287949653018404 0.043567575280835324 0.002377487692779864
0.04356757528083466 0.12763745941732463 0.8287949653018407 0.002377487692779864
0.8287949653018399 0.04356757528083499 0.12763745941732507 0.002377487692779864
0.7218418378371083 0.21534278591705242 0.06281537624583927 0.0033953912341846792
0.06281537624583922 0.7218418378371082 0.21534278591705258 0.0033953912341846792
0.21534278591705214 0.0628153762458391 0.7218418378371088 0.0033953912341846792
0.21534278591705236 0.7218418378371084 0.06281537624583922 0.0033953912341846792
0.0628153762458391 0.21534278591705214 0.7218418378371088 0.0033953912341846792
0.7218418378371082 0.06281537624583922 0.21534278591705258 0.0033953912341846792
0.7847849261270405 0.18052388725602864 0.034691186616930825 0.002704088382481823
0.03469118661693127 0.7847849261270404 0.1805238872560283 0.002704088382481823
0.18052388725602808 0.03469118661693105 0.7847849261270409 0.002704088382481823
0.18052388725602853 0.7847849261270406 0.034691186616930825 0.002704088382481823
0.034691186616930825 0.18052388725602886 0.7847849261270403 0.002704088382481823
0.7847849261270401 0.03469118661693105 0.18052388725602886 0.002704088382481823
0.6133503854822404 0.37069747874972847 0.015952135768031117 0.002017003390291289
0.015952135768031228 0.6133503854822403 0.37069747874972847 0.002017003390291289
0.3706974787497279 0.015952135768031006 0.6133503854822411 0.002017003390291289
0.37069747874972847 0.6133503854822404 0.015952135768031117 0.002017003390291289
0.015952135768031228 0.37069747874972825 0.6133503854822405 0.002017003390291289
0.6133503854822401 0.015952135768031228 0.3706974787497287 0.002017003390291289
0.7245299623844419 0.23890434663459398 0.03656569098096413 0.0027918811324257726
0.036565690980964294 0.7245299623844422 0.23890434663459348 0.0027918811324257726
0.2389043466345938 0.03656569098096374 0.7245299623844424 0.0027918811324257726
0.23890434663459392 0.724529962384442 0.03656569098096407 0.0027918811324257726
0.03656569098096374 0.2389043466345938 0.7245299623844424 0.0027918811324257726
0.7245299623844419 0.03656569098096396 0.23890434663459414 0.0027918811324257726
0.8468077687896522 0.07659611560517432 0.07659611560517343 0.0023657933107792514
0.07659611560517343 0.8468077687896526 0.07659611560517399 0.0023657933107792514
0.07659611560517365 0.07659611560517376 0.8468077687896526 0.0023657933107792514
0.4735882468281117 0.4035445047649168 0.12286724840697155 0.0043004588657305
0.12286724840697111 0.4735882468281121 0.4035445047649168 0.0043004588657305
0.4035445047649169 0.12286724840697083 0.4735882468281123 0.0043004588657305
0.4035445047649167 0.4735882468281118 0.12286724840697155 0.0043004588657305
0.12286724840697105 0.4035445047649171 0.47358824682811185 0.0043004588657305
0.47358824682811185 0.12286724840697083 0.4035445047649173 0.0043004588657305
0.6268501895654277 0.2510886184010618 0.12206119203351051 0.004983856529193764
0.12206119203351062 0.6268501895654276 0.2510886184010618 0.004983856529193764
0.2510886184010616 0.12206119203351068 0.6268501895654277 0.004983856529193764
0.2510886184010618 0.6268501895654277 0.12206119203351051 0.004983856529193764
0.12206119203351062 0.25108861840106167 0.6268501895654277 0.004983856529193764
0.6268501895654276 0.12206119203351062 0.2510886184010618 0.004983856529193764
0.6020796526141913 0.3100924603530022 0.08782788703280653 0.004653296275666991
0.08782788703280653 0.6020796526141915 0.310092460353002 0.004653296275666991
0.31009246035300164 0.08782788703280664 0.6020796526141917 0.004653296275666991
0.3100924603530022 0.6020796526141913 0.08782788703280653 0.004653296275666991
0.08782788703280664 0.31009246035300164 0.6020796526141917 0.004653296275666991
0.6020796526141914 0.08782788703280642 0.3100924603530022 0.004653296275666991
0.5171299598756924 0.4171889370681111 0.06568110305619645 0.004127876042256505
0.06568110305619634 0.5171299598756923 0.41718893706811133 0.004127876042256505
0.4171889370681111 0.06568110305619612 0.5171299598756928 0.004127876042256505
0.4171889370681111 0.5171299598756924 0.06568110305619645 0.004127876042256505
0.06568110305619612 0.4171889370681111 0.5171299598756928 0.004127876042256505
0.5171299598756923 0.06568110305619634 0.41718893706811133 0.004127876042256505
0.4759518460527712 0.4759518460527712 0.048096307894457624 0.0035111942683412126
0.04809630789445718 0.4759518460527713 0.4759518460527715 0.0035111942683412126
0.4759518460527712 0.04809630789445729 0.4759518460527715 0.0035111942683412126
0.8700026552993008 0.08427719751586876 0.04572014718483047 0.002057821762352496
0.04572014718483042 0.8700026552993005 0.08427719751586904 0.002057821762352496
0.08427719751586848 0.04572014718483053 0.870002655299301 0.002057821762352496
0.08427719751586871 0.8700026552993008 0.04572014718483053 0.002057821762352496
0.045720147184830195 0.08427719751586882 0.870002655299301 0.002057821762352496
0.8700026552993004 0.04572014718483053 0.08427719751586904 0.002057821762352496
0.659679307214438 0.28751728189049514 0.05280341089506685 0.0038938204584288124
0.052803410895066794 0.6596793072144379 0.2875172818904953 0.0038938204584288124
0.28751728189049497 0.052803410895067016 0.659679307214438 0.0038938204584288124
0.2875172818904951 0.6596793072144381 0.052803410895066794 0.0038938204584288124
0.05280341089506696 0.287517281890495 0.659679307214438 0.0038938204584288124
0.6596793072144378 0.05280341089506668 0.2875172818904955 0.0038938204584288124
0.7818089160855247 0.1090955419572377 0.10909554195723759 0.0029434680471957762
0.1090955419572377 0.7818089160855247 0.10909554195723759 0.0029434680471957762
0.10909554195723759 0.10909554195723759 0.7818089160855248 0.0029434680471957762
0.6245951075427292 0.3421421849069921 0.033262707550278714 0.002770761396555544
0.033262707550278714 0.6245951075427287 0.34214218490699255 0.002770761396555544
0.34214218490699244 0.03326270755027838 0.6245951075427292 0.002770761396555544
0.3421421849069921 0.6245951075427292 0.033262707550278714 0.002770761396555544
0.03326270755027838 0.34214218490699244 0.6245951075427292 0.002770761396555544
0.6245951075427286 0.0332627075502786 0.3421421849069928 0.002770761396555544
0.5375059926123179 0.23124700369384088 0.2312470036938412 0.006723242898473071
0.23124700369384088 0.5375059926123179 0.2312470036938412 0.006723242898473071
0.23124700369384088 0.23124700369384088 0.5375059926123182 0.006723242898473071
0.6081836035526987 0.1959081982236507 0.19590819822365058 0.004979858812518923
0.1959081982236507 0.6081836035526987 0.19590819822365058 0.004979858812518923
0.19590819822365024 0.19590819822365035 0.6081836035526994 0.004979858812518923
0.686127713207486 0.290781335627484 0.023090951165030016 0.0024801439985067675
0.023090951165029905 0.6861277132074859 0.2907813356274842 0.0024801439985067675
0.29078133562748376 0.023090951165029794 0.6861277132074864 0.0024801439985067675
0.290781335627484 0.686127713207486 0.023090951165030016 0.0024801439985067675
0.02309095116502924 0.2907813356274843 0.6861277132074864 0.0024801439985067675
0.6861277132074857 0.023090951165029794 0.29078133562748454 0.0024801439985067675
0.913849347395254 0.07773852971610007 0.008412122888645901 0.0008629021808335468
0.00841212288864579 0.9138493473952539 0.07773852971610029 0.0008629021808335468
0.07773852971609863 0.008412122888644569 0.9138493473952568 0.0008629021808335468
0.07773852971610051 0.9138493473952536 0.008412122888645901 0.0008629021808335468
0.008412122888644125 0.07773852971609907 0.9138493473952568 0.0008629021808335468
0.9138493473952538 0.008412122888645901 0.07773852971610029 0.0008629021808335468
0.9397903465114038 0.05835380879815688 0.0018558446904393122 0.0003209331775742953
0.0018558446904392012 0.9397903465114044 0.05835380879815644 0.0003209331775742953
0.05835380879815555 0.001855844690438424 0.939790346511406 0.0003209331775742953
0.058353808798156215 0.9397903465114045 0.0018558446904393122 0.0003209331775742953
0.00185584469043798 0.05835380879815599 0.939790346511406 0.0003209331775742953
0.939790346511404 0.0018558446904389791 0.05835380879815699 0.0003209331775742953
0.4944025611096593 0.3537362173911873 0.15186122149915338 0.0049810086106174415
0.1518612214991532 0.49440256110965924 0.3537362173911875 0.0049810086106174415
0.3537362173911873 0.15186122149915326 0.4944025611096594 0.0049810086106174415
0.3537362173911873 0.4944025611096593 0.15186122149915338 0.0049810086106174415
0.15186122149915326 0.3537362173911873 0.4944025611096594 0.0049810086106174415
0.4944025611096592 0.15186122149915315 0.35373621739118766 0.0049810086106174415
0.6592024700825743 0.1941036834219223 0.14669384649550343 0.005019577918081532
0.146693846495504 0.6592024700825739 0.19410368342192208 0.005019577918081532
0.19410368342192186 0.14669384649550365 0.6592024700825745 0.005019577918081532
0.1941036834219223 0.6592024700825743 0.14669384649550343 0.005019577918081532
0.14669384649550343 0.19410368342192208 0.6592024700825745 0.005019577918081532
0.6592024700825736 0.14669384649550377 0.19410368342192263 0.005019577918081532
0.8116970473144411 0.11524468026207413 0.07305827242348473 0.0027692328182935323
0.07305827242348484 0.8116970473144409 0.11524468026207424 0.0027692328182935323
0.11524468026207413 0.07305827242348484 0.811697047314441 0.0027692328182935323
0.11524468026207413 0.8116970473144411 0.07305827242348473 0.0027692328182935323
0.07305827242348473 0.11524468026207424 0.811697047314441 0.0027692328182935323
0.8116970473144414 0.0730582724234844 0.11524468026207424 0.0027692328182935323
0.6640305665631263 0.25264891885682733 0.08332051458004636 0.003701580659678833
0.08332051458004619 0.6640305665631263 0.2526489188568275 0.003701580659678833
0.2526489188568274 0.08332051458004641 0.6640305665631262 0.003701580659678833
0.2526489188568274 0.6640305665631263 0.0833205145800463 0.003701580659678833
0.08332051458004636 0.25264891885682744 0.6640305665631261 0.003701580659678833
0.6640305665631258 0.08332051458004675 0.2526489188568275 0.003701580659678833
0.531691772569611 0.370638127911035 0.09767009951935401 0.005075037459162004
0.09767009951935335 0.5316917725696114 0.37063812791103523 0.005075037459162004
0.37063812791103457 0.09767009951935368 0.5316917725696118 0.005075037459162004
0.370638127911035 0.531691772569611 0.09767009951935401 0.005075037459162004
0.09767009951935335 0.37063812791103545 0.5316917725696112 0.005075037459162004
0.5316917725696109 0.09767009951935379 0.37063812791103534 0.005075037459162004
0.7003617605288512 0.19751076623532826 0.1021274732358205 0.0042676766915481865
0.10212747323582028 0.7003617605288511 0.1975107662353286 0.0042676766915481865
0.19751076623532826 0.10212747323582028 0.7003617605288515 0.0042676766915481865
0.19751076623532826 0.7003617605288512 0.1021274732358205 0.0042676766915481865
0.10212747323582005 0.19751076623532848 0.7003617605288515 0.0042676766915481865
0.7003617605288512 0.10212747323582017 0.1975107662353286 0.0042676766915481865
0.7639576985765667 0.21910217877663973 0.016940122646793565 0.0017292273039881344
0.016940122646793787 0.7639576985765668 0.2191021787766394 0.0017292273039881344
0.21910217877663918 0.016940122646793232 0.7639576985765676 0.0017292273039881344
0.21910217877663973 0.7639576985765667 0.016940122646793565 0.0017292273039881344
0.016940122646793454 0.2191021787766395 0.763957698576567 0.0017292273039881344
0.763957698576567 0.01694012264679301 0.21910217877663996 0.0017292273039881344
0.7706431138900715 0.16474947145553442 0.06460741465439412 0.003224739912243954
0.06460741465439435 0.7706431138900715 0.1647494714555342 0.003224739912243954
0.16474947145553387 0.0646074146543939 0.7706431138900722 0.003224739912243954
0.16474947145553398 0.7706431138900719 0.06460741465439412 0.003224739912243954
0.0646074146543939 0.16474947145553387 0.7706431138900722 0.003224739912243954
0.7706431138900719 0.0646074146543939 0.1647494714555342 0.003224739912243954
0.4569496207074599 0.34875688743061484 0.19429349186192524 0.0052879477129619025
0.19429349186192535 0.4569496207074595 0.34875688743061517 0.0052879477129619025
0.34875688743061517 0.19429349186192513 0.4569496207074597 0.0052879477129619025
0.3487568874306149 0.45694962070745987 0.1942934918619253 0.0052879477129619025
0.19429349186192513 0.34875688743061517 0.4569496207074597 0.0052879477129619025
0.4569496207074594 0.1942934918619254 0.3487568874306151 0.0052879477129619025
0.5853570821660163 0.3558533300586624 0.058789587775321284 0.004019584286365077
0.058789587775321395 0.5853570821660162 0.3558533300586624 0.004019584286365077
0.35585333005866215 0.05878958777532117 0.5853570821660167 0.004019584286365077
0.3558533300586624 0.5853570821660163 0.058789587775321284 0.004019584286365077
0.05878958777532117 0.35585333005866215 0.5853570821660167 0.004019584286365077
0.5853570821660161 0.058789587775321284 0.3558533300586626 0.004019584286365077
0.4076984951293575 0.34871652898546934 0.24358497588517314 0.00606083320730004
0.2435849758851728 0.40769849512935774 0.34871652898546945 0.00606083320730004
0.3487165289854691 0.24358497588517325 0.40769849512935763 0.00606083320730004
0.34871652898546934 0.4076984951293575 0.24358497588517314 0.00606083320730004
0.24358497588517314 0.34871652898546923 0.40769849512935763 0.00606083320730004
0.4076984951293572 0.24358497588517325 0.34871652898546956 0.00606083320730004
0.4223218082071512 0.4223218082071512 0.15535638358569764 0.0049208372452467725
0.15535638358569737 0.4223218082071514 0.42232180820715126 0.0049208372452467725
0.42232180820715104 0.15535638358569714 0.4223218082071518 0.0049208372452467725
0.45488174995950587 0.45488174995950587 0.09023650008098821 0.005021475028597604
0.09023650008098794 0.4548817499595059 0.45488174995950614 0.005021475028597604
0.4548817499595059 0.09023650008098794 0.45488174995950614 0.005021475028597604
0.523169698494141 0.29070433554969594 0.1861259659561631 0.005799137058563262
0.18612596595616338 0.5231696984941404 0.2907043355496962 0.005799137058563262
0.29070433554969605 0.18612596595616304 0.5231696984941409 0.005799137058563262
0.2907043355496959 0.523169698494141 0.18612596595616315 0.005799137058563262
0.18612596595616304 0.29070433554969605 0.523169698494141 0.005799137058563262
0.5231696984941409 0.18612596595616293 0.2907043355496962 0.005799137058563262
0.712199760919158 0.14390011954042115 0.1439001195404208 0.0044465932407613115
0.14390011954042103 0.7121997609191582 0.1439001195404208 0.0044465932407613115
0.14390011954042076 0.14390011954042076 0.7121997609191584 0.0044465932407613115
0.4717800456303298 0.2898629348171139 0.23835701955255628 0.0063931475211100345
0.23835701955255617 0.47178004563033005 0.2898629348171138 0.0063931475211100345
0.2898629348171135 0.238357019552556 0.47178004563033044 0.0063931475211100345
0.28986293481711334 0.4717800456303304 0.23835701955255628 0.0063931475211100345
0.23835701955255595 0.28986293481711356 0.4717800456303305 0.0063931475211100345
0.4717800456303301 0.23835701955255612 0.28986293481711384 0.0063931475211100345
0.40234044785473544 0.40234044785473544 0.19531910429052912 0.004646612764584404
0.19531910429052907 0.40234044785473516 0.4023404478547357 0.004646612764584404
0.4023404478547351 0.19531910429052912 0.40234044785473577 0.004646612764584404
0.5593868077625691 0.30938357544545814 0.13122961679197276 0.005654675008988437
0.13122961679197298 0.559386807762569 0.309383575445458 0.005654675008988437
0.3093835754454577 0.13122961679197276 0.5593868077625695 0.005654675008988437
0.309383575445458 0.5593868077625692 0.13122961679197276 0.005654675008988437
0.1312296167919727 0.30938357544545775 0.5593868077625697 0.005654675008988437
0.5593868077625689 0.13122961679197287 0.30938357544545825 0.005654675008988437
0.5845614823482764 0.24697953909924442 0.16845897855247915 0.005311049416899978
0.16845897855247915 0.5845614823482762 0.24697953909924464 0.005311049416899978
0.2469795390992442 0.16845897855247904 0.5845614823482768 0.005311049416899978
0.24697953909924442 0.5845614823482764 0.16845897855247915 0.005311049416899978
0.16845897855247915 0.24697953909924464 0.5845614823482762 0.005311049416899978
0.5845614823482761 0.1684589785524792 0.2469795390992447 0.005311049416899978
0.5515293353673111 0.4353451951214652 0.01312546951122373 0.001973230421475901
0.013125469511223176 0.5515293353673113 0.4353451951214655 0.001973230421475901
0.43534519512146536 0.013125469511223287 0.5515293353673114 0.001973230421475901
0.4353451951214651 0.5515293353673112 0.01312546951122373 0.001973230421475901
0.013125469511223287 0.43534519512146536 0.5515293353673114 0.001973230421475901
0.5515293353673112 0.013125469511223287 0.4353451951214655 0.001973230421475901
0.41140846861833197 0.294295765690834 0.2942957656908341 0.006425472050174332
0.29429576569083393 0.411408468618332 0.29429576569083404 0.006425472050174332
0.2942957656908337 0.2942957656908338 0.41140846861833247 0.006425472050174332
0.35161578879576894 0.35161578879576894 0.29676842240846213 0.006265587883626817
0.2967684224084619 0.35161578879576894 0.35161578879576916 0.006265587883626817
0.35161578879576894 0.2967684224084619 0.35161578879576916 0.006265587883626817
0.5518852701665368 0.4137012893148828 0.03441344051858042 0.0035554794715669446
0.03441344051857986 0.5518852701665371 0.41370128931488304 0.0035554794715669446
0.4137012893148829 0.03441344051857986 0.5518852701665372 0.0035554794715669446
0.4137012893148827 0.5518852701665369 0.03441344051858042 0.0035554794715669446
0.03441344051858014 0.4137012893148832 0.5518852701665367 0.0035554794715669446
0.5518852701665362 0.034413440518580196 0.4137012893148836 0.0035554794715669446
