0.479162709481021 0.479162709481021 0.04167458103795796 0.0015063623878995803
0.04167458103795796 0.479162709481021 0.479162709481021 0.0015063623878995803
0.4791627094810207 0.041674581037957736 0.4791627094810216 0.0015063623878995803
0.4479070861932129 0.3979697646407098 0.15412314916607733 0.004453708186932998
0.154123149166077 0.447907086193213 0.39796976464070993 0.004453708186932998
0.3979697646407099 0.15412314916607683 0.4479070861932133 0.004453708186932998
0.39796976464070993 0.4479070861932128 0.15412314916607733 0.004453708186932998
0.15412314916607683 0.3979697646407099 0.4479070861932133 0.004453708186932998
0.447907086193213 0.154123149166077 0.39796976464070993 0.004453708186932998
0.47255568608780074 0.4143076079881757 0.11313670592402358 0.004320009524641632
0.11313670592402358 0.47255568608780063 0.4143076079881758 0.004320009524641632
0.41430760798817545 0.11313670592402347 0.4725556860878011 0.004320009524641632
0.4143076079881758 0.47255568608780063 0.11313670592402358 0.004320009524641632
0.11313670592402297 0.41430760798817595 0.47255568608780113 0.004320009524641632
0.47255568608780024 0.1131367059240233 0.4143076079881765 0.004320009524641632
0.597253422343673 0.32972824987662397 0.07301832777970307 0.0030868796559389237
0.07301832777970307 0.5972534223436731 0.32972824987662386 0.0030868796559389237
0.3297282498766234 0.0730183277797034 0.5972534223436732 0.0030868796559389237
0.32972824987662397 0.597253422343673 0.07301832777970307 0.0030868796559389237
0.07301832777970285 0.32972824987662397 0.5972534223436732 0.0030868796559389237
0.597253422343673 0.07301832777970296 0.3297282498766241 0.0030868796559389237
0.6644373808625788 0.22575924233005773 0.10980337680736352 0.0034302258154803268
0.10980337680736352 0.6644373808625785 0.22575924233005795 0.0034302258154803268
0.22575924233005745 0.10980337680736346 0.6644373808625792 0.0034302258154803268
0.22575924233005773 0.6644373808625788 0.10980337680736352 0.0034302258154803268
0.10980337680736346 0.22575924233005745 0.6644373808625792 0.0034302258154803268
0.6644373808625785 0.10980337680736352 0.22575924233005795 0.0034302258154803268
0.9026338408333602 0.04868307958332019 0.04868307958331963 0.0012474691816453417
0.048683079583319855 0.90263384083336 0.04868307958332019 0.0012474691816453417
0.048683079583319855 0.048683079583319966 0.9026338408333602 0.0012474691816453417
0.48684943445257844 0.48684943445257856 0.026301131094843 0.0021895163833001085
0.026301131094842778 0.4868494344525788 0.48684943445257844 0.0021895163833001085
0.4868494344525779 0.026301131094843 0.4868494344525791 0.0021895163833001085
0.5684647770684034 0.32869934756052344 0.1028358753710732 0.003782761982391255
0.10283587537107308 0.5684647770684031 0.32869934756052377 0.003782761982391255
0.32869934756052355 0.10283587537107253 0.5684647770684039 0.003782761982391255
0.32869934756052344 0.5684647770684034 0.1028358753710732 0.003782761982391255
0.1028358753710728 0.3286993475605238 0.5684647770684035 0.003782761982391255
0.5684647770684035 0.10283587537107253 0.328699347560524 0.003782761982391255
0.9325204663263089 0.057024518329280904 0.010455015344410179 0.0006704306400626083
0.010455015344410179 0.9325204663263092 0.05702451832928057 0.0006704306400626083
0.05702451832928179 0.01045501534441129 0.9325204663263069 0.0006704306400626083
0.057024518329280904 0.9325204663263089 0.010455015344410179 0.0006704306400626083
0.010455015344410845 0.05702451832928224 0.9325204663263069 0.0006704306400626083
0.9325204663263088 0.010455015344409957 0.05702451832928124 0.0006704306400626083
0.6343242478263363 0.21815349062760747 0.1475222615460562 0.00417411476734053
0.1475222615460564 0.6343242478263363 0.21815349062760725 0.00417411476734053
0.21815349062760692 0.14752226154605652 0.6343242478263366 0.00417411476734053
0.21815349062760736 0.6343242478263365 0.1475222615460562 0.00417411476734053
0.1475222615460562 0.21815349062760725 0.6343242478263366 0.00417411476734053
0.6343242478263365 0.14752226154605635 0.2181534906276072 0.00417411476734053
0.7455675573091064 0.20230634588346352 0.05212609680743008 0.002558366656976018
0.05212609680743019 0.7455675573091062 0.20230634588346363 0.002558366656976018
0.20230634588346297 0.05212609680743008 0.745567557309107 0.002558366656976018
0.2023063458834634 0.7455675573091065 0.05212609680743008 0.002558366656976018
0.052126096807429745 0.20230634588346386 0.7455675573091064 0.002558366656976018
0.7455675573091066 0.052126096807429745 0.20230634588346363 0.002558366656976018
0.7066325944250231 0.2132832098088081 0.08008419576616876 0.003183986952123283
0.08008419576616876 0.7066325944250229 0.21328320980880833 0.003183986952123283
0.21328320980880777 0.08008419576616876 0.7066325944250235 0.003183986952123283
0.2132832098088081 0.7066325944250231 0.08008419576616876 0.003183986952123283
0.08008419576616876 0.21328320980880777 0.7066325944250235 0.003183986952123283
0.7066325944250228 0.08008419576616888 0.21328320980880833 0.003183986952123283
0.98962586077411 0.008213358871221987 0.002160780354668046 0.0001317170927953912
0.002160780354668601 0.9896258607741096 0.008213358871221765 0.0001317170927953912
0.008213358871220544 0.00216078035466738 0.9896258607741121 0.0001317170927953912
0.008213358871221987 0.98962586077411 0.002160780354668046 0.0001317170927953912
0.0021607803546669357 0.008213358871220988 0.9896258607741121 0.0001317170927953912
0.9896258607741099 0.002160780354667824 0.00821335887122232 0.0001317170927953912
0.5271208360379727 0.4615153616123005 0.011363802349726837 0.0016456723831060026
0.011363802349727115 0.5271208360379722 0.46151536161230067 0.0016456723831060026
0.46151536161230006 0.011363802349727004 0.527120836037973 0.0016456723831060026
0.46151536161230067 0.5271208360379724 0.011363802349726893 0.0016456723831060026
0.011363802349727281 0.46151536161230033 0.5271208360379723 0.0016456723831060026
0.5271208360379721 0.011363802349727226 0.46151536161230067 0.0016456723831060026
0.5155990090696435 0.35462246731270564 0.12977852361765085 0.0045954830932585546
0.12977852361765108 0.5155990090696431 0.35462246731270586 0.0045954830932585546
0.3546224673127058 0.1297785236176508 0.5155990090696434 0.0045954830932585546
0.3546224673127055 0.5155990090696436 0.12977852361765085 0.0045954830932585546
0.1297785236176508 0.3546224673127058 0.5155990090696434 0.0045954830932585546
0.515599009069643 0.12977852361765096 0.3546224673127061 0.0045954830932585546
0.6401420778067227 0.3109206435860318 0.048937278607245505 0.00286886015681562
0.04893727860724517 0.6401420778067232 0.31092064358603166 0.00286886015681562
0.31092064358603144 0.048937278607245394 0.6401420778067232 0.00286886015681562
0.3109206435860318 0.6401420778067227 0.048937278607245505 0.00286886015681562
0.048937278607245394 0.31092064358603144 0.6401420778067232 0.00286886015681562
0.640142077806723 0.04893727860724506 0.3109206435860319 0.00286886015681562
0.5366266568593034 0.30495578413323055 0.158417559007466 0.004726734060920223
0.15841755900746568 0.5366266568593037 0.30495578413323066 0.004726734060920223
0.3049557841332306 0.15841755900746568 0.5366266568593037 0.004726734060920223
0.30495578413323043 0.5366266568593036 0.158417559007466 0.004726734060920223
0.15841755900746562 0.30495578413323066 0.5366266568593037 0.004726734060920223
0.5366266568593036 0.15841755900746557 0.3049557841332309 0.004726734060920223
0.5737054769976869 0.25079443756390385 0.17550008543840923 0.0048087317688295115
0.1755000854384089 0.5737054769976868 0.2507944375639043 0.0048087317688295115
0.25079443756390396 0.175500085438409 0.573705476997687 0.0048087317688295115
0.25079443756390396 0.5737054769976868 0.17550008543840923 0.0048087317688295115
0.1755000854384089 0.25079443756390407 0.573705476997687 0.0048087317688295115
0.5737054769976868 0.1755000854384089 0.2507944375639043 0.0048087317688295115
0.6074103815411007 0.19629480922944975 0.19629480922944953 0.004532616518341825
0.1962948092294492 0.6074103815411013 0.19629480922944953 0.004532616518341825
0.19629480922944953 0.19629480922944953 0.6074103815411009 0.004532616518341825
0.668402566865808 0.1657987165670961 0.16579871656709588 0.004112133551216094
0.16579871656709577 0.6684025668658078 0.16579871656709644 0.004112133551216094
0.16579871656709577 0.16579871656709588 0.6684025668658083 0.004112133551216094
0.5130043968250234 0.4338692218644806 0.05312638131049596 0.003192767083693451
0.053126381310496185 0.5130043968250233 0.4338692218644805 0.003192767083693451
0.4338692218644802 0.053126381310496296 0.5130043968250235 0.003192767083693451
0.43386922186448074 0.5130043968250233 0.05312638131049596 0.003192767083693451
0.05312638131049624 0.43386922186448024 0.5130043968250235 0.003192767083693451
0.513004396825023 0.05312638131049596 0.43386922186448107 0.003192767083693451
0.8720533240163506 0.07703769862531962 0.05090897735832978 0.0017487650502894328
0.050908977358329555 0.8720533240163507 0.07703769862531973 0.0017487650502894328
0.07703769862531928 0.050908977358329555 0.8720533240163512 0.0017487650502894328
0.0770376986253195 0.8720533240163507 0.05090897735832978 0.0017487650502894328
0.05090897735832922 0.07703769862531962 0.8720533240163512 0.0017487650502894328
0.8720533240163506 0.050908977358329666 0.07703769862531973 0.0017487650502894328
0.7120424143833396 0.27683618601952265 0.01112139959713776 0.0014306703323830063
0.01112139959713776 0.7120424143833397 0.27683618601952253 0.0014306703323830063
0.27683618601952187 0.01112139959713776 0.7120424143833404 0.0014306703323830063
0.27683618601952265 0.7120424143833396 0.01112139959713776 0.0014306703323830063
0.011121399597137593 0.2768361860195226 0.7120424143833399 0.0014306703323830063
0.7120424143833396 0.011121399597137649 0.27683618601952276 0.0014306703323830063
0.8145830842158606 0.17363716210342167 0.011779753680717764 0.0012681752789353332
0.01177975368071793 0.8145830842158609 0.17363716210342117 0.0012681752789353332
0.17363716210342095 0.011779753680718041 0.814583084215861 0.0012681752789353332
0.17363716210342173 0.8145830842158606 0.011779753680717708 0.0012681752789353332
0.011779753680717486 0.1736371621034215 0.814583084215861 0.0012681752789353332
0.8145830842158606 0.011779753680717597 0.17363716210342184 0.0012681752789353332
0.6527581850349298 0.33543368866137674 0.01180812630369349 0.0015790337439116784
0.011808126303693545 0.6527581850349296 0.3354336886613769 0.0015790337439116784
0.3354336886613766 0.011808126303693545 0.6527581850349299 0.0015790337439116784
0.3354336886613767 0.6527581850349298 0.011808126303693545 0.0015790337439116784
0.01180812630369299 0.3354336886613771 0.6527581850349299 0.0015790337439116784
0.6527581850349293 0.011808126303693434 0.33543368866137724 0.0015790337439116784
0.5736918975567098 0.3750642184523968 0.05124388399089341 0.0032154452084320563
0.051243883990893635 0.5736918975567097 0.3750642184523967 0.0032154452084320563
0.37506421845239657 0.051243883990893635 0.5736918975567098 0.0032154452084320563
0.3750642184523968 0.5736918975567098 0.05124388399089341 0.0032154452084320563
0.05124388399089358 0.3750642184523966 0.5736918975567098 0.0032154452084320563
0.5736918975567096 0.051243883990893524 0.3750642184523969 0.0032154452084320563
0.4707474573939664 0.34671128612990054 0.18254125647613306 0.005397705822016958
0.18254125647613273 0.47074745739396673 0.34671128612990054 0.005397705822016958
0.34671128612990065 0.18254125647613262 0.47074745739396673 0.005397705822016958
0.34671128612990043 0.4707474573939665 0.18254125647613306 0.005397705822016958
0.18254125647613262 0.34671128612990065 0.47074745739396673 0.005397705822016958
0.4707474573939667 0.18254125647613267 0.3467112861299006 0.005397705822016958
0.690129617289043 0.25596851126066406 0.05390187145029296 0.003062705203010882
0.053901871450292904 0.6901296172890429 0.2559685112606642 0.003062705203010882
0.2559685112606638 0.05390187145029279 0.6901296172890434 0.003062705203010882
0.2559685112606641 0.690129617289043 0.053901871450292904 0.003062705203010882
0.05390187145029279 0.2559685112606638 0.6901296172890434 0.003062705203010882
0.6901296172890429 0.053901871450292904 0.2559685112606642 0.003062705203010882
0.6806497657499148 0.29200692078853174 0.027343313461553498 0.002319218409637449
0.02734331346155372 0.6806497657499146 0.29200692078853163 0.002319218409637449
0.29200692078853163 0.02734331346155372 0.6806497657499146 0.002319218409637449
0.29200692078853174 0.6806497657499148 0.027343313461553498 0.002319218409637449
0.027343313461553664 0.2920069207885317 0.6806497657499146 0.002319218409637449
0.6806497657499144 0.027343313461553498 0.2920069207885321 0.002319218409637449
0.7338403785411445 0.23641723957957556 0.029742381879279967 0.002296100290177285
0.029742381879280244 0.7338403785411441 0.2364172395795756 0.002296100290177285
0.23641723957957528 0.029742381879280244 0.7338403785411445 0.002296100290177285
0.2364172395795755 0.7338403785411446 0.02974238187927991 0.002296100290177285
0.029742381879280244 0.23641723957957528 0.7338403785411445 0.002296100290177285
0.7338403785411443 0.029742381879280133 0.2364172395795756 0.002296100290177285
0.5316578071895073 0.46615089812943544 0.0021912946810572764 0.0007338103320712013
0.0021912946810570544 0.5316578071895071 0.4661508981294359 0.0007338103320712013
0.4661508981294353 0.0021912946810572764 0.5316578071895074 0.0007338103320712013
0.46615089812943544 0.5316578071895073 0.0021912946810572764 0.0007338103320712013
0.002191294681057221 0.46615089812943533 0.5316578071895075 0.0007338103320712013
0.5316578071895071 0.0021912946810570544 0.4661508981294359 0.0007338103320712013
0.7639437050178098 0.2234826291455858 0.012573665836604353 0.001443760276740807
0.01257366583660402 0.7639437050178102 0.2234826291455858 0.001443760276740807
0.22348262914558525 0.012573665836604242 0.7639437050178105 0.001443760276740807
0.22348262914558525 0.7639437050178104 0.012573665836604353 0.001443760276740807
0.012573665836603742 0.22348262914558575 0.7639437050178104 0.001443760276740807
0.7639437050178101 0.012573665836604131 0.2234826291455858 0.001443760276740807
0.5911123169924867 0.3973680138780007 0.011519669129512633 0.0016586663239642617
0.011519669129512633 0.5911123169924868 0.3973680138780006 0.0016586663239642617
0.39736801387800036 0.0115196691295123 0.5911123169924873 0.0016586663239642617
0.3973680138780007 0.5911123169924867 0.011519669129512633 0.0016586663239642617
0.0115196691295123 0.39736801387800036 0.5911123169924873 0.0016586663239642617
0.5911123169924865 0.011519669129512411 0.39736801387800114 0.0016586663239642617
0.5036527190882436 0.2856792432449897 0.21066803766676667 0.005570729308113252
0.210668037666766 0.5036527190882439 0.28567924324499006 0.005570729308113252
0.28567924324498983 0.21066803766676623 0.5036527190882439 0.005570729308113252
0.2856792432449896 0.5036527190882437 0.21066803766676667 0.005570729308113252
0.21066803766676617 0.2856792432449899 0.5036527190882438 0.005570729308113252
0.5036527190882434 0.21066803766676645 0.28567924324499017 0.005570729308113252
0.5419857644259105 0.2290071177870447 0.2290071177870448 0.0053362839978633204
0.22900711778704452 0.5419857644259107 0.22900711778704474 0.0053362839978633204
0.2290071177870447 0.2290071177870447 0.5419857644259105 0.0053362839978633204
0.4002037962405426 0.29989810187972865 0.29989810187972876 0.006475621927822622
0.2998981018797286 0.40020379624054264 0.2998981018797287 0.006475621927822622
0.29989810187972854 0.29989810187972854 0.4002037962405429 0.006475621927822622
0.596837237421125 0.400991912296407 0.00217085028246794 0.0007214374344646005
0.0021708502824681064 0.5968372374211252 0.40099191229640674 0.0007214374344646005
0.40099191229640674 0.0021708502824678844 0.5968372374211254 0.0007214374344646005
0.4009919122964065 0.5968372374211255 0.0021708502824679954 0.0007214374344646005
0.0021708502824677733 0.40099191229640685 0.5968372374211254 0.0007214374344646005
0.5968372374211252 0.0021708502824681064 0.40099191229640674 0.0007214374344646005
0.7879600672161257 0.15627351040407667 0.055766422379797675 0.002622127824414773
0.05576642237979801 0.7879600672161251 0.1562735104040769 0.002622127824414773
0.15627351040407622 0.05576642237979834 0.7879600672161254 0.002622127824414773
0.15627351040407667 0.7879600672161257 0.055766422379797675 0.002622127824414773
0.055766422379797786 0.15627351040407678 0.7879600672161254 0.002622127824414773
0.7879600672161255 0.055766422379797564 0.1562735104040769 0.002622127824414773
0.9501161980450167 0.04778589368468156 0.0020979082703017626 0.0003035796033723822
0.0020979082703014296 0.9501161980450167 0.04778589368468189 0.0003035796033723822
0.04778589368468056 0.0020979082703007634 0.9501161980450187 0.0003035796033723822
0.04778589368468156 0.9501161980450167 0.0020979082703017626 0.0003035796033723822
0.0020979082703003193 0.047785893684681 0.9501161980450187 0.0003035796033723822
0.9501161980450166 0.0020979082703015406 0.04778589368468189 0.0003035796033723822
0.7886726424890332 0.18224915993137425 0.029078197579592513 0.002100087001148407
0.029078197579592624 0.7886726424890335 0.18224915993137392 0.002100087001148407
0.18224915993137336 0.029078197579592513 0.7886726424890341 0.002100087001148407
0.18224915993137425 0.7886726424890332 0.029078197579592513 0.002100087001148407
0.02907819757959229 0.18224915993137425 0.7886726424890335 0.002100087001148407
0.7886726424890332 0.02907819757959229 0.18224915993137447 0.002100087001148407
0.3660812614114255 0.3660812614114255 0.267837477177149 0.006528316945431435
0.2678374771771491 0.3660812614114254 0.3660812614114255 0.006528316945431435
0.3660812614114253 0.2678374771771491 0.3660812614114256 0.006528316945431435
0.8990694649639888 0.08934756819198586 0.011582966844025377 0.0009662986187413293
0.011582966844025488 0.8990694649639885 0.08934756819198597 0.0009662986187413293
0.08934756819198553 0.011582966844025266 0.8990694649639892 0.0009662986187413293
0.08934756819198575 0.8990694649639889 0.011582966844025377 0.0009662986187413293
0.011582966844024933 0.08934756819198586 0.8990694649639892 0.0009662986187413293
0.8990694649639891 0.011582966844024933 0.08934756819198597 0.0009662986187413293
0.7473177571098147 0.1652198812399127 0.08746236165027255 0.0032046723702289733
0.08746236165027266 0.7473177571098146 0.1652198812399127 0.0032046723702289733
0.16521988123991238 0.08746236165027277 0.7473177571098149 0.0032046723702289733
0.1652198812399127 0.7473177571098147 0.08746236165027255 0.0032046723702289733
0.08746236165027244 0.1652198812399127 0.7473177571098149 0.0032046723702289733
0.7473177571098143 0.08746236165027244 0.16521988123991327 0.0032046723702289733
0.9173934916626123 0.08052800473916832 0.0020785035982193723 0.0003922950453873414
0.0020785035982193723 0.9173934916626124 0.08052800473916821 0.0003922950453873414
0.08052800473916921 0.0020785035982205935 0.9173934916626102 0.0003922950453873414
0.08052800473916832 0.9173934916626123 0.0020785035982193723 0.0003922950453873414
0.0020785035982201494 0.08052800473916966 0.9173934916626102 0.0003922950453873414
0.9173934916626122 0.002078503598219039 0.08052800473916877 0.0003922950453873414
0.43298071468761723 0.3305415015675992 0.23647778374478357 0.006257581208036471
0.2364777837447839 0.4329807146876169 0.3305415015675992 0.006257581208036471
0.33054150156759876 0.23647778374478357 0.4329807146876177 0.006257581208036471
0.3305415015675992 0.43298071468761723 0.23647778374478357 0.006257581208036471
0.2364777837447838 0.3305415015675992 0.432980714687617 0.006257581208036471
0.4329807146876174 0.2364777837447834 0.33054150156759915 0.006257581208036471
0.7021169686939936 0.17507401325229371 0.12280901805371264 0.003781240514090918
0.12280901805371258 0.7021169686939936 0.17507401325229377 0.003781240514090918
0.17507401325229344 0.12280901805371292 0.7021169686939936 0.003781240514090918
0.17507401325229366 0.7021169686939938 0.12280901805371258 0.003781240514090918
0.12280901805371269 0.17507401325229366 0.7021169686939936 0.003781240514090918
0.7021169686939935 0.12280901805371269 0.17507401325229377 0.003781240514090918
0.8315999985260937 0.11339497302942281 0.05500502844448352 0.0023063619647721587
0.05500502844448385 0.831599998526094 0.11339497302942214 0.0023063619647721587
0.11339497302942203 0.05500502844448363 0.8315999985260943 0.0023063619647721587
0.1133949730294227 0.8315999985260938 0.05500502844448352 0.0023063619647721587
0.05500502844448352 0.11339497302942214 0.8315999985260943 0.0023063619647721587
0.8315999985260937 0.05500502844448363 0.1133949730294227 0.0023063619647721587
0.876662238366439 0.09454422840644894 0.02879353322711209 0.0015964303372989377
0.0287935332271122 0.8766622383664392 0.0945442284064486 0.0015964303372989377
0.09454422840644838 0.0287935332271122 0.8766622383664394 0.0015964303372989377
0.09454422840644883 0.8766622383664391 0.02879353322711209 0.0015964303372989377
0.028793533227111756 0.09454422840644883 0.8766622383664394 0.0015964303372989377
0.8766622383664389 0.028793533227111867 0.09454422840644927 0.0015964303372989377
0.9147477258472863 0.0589589423608462 0.026293331791867547 0.0012488360135939395
0.02629333179186777 0.9147477258472859 0.05895894236084631 0.0012488360135939395
0.05895894236084598 0.02629333179186788 0.9147477258472861 0.0012488360135939395
0.0589589423608462 0.9147477258472863 0.026293331791867547 0.0012488360135939395
0.026293331791867436 0.05895894236084642 0.9147477258472861 0.0012488360135939395
0.9147477258472858 0.02629333179186788 0.05895894236084631 0.0012488360135939395
0.6162465555124068 0.35544611710236984 0.028307327385223346 0.002555628408294533
0.02830732738522368 0.6162465555124066 0.35544611710236973 0.002555628408294533
0.3554461171023694 0.028307327385223457 0.6162465555124071 0.002555628408294533
0.35544611710236984 0.6162465555124068 0.028307327385223346 0.002555628408294533
0.028307327385223457 0.3554461171023694 0.6162465555124071 0.002555628408294533
0.6162465555124066 0.028307327385223457 0.35544611710236995 0.002555628408294533
0.5512452167474322 0.4206278444454292 0.02812693880713857 0.002678284931690549
0.0281269388071389 0.5512452167474319 0.4206278444454292 0.002678284931690549
0.4206278444454286 0.02812693880713857 0.5512452167474329 0.002678284931690549
0.4206278444454292 0.5512452167474322 0.02812693880713857 0.002678284931690549
0.028126938807138846 0.4206278444454289 0.5512452167474323 0.002678284931690549
0.5512452167474319 0.0281269388071389 0.4206278444454292 0.002678284931690549
0.938461312095836 0.030769343952082195 0.03076934395208175 0.00097170970013712
0.03076934395208153 0.9384613120958367 0.03076934395208175 0.00097170970013712
0.03076934395208053 0.03076934395208053 0.9384613120958389 0.00097170970013712
0.721556621740485 0.27634247716644594 0.0021009010930690963 0.0006413900158337838
0.002100901093069041 0.7215566217404852 0.2763424771664458 0.0006413900158337838
0.2763424771664452 0.002100901093069263 0.7215566217404855 0.0006413900158337838
0.2763424771664459 0.721556621740485 0.002100901093069152 0.0006413900158337838
0.0021009010930689853 0.27634247716644605 0.721556621740485 0.0006413900158337838
0.721556621740485 0.002100901093069041 0.276342477166446 0.0006413900158337838
0.833643494459603 0.13583440513813705 0.03052210040226 0.0019107173540585329
0.03052210040225989 0.8336434944596028 0.13583440513813727 0.0019107173540585329
0.13583440513813683 0.030522100402259777 0.8336434944596034 0.0019107173540585329
0.13583440513813694 0.8336434944596031 0.03052210040226 0.0019107173540585329
0.030522100402259278 0.13583440513813733 0.8336434944596034 0.0019107173540585329
0.8336434944596026 0.030522100402259555 0.13583440513813783 0.0019107173540585329
0.7904245130980825 0.12143244492038746 0.08814304198153006 0.0030285648566489762
0.08814304198153033 0.7904245130980825 0.12143244492038718 0.0030285648566489762
0.12143244492038696 0.08814304198153033 0.7904245130980827 0.0030285648566489762
0.1214324449203874 0.7904245130980825 0.08814304198153011 0.0030285648566489762
0.08814304198153 0.1214324449203873 0.7904245130980827 0.0030285648566489762
0.7904245130980823 0.08814304198153011 0.12143244492038763 0.0030285648566489762
0.8350026124728833 0.08249869376355834 0.08249869376355834 0.0024386979014754157
0.08249869376355834 0.8350026124728833 0.08249869376355834 0.0024386979014754157
0.08249869376355834 0.08249869376355834 0.8350026124728833 0.0024386979014754157
0.8581647113948482 0.12925448133294815 0.012580807272203676 0.001194019474513769
0.012580807272203676 0.8581647113948478 0.12925448133294848 0.001194019474513769
0.1292544813329477 0.012580807272203787 0.8581647113948485 0.001194019474513769
0.12925448133294815 0.8581647113948482 0.012580807272203676 0.001194019474513769
0.01258080727220351 0.12925448133294853 0.8581647113948478 0.001194019474513769
0.8581647113948477 0.012580807272203787 0.12925448133294848 0.001194019474513769
0.6431846260118412 0.2729393183303263 0.08387605565783246 0.0039897861442201
0.0838760556578323 0.6431846260118413 0.27293931833032636 0.0039897861442201
0.27293931833032603 0.08387605565783218 0.6431846260118418 0.0039897861442201
0.27293931833032625 0.6431846260118413 0.0838760556578324 0.0039897861442201
0.08387605565783207 0.27293931833032614 0.6431846260118418 0.0039897861442201
0.6431846260118413 0.0838760556578323 0.27293931833032636 0.0039897861442201
0.46082300434758805 0.46082300434758816 0.07835399130482379 0.004188204071776387
0.07835399130482323 0.46082300434758827 0.4608230043475885 0.004188204071776387
0.4608230043475877 0.07835399130482379 0.4608230043475885 0.004188204071776387
0.598983967881008 0.2762244316742871 0.12479160044470483 0.0047741598764475274
0.1247916004447045 0.5989839678810085 0.276224431674287 0.0047741598764475274
0.27622443167428656 0.12479160044470461 0.5989839678810088 0.0047741598764475274
0.2762244316742871 0.598983967881008 0.12479160044470483 0.0047741598764475274
0.12479160044470439 0.27622443167428734 0.5989839678810083 0.0047741598764475274
0.5989839678810084 0.12479160044470439 0.27622443167428723 0.0047741598764475274
0.8312386887187593 0.16653106199180123 0.00223024928943949 0.0005681012975306614
0.00223024928943949 0.8312386887187595 0.166531061991801 0.0005681012975306614
0.16653106199180057 0.00223024928943949 0.8312386887187599 0.0005681012975306614
0.16653106199180123 0.8312386887187593 0.00223024928943949 0.0005681012975306614
0.0022302492894390458 0.166531061991801 0.8312386887187599 0.0005681012975306614
0.8312386887187592 0.002230249289439157 0.16653106199180168 0.0005681012975306614
0.6603914710100434 0.3373238618789554 0.002284667111001226 0.0007292897898915351
0.0022846671110006156 0.6603914710100437 0.3373238618789557 0.0007292897898915351
0.3373238618789557 0.0022846671110007266 0.6603914710100436 0.0007292897898915351
0.33732386187895547 0.6603914710100434 0.0022846671110011707 0.0007292897898915351
0.0022846671110007266 0.3373238618789557 0.6603914710100436 0.0007292897898915351
0.6603914710100431 0.0022846671110010597 0.3373238618789558 0.0007292897898915351
0.4667685826046065 0.26661570869769646 0.266615708697697 0.005986274296475095
0.2666157086976965 0.46676858260460646 0.26661570869769696 0.005986274296475095
0.2666157086976968 0.2666157086976968 0.4667685826046064 0.005986274296475095
0.7431211301049754 0.12843943494751242 0.1284394349475122 0.0037734801565330604
0.1284394349475121 0.7431211301049752 0.12843943494751275 0.0037734801565330604
0.12843943494751214 0.12843943494751214 0.7431211301049756 0.0037734801565330604
0.5268218597395555 0.38998483768037867 0.0831933025800658 0.004399556169986042
0.08319330258006552 0.5268218597395555 0.38998483768037895 0.004399556169986042
0.38998483768037884 0.08319330258006574 0.5268218597395554 0.004399556169986042
0.38998483768037906 0.5268218597395552 0.08319330258006574 0.004399556169986042
0.0831933025800658 0.3899848376803788 0.5268218597395555 0.004399556169986042
0.5268218597395554 0.08319330258006541 0.38998483768037917 0.004399556169986042
0.33333333333333326 0.33333333333333326 0.3333333333333335 0.006635047123207151
0.7785355668785607 0.21905740202960683 0.0024070310918324345 0.0006789589985773298
0.002407031091832601 0.7785355668785606 0.21905740202960677 0.0006789589985773298
0.21905740202960666 0.002407031091832601 0.7785355668785607 0.0006789589985773298
0.21905740202960688 0.7785355668785607 0.002407031091832379 0.0006789589985773298
0.002407031091832157 0.2190574020296071 0.7785355668785607 0.0006789589985773298
0.7785355668785603 0.002407031091832268 0.21905740202960744 0.0006789589985773298
0.8772415939384313 0.12034134244309036 0.0024170636184783767 0.0005314441134061795
0.0024170636184784877 0.8772415939384316 0.12034134244308992 0.0005314441134061795
0.12034134244309003 0.0024170636184781547 0.8772415939384318 0.0005314441134061795
0.12034134244309025 0.8772415939384314 0.0024170636184783767 0.0005314441134061795
0.0024170636184780436 0.12034134244309014 0.8772415939384318 0.0005314441134061795
0.8772415939384313 0.0024170636184782657 0.12034134244309047 0.0005314441134061795
0.3975115754020483 0.3975115754020482 0.20497684919590353 0.006481647254486536
0.2049768491959032 0.3975115754020483 0.3975115754020485 0.006481647254486536
0.39751157540204823 0.20497684919590325 0.39751157540204857 0.006481647254486536
0.9549696683961201 0.0321434597854271 0.012886871818452827 0.0006475246634133396
0.01288687181845316 0.9549696683961203 0.03214345978542654 0.0006475246634133396
0.032143459785425654 0.012886871818452383 0.954969668396122 0.0006475246634133396
0.03214345978542699 0.9549696683961202 0.012886871818452827 0.0006475246634133396
0.01288687181845205 0.03214345978542599 0.954969668396122 0.0006475246634133396
0.95496966839612 0.012886871818452938 0.0321434597854271 0.0006475246634133396
0.9742406031282297 0.012879698435885656 0.012879698435884657 0.00044934671028004435
0.012879698435885323 0.9742406031282295 0.012879698435885212 0.00044934671028004435
0.012879698435886322 0.012879698435886433 0.9742406031282272 0.00044934671028004435
0.9734342386997916 0.023978362588197744 0.0025873987120106356 0.0002613279460023002
0.0025873987120107467 0.9734342386997918 0.02397836258819741 0.0002613279460023002
0.023978362588198188 0.002587398712012079 0.9734342386997897 0.0002613279460023002
0.023978362588197633 0.9734342386997917 0.0025873987120106356 0.0002613279460023002
0.002587398712011524 0.023978362588198743 0.9734342386997897 0.0002613279460023002
0.9734342386997917 0.0025873987120108577 0.02397836258819741 0.0002613279460023002
0.999014155515188 0.0004929222424061575 0.0004929222424058244 1.4095220135950465e-05
0.0004929222424060464 0.9990141555151881 0.0004929222424058244 1.4095220135950465e-05
0.0004929222424046031 0.0004929222424047142 0.9990141555151907 1.4095220135950465e-05
