0.487288273230418 0.2563558633847911 0.2563558633847909 0.0033286951747132274
0.256355863384791 0.4872882732304181 0.2563558633847909 0.0033286951747132274
0.25635586338479077 0.2563558633847909 0.48728827323041835 0.0033286951747132274
0.5557544570355873 0.44332308685834243 0.0009224561060702241 0.00034732815949247727
0.0009224561060705572 0.5557544570355875 0.443323086858342 0.00034732815949247727
0.44332308685834165 0.0009224561060705572 0.5557544570355878 0.00034732815949247727
0.4433230868583423 0.5557544570355875 0.0009224561060702241 0.00034732815949247727
0.0009224561060701131 0.4433230868583421 0.5557544570355878 0.00034732815949247727
0.5557544570355872 0.0009224561060702241 0.44332308685834254 0.00034732815949247727
0.9516251148618965 0.025936893875790457 0.02243799126231305 0.000300050101909908
0.02243799126231283 0.9516251148618969 0.025936893875790235 0.000300050101909908
0.025936893875789457 0.022437991262312607 0.9516251148618979 0.000300050101909908
0.025936893875790457 0.9516251148618965 0.02243799126231305 0.000300050101909908
0.022437991262312162 0.0259368938757899 0.9516251148618979 0.000300050101909908
0.9516251148618966 0.022437991262312607 0.02593689387579079 0.000300050101909908
0.5370651664429974 0.24014410526326946 0.22279072829373314 0.002730402059229789
0.2227907282937327 0.5370651664429976 0.24014410526326968 0.002730402059229789
0.2401441052632693 0.22279072829373286 0.5370651664429977 0.002730402059229789
0.24014410526326935 0.5370651664429975 0.22279072829373314 0.002730402059229789
0.2227907282937326 0.24014410526326957 0.5370651664429978 0.002730402059229789
0.5370651664429976 0.2227907282937327 0.24014410526326968 0.002730402059229789
0.8423271680031108 0.13455261802664276 0.02312021397024644 0.0011329714517846234
0.023120213970246772 0.8423271680031108 0.13455261802664242 0.0011329714517846234
0.1345526180266421 0.023120213970246217 0.8423271680031117 0.0011329714517846234
0.13455261802664276 0.8423271680031108 0.02312021397024644 0.0011329714517846234
0.023120213970245607 0.1345526180266427 0.8423271680031117 0.0011329714517846234
0.842327168003111 0.023120213970245995 0.13455261802664298 0.0011329714517846234
0.9541076477376595 0.045035572467331586 0.0008567797950088663 0.00013652184099670515
0.0008567797950087552 0.95410764773766 0.04503557246733125 0.00013652184099670515
0.04503557246733092 0.0008567797950089773 0.9541076477376601 0.00013652184099670515
0.045035572467331475 0.9541076477376597 0.0008567797950088663 0.00013652184099670515
0.0008567797950085332 0.045035572467331364 0.9541076477376601 0.00013652184099670515
0.9541076477376595 0.0008567797950086442 0.04503557246733181 0.00013652184099670515
0.5864767957713559 0.40871456656777194 0.004808637660872139 0.0007693760667843212
0.004808637660872028 0.5864767957713561 0.40871456656777183 0.0007693760667843212
0.4087145665677716 0.004808637660871695 0.5864767957713567 0.0007693760667843212
0.40871456656777194 0.5864767957713559 0.004808637660872139 0.0007693760667843212
0.004808637660871862 0.408714566567772 0.5864767957713561 0.0007693760667843212
0.5864767957713558 0.004808637660871806 0.4087145665677724 0.0007693760667843212
0.8050435299005784 0.1714634577399834 0.023493012359438237 0.0012969731946121381
0.02349301235943846 0.8050435299005785 0.17146345773998306 0.0012969731946121381
0.17146345773998262 0.02349301235943868 0.8050435299005787 0.0012969731946121381
0.1714634577399834 0.8050435299005784 0.023493012359438237 0.0012969731946121381
0.023493012359438126 0.17146345773998317 0.8050435299005787 0.0012969731946121381
0.8050435299005783 0.023493012359438126 0.17146345773998362 0.0012969731946121381
0.9967388437157076 0.0016305781421466214 0.0016305781421457333 3.6593224246369785e-05
0.0016305781421458443 0.9967388437157079 0.0016305781421462884 3.6593224246369785e-05
0.001630578142144623 0.001630578142144512 0.9967388437157109 3.6593224246369785e-05
0.6964974281656031 0.2101059247050332 0.09339664712936369 0.002805855162110434
0.09339664712936324 0.6964974281656033 0.21010592470503342 0.002805855162110434
0.21010592470503275 0.09339664712936369 0.6964974281656036 0.002805855162110434
0.2101059247050331 0.6964974281656032 0.09339664712936369 0.002805855162110434
0.09339664712936324 0.2101059247050332 0.6964974281656036 0.002805855162110434
0.6964974281656032 0.09339664712936335 0.21010592470503342 0.002805855162110434
0.818906543230267 0.13929682011858502 0.04179663665114797 0.0017088242229934072
0.04179663665114797 0.818906543230267 0.13929682011858502 0.0017088242229934072
0.13929682011858469 0.04179663665114819 0.8189065432302671 0.0017088242229934072
0.13929682011858502 0.818906543230267 0.04179663665114797 0.0017088242229934072
0.041796636651147856 0.13929682011858502 0.8189065432302671 0.0017088242229934072
0.8189065432302667 0.041796636651147745 0.13929682011858557 0.0017088242229934072
0.8802606341943792 0.07038205391275931 0.04935731189286152 0.0014835269432186787
0.04935731189286141 0.8802606341943795 0.07038205391275909 0.0014835269432186787
0.07038205391275876 0.0493573118928613 0.8802606341943799 0.0014835269432186787
0.07038205391275876 0.8802606341943797 0.04935731189286152 0.0014835269432186787
0.04935731189286097 0.07038205391275909 0.8802606341943799 0.0014835269432186787
0.880260634194379 0.04935731189286119 0.07038205391275976 0.0014835269432186787
0.49032686924845126 0.49032686924845126 0.019346261503097484 0.0016513963572791365
0.01934626150309715 0.49032686924845126 0.4903268692484516 0.0016513963572791365
0.49032686924845115 0.019346261503097262 0.4903268692484516 0.0016513963572791365
0.47457940483134486 0.3726064881564939 0.15281410701216125 0.004254194433240604
0.15281410701216086 0.4745794048313449 0.37260648815649416 0.004254194433240604
0.37260648815649383 0.15281410701216086 0.47457940483134525 0.004254194433240604
0.3726064881564939 0.47457940483134486 0.15281410701216125 0.004254194433240604
0.1528141070121608 0.3726064881564939 0.4745794048313453 0.004254194433240604
0.4745794048313448 0.15281410701216086 0.3726064881564944 0.004254194433240604
0.7869688527917342 0.1479157172776442 0.06511542993062158 0.0021977995867183777
0.06511542993062158 0.7869688527917346 0.14791571727764385 0.0021977995867183777
0.14791571727764385 0.06511542993062147 0.7869688527917347 0.0021977995867183777
0.1479157172776442 0.7869688527917342 0.06511542993062158 0.0021977995867183777
0.06511542993062125 0.14791571727764408 0.7869688527917347 0.0021977995867183777
0.7869688527917342 0.06511542993062136 0.1479157172776444 0.0021977995867183777
0.7625132132423355 0.21402464358164353 0.023462143176021022 0.00154858194789164
0.02346214317602069 0.7625132132423358 0.21402464358164353 0.00154858194789164
0.21402464358164375 0.02346214317602069 0.7625132132423356 0.00154858194789164
0.21402464358164341 0.7625132132423356 0.023462143176021022 0.00154858194789164
0.02346214317602069 0.21402464358164375 0.7625132132423356 0.00154858194789164
0.7625132132423355 0.023462143176020467 0.21402464358164408 0.00154858194789164
0.617700318707445 0.3302674030581441 0.05203227823441087 0.002603280530153573
0.05203227823441092 0.617700318707445 0.33026740305814406 0.002603280530153573
0.33026740305814384 0.0520322782344107 0.6177003187074455 0.002603280530153573
0.33026740305814406 0.6177003187074451 0.05203227823441081 0.002603280530153573
0.052032278234410756 0.3302674030581438 0.6177003187074455 0.002603280530153573
0.6177003187074448 0.05203227823441092 0.3302674030581443 0.002603280530153573
0.6285206173500637 0.36998486354440374 0.0014945191055325546 0.0004661702641032547
0.0014945191055324436 0.6285206173500635 0.3699848635444041 0.0004661702641032547
0.3699848635444034 0.0014945191055324436 0.6285206173500641 0.0004661702641032547
0.36998486354440363 0.6285206173500638 0.0014945191055325546 0.0004661702641032547
0.0014945191055318885 0.36998486354440396 0.6285206173500641 0.0004661702641032547
0.6285206173500634 0.0014945191055323326 0.3699848635444043 0.0004661702641032547
0.9204446840218712 0.06751156904333622 0.012043746934792599 0.0006575771563735135
0.012043746934792599 0.9204446840218716 0.06751156904333577 0.0006575771563735135
0.06751156904333488 0.01204374693479171 0.9204446840218734 0.0006575771563735135
0.06751156904333622 0.9204446840218712 0.012043746934792599 0.0006575771563735135
0.012043746934791377 0.06751156904333522 0.9204446840218734 0.0006575771563735135
0.9204446840218713 0.012043746934792376 0.06751156904333633 0.0006575771563735135
0.506216373276442 0.43709884118009673 0.05668478554346129 0.0027864654094993725
0.056684785543461125 0.5062163732764422 0.4370988411800967 0.0027864654094993725
0.43709884118009645 0.05668478554346146 0.5062163732764421 0.0027864654094993725
0.4370988411800968 0.506216373276442 0.056684785543461236 0.0027864654094993725
0.05668478554346096 0.43709884118009695 0.5062163732764422 0.0027864654094993725
0.5062163732764419 0.0566847855434609 0.43709884118009723 0.0027864654094993725
0.42258716850752054 0.42258716850752065 0.1548256629849588 0.004259096678191471
0.1548256629849586 0.42258716850752054 0.42258716850752087 0.004259096678191471
0.42258716850752054 0.1548256629849586 0.42258716850752087 0.004259096678191471
0.47062763679739905 0.4145122211577854 0.11486014204481554 0.004129656953141689
0.1148601420448151 0.47062763679739916 0.41451222115778574 0.004129656953141689
0.4145122211577853 0.11486014204481532 0.4706276367973994 0.004129656953141689
0.4145122211577853 0.47062763679739916 0.11486014204481554 0.004129656953141689
0.11486014204481532 0.4145122211577853 0.4706276367973994 0.004129656953141689
0.4706276367973986 0.11486014204481565 0.41451222115778574 0.004129656953141689
0.6063546515443636 0.36238051226892753 0.03126483618670883 0.0021542829173274635
0.03126483618670872 0.6063546515443637 0.36238051226892753 0.0021542829173274635
0.362380512268927 0.031264836186709055 0.606354651544364 0.0021542829173274635
0.36238051226892753 0.6063546515443636 0.03126483618670883 0.0021542829173274635
0.0312648361867085 0.36238051226892753 0.606354651544364 0.0021542829173274635
0.6063546515443636 0.03126483618670861 0.36238051226892776 0.0021542829173274635
0.5855020743432546 0.31225128551120374 0.10224664014554163 0.0034759522016710913
0.10224664014554163 0.5855020743432547 0.3122512855112036 0.0034759522016710913
0.31225128551120346 0.10224664014554147 0.5855020743432551 0.0034759522016710913
0.3122512855112036 0.5855020743432547 0.10224664014554163 0.0034759522016710913
0.10224664014554147 0.31225128551120346 0.5855020743432551 0.0034759522016710913
0.5855020743432546 0.10224664014554163 0.31225128551120374 0.0034759522016710913
0.4805756764340301 0.4805756764340301 0.038848647131939806 0.002424279957409894
0.03884864713193975 0.4805756764340298 0.4805756764340304 0.002424279957409894
0.48057567643402976 0.038848647131939806 0.48057567643403043 0.002424279957409894
0.558961376423239 0.392689321703688 0.04834930187307307 0.0027066142543970937
0.04834930187307285 0.558961376423239 0.3926893217036882 0.0027066142543970937
0.39268932170368787 0.04834930187307285 0.5589613764232393 0.0027066142543970937
0.392689321703688 0.558961376423239 0.04834930187307307 0.0027066142543970937
0.04834930187307285 0.39268932170368787 0.5589613764232393 0.0027066142543970937
0.5589613764232388 0.04834930187307296 0.3926893217036882 0.0027066142543970937
0.9639565689080692 0.026063854162288402 0.009979576929642353 0.0003857792869821272
0.009979576929642686 0.9639565689080697 0.026063854162287625 0.0003857792869821272
0.026063854162287736 0.009979576929642686 0.9639565689080696 0.0003857792869821272
0.02606385416228829 0.9639565689080694 0.009979576929642353 0.0003857792869821272
0.009979576929642353 0.02606385416228807 0.9639565689080696 0.0003857792869821272
0.9639565689080694 0.009979576929642464 0.02606385416228818 0.0003857792869821272
0.5176960633851164 0.39839099584495535 0.08391294076992822 0.0034396664292256195
0.08391294076992806 0.5176960633851162 0.39839099584495574 0.0034396664292256195
0.39839099584495524 0.08391294076992822 0.5176960633851166 0.0034396664292256195
0.3983909958449553 0.5176960633851164 0.08391294076992828 0.0034396664292256195
0.08391294076992822 0.39839099584495524 0.5176960633851166 0.0034396664292256195
0.5176960633851161 0.08391294076992817 0.39839099584495574 0.0034396664292256195
0.947391476977801 0.04588039132091504 0.006728131701283946 0.0004380269370903711
0.006728131701284057 0.9473914769778011 0.045880391320914815 0.0004380269370903711
0.04588039132091337 0.006728131701283169 0.9473914769778035 0.0004380269370903711
0.04588039132091504 0.947391476977801 0.006728131701283946 0.0004380269370903711
0.006728131701282725 0.045880391320913816 0.9473914769778035 0.0004380269370903711
0.9473914769778007 0.006728131701283835 0.04588039132091548 0.0004380269370903711
0.5715936673024646 0.2510983078651667 0.17730802483236868 0.004406014527810268
0.17730802483236852 0.5715936673024646 0.25109830786516685 0.004406014527810268
0.2510983078651666 0.1773080248323683 0.5715936673024651 0.004406014527810268
0.25109830786516674 0.5715936673024646 0.17730802483236863 0.004406014527810268
0.17730802483236818 0.25109830786516674 0.5715936673024651 0.004406014527810268
0.5715936673024645 0.17730802483236863 0.25109830786516685 0.004406014527810268
0.7741789783303031 0.18313693393461128 0.042684087735085585 0.002017500808455378
0.04268408773508525 0.7741789783303034 0.1831369339346114 0.002017500808455378
0.1831369339346106 0.042684087735085696 0.7741789783303037 0.002017500808455378
0.18313693393461117 0.7741789783303032 0.042684087735085585 0.002017500808455378
0.04268408773508514 0.18313693393461117 0.7741789783303037 0.002017500808455378
0.7741789783303032 0.04268408773508536 0.1831369339346114 0.002017500808455378
0.5715609286815996 0.3540463032783626 0.0743927680400378 0.003238278604549657
0.07439276804003836 0.5715609286815992 0.3540463032783624 0.003238278604549657
0.35404630327836195 0.07439276804003803 0.5715609286816 0.003238278604549657
0.3540463032783626 0.5715609286815996 0.0743927680400378 0.003238278604549657
0.07439276804003803 0.35404630327836195 0.5715609286816 0.003238278604549657
0.5715609286815992 0.07439276804003825 0.3540463032783625 0.003238278604549657
0.45722006509279634 0.29921098711016725 0.24356894779703642 0.004666210799193975
0.24356894779703636 0.4572200650927964 0.2992109871101672 0.004666210799193975
0.2992109871101672 0.24356894779703636 0.4572200650927965 0.004666210799193975
0.2992109871101673 0.4572200650927963 0.24356894779703636 0.004666210799193975
0.2435689477970363 0.29921098711016725 0.45722006509279645 0.004666210799193975
0.4572200650927963 0.24356894779703636 0.2992109871101674 0.004666210799193975
0.6327691972686005 0.2908392329854115 0.07639156974598804 0.0031592258177548763
0.07639156974598771 0.6327691972686006 0.2908392329854117 0.0031592258177548763
0.2908392329854117 0.07639156974598771 0.6327691972686006 0.0031592258177548763
0.2908392329854115 0.6327691972686005 0.07639156974598804 0.0031592258177548763
0.07639156974598771 0.2908392329854117 0.6327691972686006 0.0031592258177548763
0.6327691972686005 0.0763915697459876 0.2908392329854119 0.0031592258177548763
0.6896292784778069 0.18614613185330692 0.12422458966888622 0.0034735845184462465
0.12422458966888605 0.6896292784778071 0.18614613185330686 0.0034735845184462465
0.18614613185330675 0.12422458966888617 0.6896292784778071 0.0034735845184462465
0.18614613185330686 0.689629278477807 0.12422458966888617 0.0034735845184462465
0.12422458966888594 0.18614613185330697 0.6896292784778071 0.0034735845184462465
0.6896292784778068 0.12422458966888583 0.18614613185330742 0.0034735845184462465
0.8565938166582098 0.13362717497122478 0.009779008370565445 0.0008953928804097959
0.009779008370565778 0.8565938166582099 0.13362717497122434 0.0008953928804097959
0.13362717497122434 0.009779008370565334 0.8565938166582103 0.0008953928804097959
0.13362717497122478 0.8565938166582098 0.009779008370565445 0.0008953928804097959
0.009779008370565334 0.13362717497122434 0.8565938166582103 0.0008953928804097959
0.85659381665821 0.009779008370565112 0.1336271749712249 0.0008953928804097959
0.9030804628036244 0.06897633514821155 0.02794320204816403 0.001080478483625377
0.02794320204816414 0.9030804628036241 0.06897633514821178 0.001080478483625377
0.06897633514821111 0.02794320204816403 0.9030804628036249 0.001080478483625377
0.06897633514821144 0.9030804628036245 0.02794320204816403 0.001080478483625377
0.027943202048163696 0.06897633514821144 0.9030804628036249 0.001080478483625377
0.9030804628036241 0.02794320204816414 0.06897633514821178 0.001080478483625377
0.7137007122193401 0.261491019269808 0.02480826851085194 0.0018129744491099447
0.02480826851085194 0.7137007122193401 0.261491019269808 0.0018129744491099447
0.26149101926980767 0.024808268510851716 0.7137007122193406 0.0018129744491099447
0.261491019269808 0.7137007122193401 0.02480826851085194 0.0018129744491099447
0.02480826851085194 0.261491019269808 0.7137007122193401 0.0018129744491099447
0.7137007122193397 0.024808268510851716 0.26149101926980856 0.0018129744491099447
0.9348945435129992 0.04397945605911702 0.021126000427883818 0.0007651571304863342
0.02112600042788415 0.9348945435129993 0.04397945605911657 0.0007651571304863342
0.04397945605911702 0.021126000427884484 0.9348945435129985 0.0007651571304863342
0.04397945605911702 0.9348945435129992 0.021126000427883818 0.0007651571304863342
0.02112600042788415 0.04397945605911735 0.9348945435129985 0.0007651571304863342
0.9348945435129994 0.021126000427883485 0.04397945605911713 0.0007651571304863342
0.6848928980386437 0.24695723170731076 0.06814987025404551 0.002857681704279042
0.06814987025404518 0.6848928980386442 0.24695723170731065 0.002857681704279042
0.24695723170731032 0.06814987025404529 0.6848928980386444 0.002857681704279042
0.24695723170731076 0.6848928980386437 0.06814987025404551 0.002857681704279042
0.06814987025404479 0.24695723170731082 0.6848928980386444 0.002857681704279042
0.6848928980386438 0.06814987025404495 0.2469572317073112 0.002857681704279042
0.739597390119724 0.1916073029798412 0.06879530690043478 0.002655812090551694
0.06879530690043434 0.7395973901197244 0.1916073029798413 0.002655812090551694
0.19160730297984074 0.06879530690043478 0.7395973901197245 0.002655812090551694
0.19160730297984108 0.7395973901197241 0.06879530690043478 0.002655812090551694
0.06879530690043428 0.19160730297984124 0.7395973901197244 0.002655812090551694
0.7395973901197244 0.06879530690043434 0.1916073029798413 0.002655812090551694
0.5262505405714474 0.3173959823085314 0.15635347712002123 0.004477437621106456
0.15635347712002134 0.5262505405714474 0.3173959823085313 0.004477437621106456
0.3173959823085312 0.1563534771200213 0.5262505405714475 0.004477437621106456
0.3173959823085314 0.5262505405714474 0.15635347712002123 0.004477437621106456
0.15635347712002123 0.3173959823085313 0.5262505405714475 0.004477437621106456
0.5262505405714473 0.1563534771200213 0.31739598230853144 0.004477437621106456
0.5903719225644826 0.3938393062998426 0.01578877113567484 0.0016535172612734345
0.015788771135674673 0.5903719225644827 0.39383930629984265 0.0016535172612734345
0.39383930629984265 0.015788771135674673 0.5903719225644827 0.0016535172612734345
0.39383930629984265 0.5903719225644826 0.015788771135674784 0.0016535172612734345
0.015788771135674617 0.3938393062998427 0.5903719225644828 0.0016535172612734345
0.5903719225644823 0.01578877113567445 0.3938393062998432 0.0016535172612734345
0.6584089238199837 0.31814466821278586 0.02344640796723041 0.001944989635714543
0.023446407967230187 0.6584089238199841 0.31814466821278575 0.001944989635714543
0.3181446682127852 0.023446407967230187 0.6584089238199846 0.001944989635714543
0.31814466821278575 0.6584089238199838 0.02344640796723041 0.001944989635714543
0.023446407967229965 0.318144668212786 0.6584089238199841 0.001944989635714543
0.658408923819984 0.023446407967230076 0.318144668212786 0.001944989635714543
0.5837056989706171 0.2803644875579971 0.13592981347138583 0.004054517580717537
0.135929813471386 0.5837056989706171 0.2803644875579969 0.004054517580717537
0.28036448755799626 0.13592981347138633 0.5837056989706174 0.004054517580717537
0.28036448755799703 0.5837056989706171 0.13592981347138589 0.004054517580717537
0.13592981347138577 0.2803644875579968 0.5837056989706174 0.004054517580717537
0.583705698970617 0.135929813471386 0.28036448755799703 0.004054517580717537
0.7253286729028015 0.22997573008415645 0.0446955970130421 0.002347197009867935
0.044695597013042154 0.7253286729028011 0.22997573008415673 0.002347197009867935
0.22997573008415606 0.044695597013042154 0.7253286729028018 0.002347197009867935
0.2299757300841564 0.7253286729028015 0.044695597013042154 0.002347197009867935
0.0446955970130416 0.22997573008415662 0.7253286729028018 0.002347197009867935
0.7253286729028011 0.044695597013042154 0.22997573008415673 0.002347197009867935
0.4044556242737054 0.3494881250371351 0.24605625068915948 0.005419796681891533
0.24605625068915937 0.4044556242737054 0.3494881250371352 0.005419796681891533
0.3494881250371353 0.24605625068915932 0.40445562427370535 0.005419796681891533
0.3494881250371351 0.4044556242737054 0.24605625068915948 0.005419796681891533
0.24605625068915926 0.34948812503713533 0.4044556242737054 0.005419796681891533
0.40445562427370535 0.24605625068915943 0.34948812503713517 0.005419796681891533
0.8928281693560607 0.09640835790622271 0.010763472737716606 0.0008214191155561717
0.010763472737716828 0.8928281693560609 0.09640835790622226 0.0008214191155561717
0.09640835790622204 0.010763472737716828 0.8928281693560611 0.0008214191155561717
0.09640835790622271 0.8928281693560607 0.010763472737716606 0.0008214191155561717
0.01076347273771644 0.09640835790622243 0.8928281693560611 0.0008214191155561717
0.8928281693560605 0.010763472737716606 0.09640835790622293 0.0008214191155561717
0.872864222307431 0.10033800796659992 0.02679776972596909 0.001333123074781967
0.02679776972596981 0.8728642223074309 0.10033800796659931 0.001333123074781967
0.10033800796659931 0.02679776972596959 0.8728642223074311 0.001333123074781967
0.10033800796659986 0.872864222307431 0.026797769725969145 0.001333123074781967
0.026797769725969145 0.10033800796659975 0.8728642223074311 0.001333123074781967
0.872864222307431 0.026797769725969145 0.10033800796659986 0.001333123074781967
0.5106605002764817 0.2894378430839788 0.19990165663953952 0.004672602303840682
0.19990165663953896 0.510660500276482 0.289437843083979 0.004672602303840682
0.2894378430839787 0.19990165663953918 0.5106605002764821 0.004672602303840682
0.2894378430839787 0.5106605002764818 0.19990165663953952 0.004672602303840682
0.19990165663953907 0.2894378430839788 0.5106605002764821 0.004672602303840682
0.5106605002764819 0.19990165663953896 0.28943784308397913 0.004672602303840682
0.45958677182441177 0.4595867718244119 0.08082645635117636 0.003582711211062106
0.08082645635117613 0.4595867718244121 0.45958677182441177 0.003582711211062106
0.45958677182441177 0.0808264563511758 0.45958677182441243 0.003582711211062106
0.8117237531973032 0.17861645395509218 0.009659792847604654 0.0010473492443510272
0.009659792847605209 0.8117237531973032 0.17861645395509163 0.0010473492443510272
0.17861645395509163 0.009659792847604654 0.8117237531973037 0.0010473492443510272
0.17861645395509218 0.8117237531973032 0.009659792847604654 0.0010473492443510272
0.009659792847604654 0.17861645395509163 0.8117237531973037 0.0010473492443510272
0.8117237531973028 0.009659792847604876 0.1786164539550923 0.0010473492443510272
0.7733335317298514 0.11333323413507446 0.11333323413507412 0.0027795988004446627
0.11333323413507412 0.7733335317298512 0.11333323413507468 0.0027795988004446627
0.11333323413507401 0.11333323413507412 0.7733335317298519 0.0027795988004446627
0.6702297883431259 0.28615392263125183 0.04361628902562231 0.0025570128208941357
0.043616289025622534 0.6702297883431255 0.28615392263125194 0.0025570128208941357
0.2861539226312515 0.043616289025622645 0.6702297883431259 0.0025570128208941357
0.28615392263125183 0.6702297883431259 0.04361628902562231 0.0025570128208941357
0.04361628902562209 0.28615392263125206 0.6702297883431259 0.0025570128208941357
0.6702297883431253 0.04361628902562242 0.2861539226312523 0.0025570128208941357
0.7610373084893327 0.22932889596089778 0.009633795549769508 0.0011537659281314482
0.00963379554976962 0.7610373084893327 0.22932889596089767 0.0011537659281314482
0.22932889596089745 0.00963379554976962 0.7610373084893329 0.0011537659281314482
0.22932889596089767 0.7610373084893328 0.009633795549769508 0.0011537659281314482
0.009633795549769009 0.22932889596089806 0.7610373084893329 0.0011537659281314482
0.7610373084893329 0.009633795549768953 0.22932889596089812 0.0011537659281314482
0.5293301016817756 0.35421289616647167 0.1164570021517527 0.004223757583089058
0.1164570021517527 0.5293301016817756 0.35421289616647167 0.004223757583089058
0.35421289616647134 0.11645700215175225 0.5293301016817764 0.004223757583089058
0.35421289616647167 0.5293301016817756 0.1164570021517527 0.004223757583089058
0.11645700215175259 0.35421289616647156 0.5293301016817759 0.004223757583089058
0.5293301016817755 0.11645700215175259 0.3542128961664719 0.004223757583089058
0.6455786313059102 0.3449444915449852 0.009476877149104612 0.0013374175145030973
0.00947687714910428 0.6455786313059103 0.3449444915449854 0.0013374175145030973
0.3449444915449853 0.009476877149104168 0.6455786313059105 0.0013374175145030973
0.3449444915449852 0.6455786313059102 0.009476877149104612 0.0013374175145030973
0.009476877149104224 0.34494449154498524 0.6455786313059104 0.0013374175145030973
0.6455786313059101 0.009476877149104168 0.34494449154498574 0.0013374175145030973
0.5403601528804489 0.43167323082355397 0.027966616295997115 0.002381423304574207
0.02796661629599706 0.5403601528804491 0.4316732308235538 0.002381423304574207
0.43167323082355397 0.02796661629599695 0.540360152880449 0.002381423304574207
0.431673230823554 0.5403601528804489 0.02796661629599706 0.002381423304574207
0.02796661629599695 0.43167323082355397 0.5403601528804491 0.002381423304574207
0.5403601528804487 0.027966616295996838 0.43167323082355447 0.002381423304574207
0.6319369320513635 0.22079722375183952 0.147265844196797 0.004282852452019044
0.14726584419679678 0.6319369320513637 0.22079722375183952 0.004282852452019044
0.22079722375183952 0.147265844196797 0.6319369320513635 0.004282852452019044
0.22079722375183952 0.6319369320513635 0.147265844196797 0.004282852452019044
0.14726584419679678 0.22079722375183974 0.6319369320513635 0.004282852452019044
0.6319369320513635 0.14726584419679645 0.22079722375184008 0.004282852452019044
0.978121973870674 0.010939013064663161 0.010939013064662828 0.0002999521869148069
0.010939013064662828 0.9781219738706738 0.010939013064663383 0.0002999521869148069
0.010939013064662828 0.010939013064662717 0.9781219738706745 0.0002999521869148069
0.8449565979912813 0.1531728350976843 0.001870566911034377 0.000440693958537642
0.001870566911034155 0.8449565979912814 0.15317283509768442 0.000440693958537642
0.15317283509768398 0.001870566911034155 0.8449565979912819 0.000440693958537642
0.1531728350976843 0.8449565979912813 0.001870566911034377 0.000440693958537642
0.001870566911034044 0.1531728350976841 0.8449565979912819 0.000440693958537642
0.8449565979912813 0.001870566911034266 0.15317283509768442 0.000440693958537642
0.8427072760972002 0.07864636195140029 0.07864636195139951 0.0020678716670797723
0.0786463619513994 0.8427072760972005 0.07864636195140007 0.0020678716670797723
0.07864636195139973 0.07864636195139973 0.8427072760972005 0.0020678716670797723
0.9887342430556623 0.009198616765811352 0.002067140178526383 0.00011564525775079995
0.0020671401785267163 0.9887342430556628 0.009198616765810463 0.00011564525775079995
0.009198616765809686 0.00206714017852605 0.9887342430556643 0.00011564525775079995
0.00919861676581124 0.9887342430556624 0.002067140178526383 0.00011564525775079995
0.002067140178525606 0.00919861676581013 0.9887342430556643 0.00011564525775079995
0.9887342430556625 0.0020671401785264942 0.009198616765811019 0.00011564525775079995
0.9744483849005662 0.023545234257410175 0.0020063808420236473 0.0001824251018039822
0.0020063808420238693 0.974448384900566 0.023545234257410175 0.0001824251018039822
0.023545234257409398 0.002006380842023203 0.9744483849005674 0.0001824251018039822
0.02354523425741062 0.9744483849005657 0.0020063808420236473 0.0001824251018039822
0.002006380842022759 0.02354523425740984 0.9744483849005674 0.0001824251018039822
0.9744483849005661 0.002006380842023092 0.02354523425741084 0.0001824251018039822
0.45767952800200123 0.34572847971846626 0.19659199227953256 0.005135115847268769
0.19659199227953233 0.45767952800200135 0.3457284797184664 0.005135115847268769
0.34572847971846604 0.1965919922795321 0.4576795280020018 0.005135115847268769
0.3457284797184662 0.4576795280020013 0.1965919922795325 0.005135115847268769
0.19659199227953206 0.3457284797184661 0.45767952800200185 0.005135115847268769
0.4576795280020013 0.19659199227953228 0.34572847971846643 0.005135115847268769
0.6423518250856122 0.2501693088121572 0.10747886610223062 0.0039050557101546523
0.10747886610223079 0.642351825085612 0.25016930881215727 0.0039050557101546523
0.2501693088121568 0.1074788661022309 0.6423518250856123 0.0039050557101546523
0.25016930881215715 0.6423518250856123 0.10747886610223056 0.0039050557101546523
0.10747886610223034 0.2501693088121574 0.6423518250856123 0.0039050557101546523
0.6423518250856121 0.10747886610223012 0.2501693088121578 0.0039050557101546523
0.7425883280451012 0.25554986260163326 0.00186180935326552 0.0005282175598339069
0.00186180935326552 0.7425883280451017 0.2555498626016328 0.0005282175598339069
0.2555498626016326 0.001861809353265631 0.7425883280451018 0.0005282175598339069
0.2555498626016327 0.7425883280451018 0.00186180935326552 0.0005282175598339069
0.0018618093532655755 0.25554986260163265 0.7425883280451018 0.0005282175598339069
0.7425883280451013 0.001861809353265298 0.25554986260163337 0.0005282175598339069
0.8464992721458152 0.10329343526262524 0.05020729259155954 0.0018990634758470606
0.05020729259155965 0.8464992721458157 0.10329343526262469 0.0018990634758470606
0.10329343526262447 0.05020729259155976 0.8464992721458158 0.0018990634758470606
0.10329343526262524 0.8464992721458152 0.05020729259155954 0.0018990634758470606
0.05020729259155926 0.10329343526262497 0.8464992721458158 0.0018990634758470606
0.8464992721458153 0.050207292591559316 0.10329343526262535 0.0018990634758470606
0.6594822352717374 0.17025888236413145 0.17025888236413111 0.004027710988518311
0.17025888236413111 0.6594822352717372 0.17025888236413167 0.004027710988518311
0.1702588823641314 0.1702588823641314 0.6594822352717373 0.004027710988518311
0.8074184540525852 0.11348277919054028 0.07909876675687455 0.0023340593121636975
0.07909876675687444 0.8074184540525854 0.11348277919054017 0.0023340593121636975
0.11348277919053995 0.07909876675687466 0.8074184540525854 0.0023340593121636975
0.11348277919054017 0.8074184540525853 0.07909876675687455 0.0023340593121636975
0.07909876675687438 0.11348277919054023 0.8074184540525855 0.0023340593121636975
0.8074184540525854 0.07909876675687444 0.11348277919054017 0.0023340593121636975
0.7961696111804119 0.20200151913957287 0.001828869680015277 0.00048267067797968974
0.001828869680015166 0.7961696111804122 0.20200151913957265 0.00048267067797968974
0.20200151913957243 0.001828869680015388 0.7961696111804122 0.00048267067797968974
0.20200151913957287 0.7961696111804119 0.001828869680015277 0.00048267067797968974
0.0018288696800148885 0.20200151913957293 0.7961696111804122 0.00048267067797968974
0.7961696111804119 0.001828869680014944 0.2020015191395732 0.00048267067797968974
0.6007330813263654 0.19963345933681742 0.1996334593368172 0.00457067388912618
0.1996334593368173 0.6007330813263655 0.1996334593368172 0.00457067388912618
0.19963345933681714 0.19963345933681714 0.6007330813263656 0.00457067388912618
0.7470942459833941 0.15540729334166614 0.09749846067493972 0.0032490194493214005
0.0974984606749395 0.7470942459833946 0.15540729334166592 0.0032490194493214005
0.15540729334166592 0.09749846067493961 0.7470942459833945 0.0032490194493214005
0.15540729334166614 0.7470942459833941 0.09749846067493972 0.0032490194493214005
0.09749846067493928 0.15540729334166625 0.7470942459833945 0.0032490194493214005
0.7470942459833942 0.09749846067493928 0.15540729334166647 0.0032490194493214005
0.7059958314121546 0.2837331258499087 0.01027104273793672 0.0013197669167676529
0.010271042737936553 0.7059958314121546 0.28373312584990884 0.0013197669167676529
0.2837331258499085 0.010271042737936553 0.7059958314121549 0.0013197669167676529
0.2837331258499086 0.7059958314121547 0.010271042737936664 0.0013197669167676529
0.010271042737936498 0.28373312584990856 0.705995831412155 0.0013197669167676529
0.7059958314121545 0.010271042737936442 0.28373312584990906 0.0013197669167676529
0.40066893254883007 0.4006689325488302 0.19866213490233975 0.005165355927453875
0.19866213490234008 0.40066893254883007 0.40066893254882985 0.005165355927453875
0.4006689325488298 0.1986621349023398 0.40066893254883046 0.005165355927453875
0.7187722518872314 0.14061387405638437 0.14061387405638426 0.003485263353452659
0.14061387405638381 0.7187722518872319 0.14061387405638426 0.003485263353452659
0.14061387405638415 0.14061387405638426 0.7187722518872316 0.003485263353452659
0.8879173225135153 0.11013761071196126 0.0019450667745234407 0.00039672926104441337
0.0019450667745239958 0.887917322513515 0.11013761071196104 0.00039672926104441337
0.1101376107119606 0.0019450667745237737 0.8879173225135156 0.00039672926104441337
0.11013761071196126 0.8879173225135153 0.0019450667745234407 0.00039672926104441337
0.0019450667745231076 0.11013761071196126 0.8879173225135156 0.00039672926104441337
0.8879173225135152 0.0019450667745232186 0.1101376107119616 0.00039672926104441337
0.3511903644454155 0.3511903644454155 0.29761927110916897 0.005856814453918437
0.29761927110916875 0.3511903644454155 0.35119036444541574 0.005856814453918437
0.3511903644454154 0.29761927110916886 0.35119036444541574 0.005856814453918437
0.9154992749697235 0.04225036251513847 0.04225036251513803 0.00119894878383845
0.04225036251513792 0.915499274969724 0.04225036251513803 0.00119894878383845
0.04225036251513681 0.04225036251513692 0.9154992749697263 0.00119894878383845
0.6863602986744454 0.3116269863962924 0.0020127149292622493 0.0005855934410211325
0.002012714929261805 0.6863602986744458 0.3116269863962924 0.0005855934410211325
0.31162698639629205 0.0020127149292620272 0.6863602986744459 0.0005855934410211325
0.3116269863962924 0.6863602986744454 0.0020127149292622493 0.0005855934410211325
0.0020127149292620272 0.31162698639629205 0.6863602986744459 0.0005855934410211325
0.6863602986744457 0.002012714929261694 0.3116269863962926 0.0005855934410211325
0.49868389831205784 0.49868389831205795 0.0026322033758842123 0.0007493220541052106
0.0026322033758839902 0.49868389831205806 0.49868389831205795 0.0007493220541052106
0.4986838983120577 0.002632203375883768 0.4986838983120585 0.0007493220541052106
0.534054548235423 0.4560656275499567 0.009879824214620303 0.0014007748847511847
0.009879824214620414 0.5340545482354225 0.45606562754995705 0.0014007748847511847
0.4560656275499563 0.009879824214620414 0.5340545482354233 0.0014007748847511847
0.4560656275499567 0.534054548235423 0.009879824214620303 0.0014007748847511847
0.009879824214620303 0.4560656275499564 0.5340545482354233 0.0014007748847511847
0.5340545482354224 0.009879824214620525 0.45606562754995705 0.0014007748847511847
0.407040264974058 0.29647986751297095 0.29647986751297106 0.005773638903592283
0.29647986751297084 0.407040264974058 0.2964798675129712 0.005773638903592283
0.2964798675129707 0.2964798675129708 0.4070402649740585 0.005773638903592283
0.9237147727731388 0.07405907467985084 0.002226152547010307 0.00037050554881417225
0.002226152547009974 0.9237147727731391 0.07405907467985096 0.00037050554881417225
0.07405907467985107 0.0022261525470107513 0.9237147727731382 0.00037050554881417225
0.07405907467985084 0.9237147727731388 0.002226152547010307 0.00037050554881417225
0.002226152547010307 0.07405907467985151 0.9237147727731382 0.00037050554881417225
0.9237147727731391 0.002226152547009974 0.07405907467985096 0.00037050554881417225
