0.38764203040456335 0.38764203040456335 0.2247159391908733 0.013689851548272253
0.22471593919087318 0.38764203040456324 0.3876420304045636 0.013689851548272253
0.38764203040456324 0.22471593919087318 0.3876420304045636 0.013689851548272253
0.5779909838770068 0.21100450806149673 0.2110045080614965 0.011587263236010588
0.21100450806149673 0.5779909838770068 0.2110045080614965 0.011587263236010588
0.2110045080614965 0.2110045080614965 0.577990983877007 0.011587263236010588
0.5577642058863823 0.4404169274793434 0.0018188666342742743 0.0016748178319347042
0.0018188666342741078 0.5577642058863822 0.4404169274793437 0.0016748178319347042
0.44041692747934313 0.0018188666342741078 0.5577642058863828 0.0016748178319347042
0.44041692747934336 0.5577642058863824 0.0018188666342742188 0.0016748178319347042
0.0018188666342743853 0.4404169274793434 0.5577642058863821 0.0016748178319347042
0.5577642058863821 0.0018188666342742188 0.4404169274793437 0.0016748178319347042
0.40101536839098323 0.29949231580450825 0.2994923158045086 0.01801764070170147
0.2994923158045082 0.4010153683909832 0.29949231580450864 0.01801764070170147
0.2994923158045085 0.2994923158045085 0.40101536839098295 0.01801764070170147
0.8040319522230008 0.15900790619732785 0.03696014157967131 0.006311478024759262
0.036960141579671646 0.8040319522230006 0.15900790619732774 0.006311478024759262
0.1590079061973274 0.036960141579671535 0.8040319522230011 0.006311478024759262
0.15900790619732785 0.8040319522230008 0.03696014157967131 0.006311478024759262
0.03696014157967098 0.15900790619732796 0.8040319522230011 0.006311478024759262
0.8040319522230003 0.036960141579671424 0.1590079061973283 0.006311478024759262
0.9255541480151184 0.03722292599244137 0.03722292599244026 0.0033972977219047396
0.03722292599244059 0.9255541480151186 0.037222925992440814 0.0033972977219047396
0.037222925992441924 0.037222925992442035 0.925554148015116 0.0033972977219047396
0.743788135237112 0.17735379675725294 0.0788580680056351 0.0095150215674558
0.07885806800563555 0.7437881352371114 0.17735379675725305 0.0095150215674558
0.1773537967572527 0.07885806800563544 0.7437881352371118 0.0095150215674558
0.17735379675725294 0.743788135237112 0.0788580680056351 0.0095150215674558
0.0788580680056351 0.17735379675725305 0.7437881352371118 0.0095150215674558
0.743788135237112 0.078858068005635 0.17735379675725305 0.0095150215674558
0.7097815128509994 0.1451092435745005 0.14510924357450006 0.0114915258625648
0.14510924357450017 0.7097815128509992 0.1451092435745006 0.0114915258625648
0.14510924357450006 0.14510924357450006 0.7097815128509999 0.0114915258625648
0.6610857347475426 0.27006673582095964 0.06884752943149774 0.010884393612436923
0.06884752943149763 0.6610857347475427 0.27006673582095964 0.010884393612436923
0.27006673582095897 0.06884752943149786 0.6610857347475432 0.010884393612436923
0.27006673582095964 0.6610857347475426 0.06884752943149774 0.010884393612436923
0.06884752943149741 0.2700667358209594 0.6610857347475432 0.010884393612436923
0.6610857347475426 0.06884752943149774 0.27006673582095964 0.010884393612436923
0.5426091593378899 0.34139103302114987 0.11599980764096024 0.01584035228789844
0.11599980764095996 0.54260915933789 0.34139103302115004 0.01584035228789844
0.3413910330211498 0.11599980764095974 0.5426091593378904 0.01584035228789844
0.3413910330211498 0.5426091593378899 0.1159998076409603 0.01584035228789844
0.11599980764096007 0.34139103302115004 0.5426091593378899 0.01584035228789844
0.54260915933789 0.11599980764095996 0.34139103302115004 0.01584035228789844
0.5777445859930385 0.3739379797195844 0.048317434287377115 0.01064017069550879
0.04831743428737667 0.5777445859930388 0.37393797971958453 0.01064017069550879
0.37393797971958403 0.048317434287377004 0.5777445859930389 0.01064017069550879
0.3739379797195844 0.5777445859930385 0.048317434287377115 0.01064017069550879
0.048317434287376504 0.37393797971958453 0.577744585993039 0.01064017069550879
0.5777445859930386 0.04831743428737667 0.37393797971958476 0.01064017069550879
0.8937386221570602 0.09913306334168237 0.007128314501257393 0.002545271625349015
0.0071283145012576155 0.8937386221570606 0.09913306334168182 0.002545271625349015
0.0991330633416817 0.007128314501257393 0.8937386221570609 0.002545271625349015
0.09913306334168226 0.8937386221570603 0.007128314501257393 0.002545271625349015
0.007128314501257005 0.09913306334168209 0.8937386221570609 0.002545271625349015
0.8937386221570602 0.007128314501257282 0.09913306334168248 0.002545271625349015
0.49680067078607454 0.2995064186296746 0.20369291058425082 0.017913820892276076
0.20369291058425065 0.4968006707860747 0.29950641862967464 0.017913820892276076
0.2995064186296743 0.20369291058425087 0.4968006707860748 0.017913820892276076
0.29950641862967453 0.4968006707860746 0.20369291058425087 0.017913820892276076
0.2036929105842507 0.2995064186296745 0.49680067078607487 0.017913820892276076
0.4968006707860746 0.20369291058425065 0.29950641862967475 0.017913820892276076
0.4247593045405748 0.4247593045405748 0.15048139091885032 0.01591131013745841
0.1504813909188505 0.4247593045405744 0.4247593045405751 0.01591131013745841
0.4247593045405744 0.1504813909188505 0.4247593045405751 0.01591131013745841
0.8141339896484354 0.17862984860361641 0.007236161747948167 0.003263739682049242
0.007236161747948389 0.8141339896484354 0.1786298486036162 0.003263739682049242
0.17862984860361586 0.0072361617479479445 0.8141339896484362 0.003263739682049242
0.17862984860361641 0.8141339896484354 0.007236161747948167 0.003263739682049242
0.007236161747947889 0.17862984860361591 0.8141339896484361 0.003263739682049242
0.8141339896484355 0.0072361617479476115 0.17862984860361686 0.003263739682049242
0.6250173148539954 0.36206880189597235 0.012913883250032288 0.005454638367974428
0.01291388325003251 0.6250173148539955 0.362068801895972 0.005454638367974428
0.36206880189597157 0.01291388325003251 0.6250173148539959 0.005454638367974428
0.36206880189597235 0.6250173148539954 0.012913883250032288 0.005454638367974428
0.01291388325003201 0.36206880189597207 0.6250173148539959 0.005454638367974428
0.6250173148539953 0.012913883250032399 0.36206880189597235 0.005454638367974428
0.8735191347263747 0.08879291548936663 0.03768794978425871 0.005272561921429422
0.037687949784259156 0.8735191347263741 0.08879291548936674 0.005272561921429422
0.08879291548936619 0.03768794978425927 0.8735191347263745 0.005272561921429422
0.08879291548936663 0.8735191347263747 0.03768794978425871 0.005272561921429422
0.03768794978425882 0.08879291548936663 0.8735191347263745 0.005272561921429422
0.8735191347263745 0.03768794978425871 0.08879291548936674 0.005272561921429422
0.629370495771214 0.23362281014171493 0.1370066940870711 0.013740082592022534
0.13700669408707067 0.6293704957712138 0.2336228101417155 0.013740082592022534
0.2336228101417151 0.13700669408707095 0.6293704957712141 0.013740082592022534
0.23362281014171493 0.629370495771214 0.1370066940870711 0.013740082592022534
0.13700669408707072 0.23362281014171532 0.6293704957712141 0.013740082592022534
0.6293704957712137 0.13700669408707078 0.2336228101417155 0.013740082592022534
0.46220870874870595 0.46220870874870607 0.07558258250258804 0.013654275187528027
0.07558258250258781 0.46220870874870584 0.4622087087487064 0.013654275187528027
0.4622087087487058 0.07558258250258787 0.46220870874870634 0.013654275187528027
0.7188645300434557 0.25659540970901973 0.02454006024752453 0.007314340907932869
0.02454006024752453 0.7188645300434556 0.25659540970901984 0.007314340907932869
0.2565954097090196 0.024540060247524642 0.7188645300434557 0.007314340907932869
0.25659540970901973 0.7188645300434557 0.02454006024752453 0.007314340907932869
0.024540060247524087 0.2565954097090202 0.7188645300434557 0.007314340907932869
0.7188645300434555 0.024540060247524642 0.25659540970901984 0.007314340907932869
0.81410059659846 0.0929497017007701 0.09294970170076988 0.009182821259820067
0.09294970170077 0.8141005965984601 0.09294970170076988 0.009182821259820067
0.09294970170076955 0.09294970170076955 0.8141005965984609 0.009182821259820067
0.9517423526265224 0.041068819111784394 0.007188828261693203 0.0016929836341273332
0.007188828261693203 0.9517423526265222 0.041068819111784616 0.0016929836341273332
0.04106881911178306 0.007188828261691871 0.9517423526265251 0.0016929836341273332
0.041068819111784394 0.9517423526265224 0.007188828261693203 0.0016929836341273332
0.007188828261691427 0.041068819111783506 0.9517423526265251 0.0016929836341273332
0.9517423526265226 0.007188828261692759 0.041068819111784616 0.0016929836341273332
0.9843293114347926 0.007835344282603796 0.007835344282603574 0.0008065102883246165
0.007835344282603685 0.9843293114347927 0.007835344282603574 0.0008065102883246165
0.007835344282604684 0.007835344282604684 0.9843293114347906 0.0008065102883246165
0.4890393696603955 0.4890393696603955 0.021921260679208965 0.008444085946521055
0.021921260679209242 0.48903936966039524 0.4890393696603956 0.008444085946521055
0.48903936966039496 0.021921260679208965 0.4890393696603961 0.008444085946521055
0.7196923470332409 0.2794161886492609 0.0008914643174982029 0.0015117020784588783
0.0008914643174980919 0.7196923470332411 0.27941618864926077 0.0015117020784588783
0.2794161886492601 0.0008914643174982029 0.7196923470332417 0.0015117020784588783
0.2794161886492609 0.7196923470332409 0.0008914643174982029 0.0015117020784588783
0.0008914643174976478 0.27941618864926066 0.7196923470332417 0.0015117020784588783
0.719692347033241 0.0008914643174979808 0.279416188649261 0.0015117020784588783
