0.49517345980117045 0.49517345980117045 0.009653080397659108 0.009792590498418284
0.009653080397659108 0.4951734598011701 0.4951734598011708 0.009792590498418284
0.4951734598011701 0.009653080397659108 0.4951734598011708 0.009792590498418284
0.9617211695143175 0.019139415242841573 0.019139415242840907 0.006385359230118655
0.01913941524284113 0.9617211695143173 0.019139415242841573 0.006385359230118655
0.019139415242842017 0.019139415242842128 0.9617211695143159 0.006385359230118655
0.8315416244168032 0.13373475510086918 0.03472362048232758 0.028962281463256363
0.034723620482327355 0.8315416244168033 0.1337347551008693 0.028962281463256363
0.13373475510086885 0.034723620482327466 0.8315416244168037 0.028962281463256363
0.13373475510086918 0.8315416244168032 0.03472362048232758 0.028962281463256363
0.03472362048232713 0.13373475510086918 0.8315416244168037 0.028962281463256363
0.8315416244168033 0.034723620482327355 0.1337347551008693 0.028962281463256363
0.33333333333333326 0.33333333333333326 0.3333333333333335 0.08361487437397408
0.6357241363774713 0.3266931362813373 0.037582727341191446 0.0387390490860189
0.0375827273411915 0.6357241363774715 0.326693136281337 0.0387390490860189
0.32669313628133667 0.037582727341191724 0.6357241363774716 0.0387390490860189
0.3266931362813372 0.6357241363774713 0.0375827273411915 0.0387390490860189
0.037582727341191724 0.32669313628133667 0.6357241363774716 0.0387390490860189
0.6357241363774714 0.03758272734119139 0.3266931362813372 0.0387390490860189
0.6310299746295068 0.18448501268524675 0.18448501268524642 0.07863376974637734
0.18448501268524675 0.6310299746295068 0.18448501268524642 0.07863376974637734
0.18448501268524647 0.18448501268524647 0.6310299746295072 0.07863376974637734
0.4282348209437188 0.4282348209437189 0.14353035811256232 0.07524732796854412
0.14353035811256198 0.4282348209437191 0.4282348209437189 0.07524732796854412
0.428234820943719 0.1435303581125621 0.4282348209437189 0.07524732796854412
