0.7400435401338441 0.12997822993307806 0.12997822993307784 0.007397504067046129
0.12997822993307806 0.7400435401338441 0.12997822993307784 0.007397504067046129
0.1299782299330775 0.12997822993307762 0.7400435401338449 0.007397504067046129
0.33333333333333326 0.33333333333333326 0.3333333333333335 0.029730419748071307
0.4600769492970598 0.4600769492970598 0.07984610140588044 0.02159408793643847
0.07984610140588061 0.4600769492970596 0.4600769492970597 0.02159408793643847
0.46007694929705956 0.07984610140588067 0.4600769492970598 0.02159408793643847
0.7330839951106172 0.18232178340719113 0.0845942214821917 0.02423000878312561
0.08459422148219176 0.7330839951106168 0.1823217834071914 0.02423000878312561
0.18232178340719118 0.08459422148219198 0.7330839951106168 0.02423000878312561
0.18232178340719107 0.7330839951106172 0.08459422148219176 0.02423000878312561
0.08459422148219131 0.18232178340719118 0.7330839951106175 0.02423000878312561
0.7330839951106167 0.08459422148219187 0.1823217834071914 0.02423000878312561
0.8337725261484157 0.15020038406523878 0.01602708978634554 0.011228504298878087
0.01602708978634526 0.8337725261484163 0.1502003840652384 0.011228504298878087
0.1502003840652384 0.016027089786345483 0.8337725261484161 0.011228504298878087
0.15020038406523872 0.8337725261484158 0.016027089786345483 0.011228504298878087
0.016027089786344928 0.15020038406523895 0.8337725261484161 0.011228504298878087
0.8337725261484155 0.016027089786345483 0.15020038406523906 0.011228504298878087
0.5792382424060448 0.3231113151637127 0.09765044243024246 0.031075220470510954
0.09765044243024212 0.5792382424060452 0.3231113151637127 0.031075220470510954
0.3231113151637124 0.09765044243024235 0.5792382424060453 0.031075220470510954
0.32311131516371283 0.5792382424060447 0.09765044243024246 0.031075220470510954
0.09765044243024235 0.3231113151637124 0.5792382424060453 0.031075220470510954
0.579238242406045 0.09765044243024201 0.32311131516371294 0.031075220470510954
0.4916858166302972 0.4916858166302973 0.016628366739405487 0.015832276350021803
0.016628366739405265 0.4916858166302972 0.49168581663029753 0.015832276350021803
0.4916858166302972 0.016628366739405265 0.49168581663029753 0.015832276350021803
0.5569353184097159 0.22153234079514195 0.22153234079514217 0.04628728610519808
0.22153234079514195 0.5569353184097159 0.22153234079514217 0.04628728610519808
0.22153234079514195 0.22153234079514184 0.5569353184097162 0.04628728610519808
0.39693373740906035 0.39693373740906046 0.2061325251818792 0.04633604139120723
0.20613252518187875 0.3969337374090608 0.39693373740906046 0.04633604139120723
0.39693373740906046 0.20613252518187852 0.396933737409061 0.04633604139120723
0.6735980666116939 0.3079476814836728 0.018454251904633345 0.016436762092827916
0.018454251904633123 0.6735980666116941 0.3079476814836728 0.016436762092827916
0.30794768148367224 0.018454251904633234 0.6735980666116945 0.016436762092827916
0.3079476814836728 0.6735980666116939 0.018454251904633345 0.016436762092827916
0.01845425190463268 0.3079476814836728 0.6735980666116945 0.016436762092827916
0.673598066611694 0.018454251904633012 0.307947681483673 0.016436762092827916
0.8873161646077997 0.05634191769610064 0.05634191769609964 0.015084474247597051
0.05634191769609975 0.8873161646077999 0.05634191769610031 0.015084474247597051
0.056341917696099975 0.056341917696099975 0.8873161646078 0.015084474247597051
0.9608512354248772 0.03803522930110925 0.0011135352740135884 0.0024752660145579194
0.0011135352740138105 0.9608512354248769 0.03803522930110925 0.0024752660145579194
0.0380352293011077 0.0011135352740127002 0.9608512354248796 0.0024752660145579194
0.03803522930110914 0.9608512354248773 0.0011135352740135884 0.0024752660145579194
0.0011135352740122562 0.03803522930110814 0.9608512354248796 0.0024752660145579194
0.9608512354248768 0.0011135352740139215 0.03803522930110925 0.0024752660145579194
