0.6274100045109181 0.18629499774454122 0.18629499774454067 0.018346925948505823
0.18629499774454095 0.6274100045109179 0.18629499774454117 0.018346925948505823
0.1862949977445409 0.1862949977445409 0.6274100045109181 0.018346925948505823
0.9253782388022308 0.037310880598884766 0.03731088059888443 0.0043225508213311555
0.03731088059888443 0.9253782388022306 0.03731088059888499 0.0043225508213311555
0.03731088059888554 0.03731088059888554 0.9253782388022289 0.0043225508213311555
0.4762456115404991 0.4762456115404991 0.04750877691900174 0.01420365060681691
0.04750877691900207 0.4762456115404991 0.47624561154049877 0.01420365060681691
0.4762456115404988 0.047508776919001794 0.4762456115404994 0.01420365060681691
0.9310544767839419 0.06409058560843406 0.00485493760762401 0.00225973920425173
0.004854937607623899 0.9310544767839419 0.06409058560843417 0.00225973920425173
0.06409058560843361 0.004854937607623899 0.9310544767839425 0.00225973920425173
0.06409058560843395 0.931054476783942 0.00485493760762401 0.00225973920425173
0.004854937607623455 0.06409058560843406 0.9310544767839425 0.00225973920425173
0.9310544767839424 0.004854937607623455 0.06409058560843417 0.00225973920425173
0.6781657378896357 0.21560705739009461 0.10622720472026964 0.015445215644198462
0.10622720472027014 0.6781657378896352 0.21560705739009467 0.015445215644198462
0.2156070573900939 0.10622720472026992 0.6781657378896362 0.015445215644198462
0.21560705739009467 0.6781657378896356 0.1062272047202697 0.015445215644198462
0.10622720472026986 0.21560705739009395 0.6781657378896362 0.015445215644198462
0.6781657378896357 0.10622720472026964 0.21560705739009461 0.015445215644198462
0.4455510569559247 0.4455510569559248 0.10889788608815054 0.018904799866464882
0.10889788608815049 0.4455510569559245 0.44555105695592506 0.018904799866464882
0.4455510569559245 0.10889788608815049 0.44555105695592506 0.018904799866464882
0.8332955118382361 0.15913370765706714 0.007570780504696728 0.004405794837116995
0.007570780504696395 0.8332955118382365 0.15913370765706714 0.004405794837116995
0.15913370765706658 0.007570780504696617 0.8332955118382368 0.004405794837116995
0.15913370765706714 0.8332955118382361 0.007570780504696728 0.004405794837116995
0.007570780504696062 0.15913370765706714 0.8332955118382368 0.004405794837116995
0.8332955118382361 0.007570780504696173 0.1591337076570677 0.004405794837116995
0.542331804172428 0.3178601238357721 0.1398080719917999 0.02338349146365547
0.1398080719917999 0.542331804172428 0.3178601238357721 0.02338349146365547
0.3178601238357718 0.1398080719917998 0.5423318041724284 0.02338349146365547
0.317860123835772 0.5423318041724281 0.1398080719917999 0.02338349146365547
0.1398080719917998 0.3178601238357718 0.5423318041724284 0.02338349146365547
0.5423318041724279 0.1398080719917999 0.3178601238357722 0.02338349146365547
0.4908414646533218 0.2545792676733388 0.2545792676733394 0.028166402615040484
0.25457926767333877 0.49084146465332185 0.25457926767333944 0.028166402615040484
0.25457926767333905 0.25457926767333905 0.4908414646533219 0.028166402615040484
0.33333333333333326 0.33333333333333326 0.3333333333333335 0.027820221402906232
0.7549215028635473 0.19851813222878834 0.04656036490766435 0.011972797157909382
0.04656036490766435 0.7549215028635474 0.19851813222878822 0.011972797157909382
0.198518132228788 0.04656036490766402 0.754921502863548 0.011972797157909382
0.19851813222878834 0.7549215028635473 0.04656036490766435 0.011972797157909382
0.04656036490766402 0.198518132228788 0.754921502863548 0.011972797157909382
0.7549215028635473 0.046560364907664464 0.19851813222878822 0.011972797157909382
0.39342534781709987 0.39342534781709987 0.2131493043658002 0.027576101258140914
0.21314930436579993 0.3934253478170999 0.39342534781710015 0.027576101258140914
0.3934253478170999 0.21314930436579993 0.39342534781710015 0.027576101258140914
0.8616840189364866 0.09995229628813862 0.03836368477537477 0.008291423055227733
0.03836368477537477 0.8616840189364869 0.09995229628813829 0.008291423055227733
0.09995229628813829 0.03836368477537477 0.8616840189364869 0.008291423055227733
0.09995229628813862 0.8616840189364866 0.03836368477537477 0.008291423055227733
0.03836368477537444 0.09995229628813862 0.8616840189364869 0.008291423055227733
0.8616840189364865 0.03836368477537455 0.09995229628813895 0.008291423055227733
0.5701446928909734 0.42002375881622434 0.009831548292802306 0.007391363000510599
0.009831548292802306 0.5701446928909734 0.42002375881622434 0.007391363000510599
0.4200237588162235 0.009831548292802639 0.5701446928909739 0.007391363000510599
0.42002375881622434 0.5701446928909734 0.009831548292802306 0.007391363000510599
0.009831548292802084 0.42002375881622406 0.5701446928909739 0.007391363000510599
0.5701446928909734 0.009831548292802306 0.42002375881622434 0.007391363000510599
0.6118777035474257 0.3331348173095877 0.05498747914298663 0.01733445113443865
0.05498747914298674 0.6118777035474258 0.3331348173095875 0.01733445113443865
0.33313481730958683 0.05498747914298685 0.6118777035474263 0.01733445113443865
0.3331348173095876 0.6118777035474258 0.05498747914298663 0.01733445113443865
0.05498747914298663 0.3331348173095876 0.6118777035474258 0.01733445113443865
0.6118777035474257 0.05498747914298663 0.3331348173095877 0.01733445113443865
0.7086813757203235 0.28058141142366555 0.010737212856010925 0.00715640047691539
0.010737212856010814 0.7086813757203239 0.28058141142366533 0.00715640047691539
0.280581411423665 0.010737212856011147 0.7086813757203239 0.00715640047691539
0.2805814114236651 0.708681375720324 0.010737212856010925 0.00715640047691539
0.010737212856011036 0.2805814114236651 0.7086813757203239 0.00715640047691539
0.7086813757203237 0.010737212856010703 0.28058141142366555 0.00715640047691539
0.9780477179432043 0.010976141028398279 0.01097614102839739 0.0015976815821332404
0.01097614102839739 0.9780477179432046 0.010976141028398056 0.0015976815821332404
0.01097614102839739 0.01097614102839739 0.9780477179432052 0.0015976815821332404
0.7812328065765707 0.10938359671171471 0.1093835967117146 0.0156604615521491
0.10938359671171471 0.7812328065765707 0.1093835967117146 0.0156604615521491
0.10938359671171427 0.10938359671171438 0.7812328065765713 0.0156604615521491
