0.9801027666184202 0.012604803830736255 0.007292429550843527 0.0001943064247754613
0.007292429550843416 0.9801027666184206 0.012604803830736033 0.0001943064247754613
0.012604803830735922 0.007292429550843638 0.9801027666184204 0.0001943064247754613
0.012604803830736255 0.9801027666184202 0.007292429550843527 0.0001943064247754613
0.0072924295508431936 0.012604803830736366 0.9801027666184204 0.0001943064247754613
0.9801027666184201 0.0072924295508431936 0.0126048038307367 0.0001943064247754613
0.9940445261864483 0.004605476631441396 0.001349997182110263 5.93664802978333e-05
0.001349997182110596 0.9940445261864486 0.004605476631440841 5.93664802978333e-05
0.0046054766314420625 0.0013499971821119283 0.994044526186446 5.93664802978333e-05
0.004605476631441285 0.9940445261864485 0.001349997182110263 5.93664802978333e-05
0.0013499971821113732 0.004605476631442618 0.994044526186446 5.93664802978333e-05
0.9940445261864482 0.001349997182110374 0.004605476631441396 5.93664802978333e-05
0.9251943274580282 0.06794649660391128 0.006859175938060513 0.00048068870750266345
0.006859175938060513 0.9251943274580287 0.06794649660391083 0.00048068870750266345
0.06794649660390972 0.006859175938059847 0.9251943274580304 0.00048068870750266345
0.06794649660391117 0.9251943274580283 0.006859175938060513 0.00048068870750266345
0.006859175938059292 0.06794649660391028 0.9251943274580304 0.00048068870750266345
0.9251943274580283 0.006859175938060291 0.06794649660391139 0.00048068870750266345
0.9294322276406239 0.06933800436344095 0.0012297679959351049 0.0002301249335002245
0.001229767995935216 0.9294322276406242 0.06933800436344062 0.0002301249335002245
0.06933800436343995 0.0012297679959345498 0.9294322276406255 0.0002301249335002245
0.06933800436344084 0.929432227640624 0.0012297679959351049 0.0002301249335002245
0.0012297679959339947 0.06933800436344051 0.9294322276406255 0.0002301249335002245
0.9294322276406243 0.0012297679959344388 0.06933800436344129 0.0002301249335002245
0.5229490399283573 0.4682708598709481 0.00878010020069464 0.001294462717068143
0.00878010020069453 0.5229490399283576 0.46827085987094785 0.001294462717068143
0.46827085987094763 0.008780100200694751 0.5229490399283576 0.001294462717068143
0.4682708598709481 0.5229490399283573 0.00878010020069464 0.001294462717068143
0.00878010020069464 0.46827085987094774 0.5229490399283576 0.001294462717068143
0.5229490399283573 0.008780100200694307 0.4682708598709484 0.001294462717068143
0.7478218033035984 0.25049517033522145 0.0016830263611801732 0.00046052089829068637
0.0016830263611803398 0.7478218033035983 0.2504951703352214 0.00046052089829068637
0.2504951703352213 0.0016830263611802287 0.7478218033035985 0.00046052089829068637
0.2504951703352214 0.7478218033035985 0.0016830263611801177 0.00046052089829068637
0.0016830263611802287 0.2504951703352213 0.7478218033035985 0.00046052089829068637
0.7478218033035979 0.0016830263611800067 0.25049517033522206 0.00046052089829068637
0.9803189260766274 0.017923101339837544 0.0017579725835350501 0.00015506900800286617
0.0017579725835353832 0.9803189260766275 0.0179231013398371 0.00015506900800286617
0.017923101339837433 0.0017579725835357163 0.9803189260766269 0.00015506900800286617
0.017923101339837433 0.9803189260766275 0.0017579725835350501 0.00015506900800286617
0.0017579725835352722 0.017923101339837877 0.9803189260766269 0.00015506900800286617
0.9803189260766271 0.0017579725835351612 0.017923101339837766 0.00015506900800286617
0.6390675443517839 0.359456841995053 0.001475613653163066 0.0005264320168996757
0.001475613653163066 0.639067544351784 0.3594568419950529 0.0005264320168996757
0.3594568419950527 0.0014756136531627329 0.6390675443517846 0.0005264320168996757
0.3594568419950529 0.639067544351784 0.001475613653163066 0.0005264320168996757
0.0014756136531626773 0.35945684199505273 0.6390675443517846 0.0005264320168996757
0.6390675443517839 0.001475613653162955 0.3594568419950531 0.0005264320168996757
0.6251828877524597 0.22115398478494774 0.15366312746259259 0.0040776028008772
0.15366312746259214 0.6251828877524602 0.22115398478494763 0.0040776028008772
0.2211539847849472 0.15366312746259236 0.6251828877524604 0.0040776028008772
0.2211539847849472 0.6251828877524602 0.15366312746259259 0.0040776028008772
0.15366312746259214 0.2211539847849474 0.6251828877524604 0.0040776028008772
0.6251828877524601 0.1536631274625922 0.2211539847849477 0.0040776028008772
0.5334015889840544 0.2389731948786964 0.22762521613724918 0.0027273371555633186
0.2276252161372493 0.5334015889840543 0.2389731948786964 0.0027273371555633186
0.2389731948786959 0.22762521613724912 0.5334015889840549 0.0027273371555633186
0.23897319487869595 0.5334015889840549 0.22762521613724918 0.0027273371555633186
0.227625216137249 0.238973194878696 0.5334015889840551 0.0027273371555633186
0.5334015889840542 0.22762521613724934 0.23897319487869645 0.0027273371555633186
0.7403866933994465 0.12980665330027663 0.12980665330027685 0.0032024171503525754
0.12980665330027652 0.7403866933994466 0.12980665330027685 0.0032024171503525754
0.12980665330027652 0.12980665330027652 0.740386693399447 0.0032024171503525754
0.6592740762673126 0.2265228859811757 0.1142030377515117 0.0038178383600418193
0.11420303775151175 0.6592740762673127 0.22652288598117554 0.0038178383600418193
0.2265228859811756 0.11420303775151158 0.6592740762673128 0.0038178383600418193
0.22652288598117565 0.6592740762673127 0.11420303775151164 0.0038178383600418193
0.11420303775151158 0.2265228859811756 0.6592740762673128 0.0038178383600418193
0.6592740762673124 0.11420303775151153 0.2265228859811761 0.0038178383600418193
0.6800344164936584 0.23959052403779035 0.08037505946855128 0.00324358992848866
0.0803750594685515 0.6800344164936585 0.23959052403779002 0.00324358992848866
0.23959052403779013 0.08037505946855117 0.6800344164936587 0.00324358992848866
0.23959052403779035 0.6800344164936584 0.08037505946855128 0.00324358992848866
0.08037505946855117 0.23959052403779013 0.6800344164936587 0.00324358992848866
0.6800344164936581 0.08037505946855117 0.2395905240377907 0.00324358992848866
0.7910902333249175 0.17829140299259244 0.030618363682490102 0.0018849657183849088
0.030618363682489824 0.7910902333249178 0.17829140299259238 0.0018849657183849088
0.17829140299259205 0.030618363682489935 0.791090233324918 0.0018849657183849088
0.1782914029925925 0.7910902333249173 0.030618363682490157 0.0018849657183849088
0.03061836368248999 0.178291402992592 0.7910902333249181 0.0018849657183849088
0.7910902333249178 0.030618363682489824 0.17829140299259238 0.0018849657183849088
0.5873006687382335 0.20634966563088353 0.20634966563088297 0.00463734884112198
0.20634966563088297 0.587300668738234 0.20634966563088297 0.00463734884112198
0.20634966563088303 0.20634966563088303 0.587300668738234 0.00463734884112198
0.6498308223861202 0.17508458880694017 0.1750845888069396 0.004087060465487301
0.17508458880693978 0.6498308223861199 0.17508458880694033 0.004087060465487301
0.17508458880694 0.17508458880694 0.64983082238612 0.004087060465487301
0.6904712080981594 0.2825866891204174 0.02694210278142317 0.0021807223876069864
0.02694210278142317 0.6904712080981593 0.2825866891204175 0.0021807223876069864
0.28258668912041707 0.02694210278142317 0.6904712080981598 0.0021807223876069864
0.2825866891204174 0.6904712080981594 0.02694210278142317 0.0021807223876069864
0.02694210278142306 0.2825866891204172 0.6904712080981598 0.0021807223876069864
0.6904712080981591 0.02694210278142317 0.28258668912041773 0.0021807223876069864
0.8299456761943377 0.13725711025872966 0.03279721354693266 0.0018345812391610454
0.03279721354693277 0.8299456761943378 0.13725711025872944 0.0018345812391610454
0.13725711025872955 0.03279721354693255 0.8299456761943379 0.0018345812391610454
0.13725711025872966 0.8299456761943377 0.03279721354693266 0.0018345812391610454
0.03279721354693255 0.13725711025872955 0.8299456761943379 0.0018345812391610454
0.8299456761943375 0.03279721354693255 0.13725711025873 0.0018345812391610454
0.4995045768679597 0.49950457686795957 0.000990846264080747 0.0004831135230320266
0.000990846264081191 0.49950457686795924 0.49950457686795957 0.0004831135230320266
0.49950457686795924 0.000990846264081191 0.49950457686795957 0.0004831135230320266
0.8670184720297814 0.10025441523656942 0.032727112733649144 0.0016273397954327119
0.032727112733649255 0.8670184720297813 0.10025441523656942 0.0016273397954327119
0.10025441523656908 0.03272711273364892 0.867018472029782 0.0016273397954327119
0.10025441523656942 0.8670184720297814 0.032727112733649144 0.0016273397954327119
0.03272711273364848 0.10025441523656953 0.867018472029782 0.0016273397954327119
0.8670184720297814 0.03272711273364848 0.10025441523657008 0.0016273397954327119
0.9331324221261622 0.051707476559965326 0.015160101313872465 0.0008285328211727259
0.015160101313872354 0.9331324221261623 0.051707476559965326 0.0008285328211727259
0.05170747655996388 0.015160101313871577 0.9331324221261645 0.0008285328211727259
0.051707476559965215 0.9331324221261623 0.015160101313872465 0.0008285328211727259
0.015160101313871244 0.051707476559964216 0.9331324221261645 0.0008285328211727259
0.9331324221261623 0.015160101313872354 0.051707476559965326 0.0008285328211727259
0.5685004919093658 0.2606148551376568 0.1708846529529774 0.005107490086767695
0.1708846529529775 0.5685004919093655 0.26061485513765703 0.005107490086767695
0.2606148551376567 0.1708846529529776 0.5685004919093657 0.005107490086767695
0.2606148551376568 0.5685004919093658 0.1708846529529774 0.005107490086767695
0.1708846529529774 0.2606148551376569 0.5685004919093657 0.005107490086767695
0.5685004919093655 0.1708846529529775 0.26061485513765703 0.005107490086767695
0.7441223888358753 0.22721432495995741 0.02866328620416725 0.002239113358891556
0.02866328620416725 0.7441223888358752 0.22721432495995753 0.002239113358891556
0.22721432495995708 0.028663286204167138 0.7441223888358758 0.002239113358891556
0.2272143249599573 0.7441223888358754 0.02866328620416725 0.002239113358891556
0.028663286204167138 0.22721432495995708 0.7441223888358758 0.002239113358891556
0.7441223888358752 0.02866328620416725 0.22721432495995753 0.002239113358891556
0.6762638411989881 0.31104048723505107 0.012695671565960853 0.0016401723644210418
0.012695671565960964 0.6762638411989881 0.31104048723505096 0.0016401723644210418
0.31104048723505073 0.012695671565960853 0.6762638411989884 0.0016401723644210418
0.31104048723505107 0.6762638411989881 0.012695671565960853 0.0016401723644210418
0.012695671565960742 0.31104048723505084 0.6762638411989884 0.0016401723644210418
0.676263841198988 0.012695671565960853 0.3110404872350512 0.0016401723644210418
0.8895591618789941 0.05522041906050312 0.05522041906050279 0.0016926101405552434
0.05522041906050312 0.8895591618789941 0.05522041906050279 0.0016926101405552434
0.05522041906050279 0.05522041906050279 0.8895591618789944 0.0016926101405552434
0.7264745884520659 0.18562387629905297 0.08790153524888111 0.003671671393177741
0.08790153524888078 0.7264745884520658 0.18562387629905341 0.003671671393177741
0.18562387629905297 0.087901535248881 0.726474588452066 0.003671671393177741
0.18562387629905297 0.7264745884520659 0.08790153524888111 0.003671671393177741
0.08790153524888078 0.1856238762990532 0.726474588452066 0.003671671393177741
0.7264745884520658 0.08790153524888084 0.18562387629905336 0.003671671393177741
0.9034170100624399 0.06586264376081796 0.03072034617674213 0.001413004941599432
0.03072034617674213 0.9034170100624401 0.06586264376081774 0.001413004941599432
0.0658626437608173 0.030720346176742575 0.9034170100624401 0.001413004941599432
0.06586264376081785 0.90341701006244 0.03072034617674213 0.001413004941599432
0.03072034617674213 0.06586264376081774 0.9034170100624401 0.001413004941599432
0.9034170100624401 0.03072034617674213 0.06586264376081774 0.001413004941599432
0.6955949792647612 0.3015904700953622 0.0028145506398765674 0.0007644420008620778
0.0028145506398763454 0.6955949792647613 0.30159047009536233 0.0007644420008620778
0.3015904700953621 0.0028145506398762343 0.6955949792647617 0.0007644420008620778
0.3015904700953622 0.6955949792647612 0.0028145506398765674 0.0007644420008620778
0.0028145506398761233 0.3015904700953622 0.6955949792647617 0.0007644420008620778
0.6955949792647612 0.0028145506398762343 0.30159047009536255 0.0007644420008620778
0.6276179259734721 0.29254265765423615 0.07983941637229175 0.003954031626053209
0.07983941637229175 0.6276179259734719 0.29254265765423637 0.003954031626053209
0.29254265765423615 0.0798394163722913 0.6276179259734725 0.003954031626053209
0.29254265765423604 0.6276179259734722 0.07983941637229175 0.003954031626053209
0.0798394163722912 0.29254265765423626 0.6276179259734725 0.003954031626053209
0.6276179259734721 0.0798394163722912 0.2925426576542367 0.003954031626053209
0.9593763173443479 0.02730248475288488 0.013321197902767201 0.0006448335449571192
0.01332119790276709 0.9593763173443483 0.02730248475288466 0.0006448335449571192
0.027302484752883993 0.013321197902766535 0.9593763173443495 0.0006448335449571192
0.02730248475288488 0.9593763173443479 0.013321197902767201 0.0006448335449571192
0.013321197902766202 0.027302484752884326 0.9593763173443495 0.0006448335449571192
0.9593763173443479 0.013321197902766868 0.027302484752885214 0.0006448335449571192
0.401694468326812 0.299152765836594 0.299152765836594 0.00683375537569813
0.299152765836594 0.401694468326812 0.299152765836594 0.00683375537569813
0.29915276583659384 0.29915276583659395 0.40169446832681227 0.00683375537569813
0.6188258934043402 0.3715719205775442 0.009602186018115577 0.001554756902538076
0.009602186018115355 0.6188258934043404 0.3715719205775443 0.001554756902538076
0.3715719205775443 0.009602186018115244 0.6188258934043405 0.001554756902538076
0.3715719205775442 0.6188258934043402 0.009602186018115577 0.001554756902538076
0.009602186018115244 0.3715719205775443 0.6188258934043405 0.001554756902538076
0.6188258934043402 0.009602186018115244 0.3715719205775445 0.001554756902538076
0.7964902586210802 0.20100730399368721 0.0025024373852325366 0.000626479792481226
0.00250243738523237 0.7964902586210804 0.20100730399368727 0.000626479792481226
0.2010073039936866 0.002502437385232592 0.7964902586210808 0.000626479792481226
0.20100730399368727 0.7964902586210801 0.002502437385232592 0.000626479792481226
0.002502437385232037 0.20100730399368716 0.7964902586210808 0.000626479792481226
0.7964902586210804 0.00250243738523237 0.20100730399368727 0.000626479792481226
0.5050860425617372 0.2931831293722662 0.20173082806599663 0.005991805750173874
0.20173082806599618 0.5050860425617373 0.29318312937226654 0.005991805750173874
0.29318312937226615 0.20173082806599635 0.5050860425617374 0.005991805750173874
0.2931831293722662 0.5050860425617372 0.20173082806599663 0.005991805750173874
0.2017308280659963 0.2931831293722662 0.5050860425617375 0.005991805750173874
0.5050860425617372 0.20173082806599624 0.2931831293722666 0.005991805750173874
0.7139904265957288 0.23333189110362285 0.0526776823006484 0.0030584178145640134
0.05267768230064873 0.7139904265957288 0.2333318911036225 0.0030584178145640134
0.2333318911036225 0.0526776823006484 0.7139904265957291 0.0030584178145640134
0.23333189110362273 0.7139904265957289 0.0526776823006484 0.0030584178145640134
0.052677682300648454 0.23333189110362246 0.7139904265957291 0.0030584178145640134
0.7139904265957288 0.05267768230064873 0.2333318911036225 0.0030584178145640134
0.7649317119922271 0.17929914189700413 0.055769146110768775 0.0029964079041531325
0.05576914611076844 0.7649317119922274 0.17929914189700413 0.0029964079041531325
0.1792991418970039 0.055769146110769 0.7649317119922271 0.0029964079041531325
0.17929914189700413 0.7649317119922271 0.055769146110768775 0.0029964079041531325
0.05576914611076844 0.17929914189700447 0.7649317119922271 0.0029964079041531325
0.7649317119922272 0.05576914611076811 0.1792991418970047 0.0029964079041531325
0.3669822772564583 0.3669822772564583 0.2660354454870833 0.006892504798586958
0.2660354454870833 0.3669822772564583 0.36698227725645843 0.006892504798586958
0.3669822772564583 0.2660354454870833 0.3669822772564583 0.006892504798586958
0.6583279675616898 0.2934353311290928 0.04823670130921742 0.0032333735833172286
0.04823670130921698 0.65832796756169 0.29343533112909304 0.0032333735833172286
0.29343533112909304 0.04823670130921698 0.65832796756169 0.0032333735833172286
0.2934353311290928 0.6583279675616898 0.04823670130921742 0.0032333735833172286
0.04823670130921698 0.29343533112909304 0.65832796756169 0.0032333735833172286
0.6583279675616899 0.04823670130921687 0.29343533112909326 0.0032333735833172286
0.43646182017125834 0.32984059627561935 0.2336975835531223 0.006646364364979991
0.2336975835531218 0.43646182017125884 0.3298405962756193 0.006646364364979991
0.3298405962756191 0.2336975835531221 0.4364618201712588 0.006646364364979991
0.32984059627561935 0.43646182017125834 0.2336975835531223 0.006646364364979991
0.23369758355312198 0.32984059627561924 0.4364618201712588 0.006646364364979991
0.43646182017125873 0.2336975835531218 0.3298405962756195 0.006646364364979991
0.7691621557796964 0.13817569361152743 0.0926621506087762 0.003194904932908866
0.09266215060877625 0.7691621557796964 0.13817569361152737 0.003194904932908866
0.13817569361152737 0.09266215060877614 0.7691621557796965 0.003194904932908866
0.13817569361152748 0.7691621557796964 0.09266215060877614 0.003194904932908866
0.0926621506087758 0.1381756936115277 0.7691621557796965 0.003194904932908866
0.769162155779696 0.09266215060877603 0.13817569361152793 0.003194904932908866
0.4680323661208263 0.3585128657761013 0.17345476810307237 0.006161991682977741
0.17345476810307237 0.46803236612082644 0.3585128657761012 0.006161991682977741
0.358512865776101 0.17345476810307203 0.468032366120827 0.006161991682977741
0.3585128657761013 0.4680323661208263 0.17345476810307237 0.006161991682977741
0.17345476810307198 0.35851286577610103 0.46803236612082694 0.006161991682977741
0.46803236612082627 0.1734547681030723 0.35851286577610136 0.006161991682977741
0.5618113228868686 0.42033778346654865 0.01785089364658271 0.0021838177312897534
0.017850893646582544 0.5618113228868686 0.4203377834665488 0.0021838177312897534
0.4203377834665485 0.017850893646582433 0.5618113228868691 0.0021838177312897534
0.4203377834665486 0.5618113228868686 0.017850893646582766 0.0021838177312897534
0.01785089364658271 0.42033778346654876 0.5618113228868686 0.0021838177312897534
0.5618113228868685 0.017850893646582655 0.4203377834665488 0.0021838177312897534
0.6010021745006724 0.2790511330034805 0.11994669249584711 0.004838228753597257
0.11994669249584711 0.6010021745006722 0.2790511330034807 0.004838228753597257
0.2790511330034803 0.11994669249584733 0.6010021745006724 0.004838228753597257
0.2790511330034804 0.6010021745006725 0.11994669249584711 0.004838228753597257
0.11994669249584677 0.27905113300348083 0.6010021745006724 0.004838228753597257
0.6010021745006722 0.11994669249584705 0.2790511330034808 0.004838228753597257
0.8925527104988681 0.09346267224937121 0.0139846172517607 0.0011709435195081128
0.013984617251760811 0.892552710498868 0.09346267224937121 0.0011709435195081128
0.09346267224937044 0.013984617251760811 0.8925527104988688 0.0011709435195081128
0.0934626722493711 0.8925527104988682 0.0139846172517607 0.0011709435195081128
0.013984617251760367 0.09346267224937088 0.8925527104988688 0.0011709435195081128
0.8925527104988679 0.013984617251760922 0.09346267224937121 0.0011709435195081128
0.49323324799590273 0.38740898768901977 0.1193577643150775 0.00540749685643984
0.1193577643150775 0.4932332479959025 0.38740898768902 0.00540749685643984
0.38740898768901955 0.11935776431507761 0.49323324799590285 0.00540749685643984
0.38740898768901977 0.49323324799590273 0.1193577643150775 0.00540749685643984
0.11935776431507755 0.3874089876890196 0.4932332479959028 0.00540749685643984
0.49323324799590246 0.11935776431507744 0.38740898768902005 0.00540749685643984
0.5192306493531182 0.4071846956615202 0.07358465498536154 0.00453338912374903
0.07358465498536182 0.5192306493531178 0.4071846956615204 0.00453338912374903
0.4071846956615196 0.07358465498536171 0.5192306493531187 0.00453338912374903
0.40718469566152016 0.5192306493531182 0.0735846549853616 0.00453338912374903
0.07358465498536143 0.40718469566152043 0.5192306493531182 0.00453338912374903
0.5192306493531178 0.07358465498536182 0.4071846956615204 0.00453338912374903
0.7996426687617496 0.18764058338970968 0.01271674784854071 0.0015268444445366396
0.01271674784854071 0.7996426687617497 0.18764058338970957 0.0015268444445366396
0.18764058338970968 0.0127167478485406 0.7996426687617497 0.0015268444445366396
0.18764058338970957 0.7996426687617497 0.01271674784854071 0.0015268444445366396
0.0127167478485406 0.18764058338970968 0.7996426687617497 0.0015268444445366396
0.7996426687617495 0.012716747848540377 0.18764058338971012 0.0015268444445366396
0.4701567152192388 0.2649216423903808 0.26492164239038046 0.006314656993032905
0.2649216423903808 0.4701567152192388 0.26492164239038035 0.006314656993032905
0.26492164239038035 0.26492164239038046 0.47015671521923913 0.006314656993032905
0.8453340935540357 0.15222552603827666 0.002440380407687681 0.0005985557587521134
0.002440380407687792 0.8453340935540359 0.15222552603827633 0.0005985557587521134
0.152225526038276 0.0024403804076880142 0.845334093554036 0.0005985557587521134
0.1522255260382761 0.8453340935540362 0.002440380407687681 0.0005985557587521134
0.002440380407687459 0.15222552603827655 0.845334093554036 0.0005985557587521134
0.8453340935540359 0.002440380407687792 0.15222552603827633 0.0005985557587521134
0.6959673722361422 0.17414200178656336 0.1298906259772944 0.004221337431407269
0.1298906259772944 0.6959673722361424 0.17414200178656325 0.004221337431407269
0.17414200178656308 0.12989062597729445 0.6959673722361424 0.004221337431407269
0.17414200178656325 0.6959673722361424 0.1298906259772944 0.004221337431407269
0.12989062597729417 0.17414200178656336 0.6959673722361425 0.004221337431407269
0.6959673722361421 0.12989062597729412 0.17414200178656375 0.004221337431407269
0.3984690684139451 0.3984690684139451 0.20306186317210978 0.006558307500197902
0.2030618631721099 0.39846906841394497 0.3984690684139451 0.006558307500197902
0.3984690684139449 0.20306186317210995 0.39846906841394514 0.006558307500197902
0.5347112144371693 0.32140815517552634 0.14388063038730436 0.0055145622313395
0.14388063038730436 0.5347112144371694 0.32140815517552623 0.0055145622313395
0.3214081551755262 0.1438806303873042 0.5347112144371697 0.0055145622313395
0.32140815517552634 0.5347112144371693 0.14388063038730436 0.0055145622313395
0.1438806303873042 0.3214081551755262 0.5347112144371697 0.0055145622313395
0.5347112144371693 0.14388063038730436 0.32140815517552634 0.0055145622313395
0.8523358545382166 0.08880433617342653 0.05885980928835688 0.002337177809910667
0.05885980928835666 0.8523358545382167 0.08880433617342665 0.002337177809910667
0.08880433617342609 0.05885980928835688 0.852335854538217 0.002337177809910667
0.08880433617342653 0.8523358545382166 0.05885980928835688 0.002337177809910667
0.058859809288356435 0.08880433617342653 0.852335854538217 0.002337177809910667
0.8523358545382167 0.05885980928835666 0.08880433617342665 0.002337177809910667
0.8092737430634782 0.1304289155517122 0.06029734138480958 0.0027879889526797046
0.06029734138480958 0.8092737430634784 0.130428915551712 0.0027879889526797046
0.13042891555171177 0.060297341384809244 0.809273743063479 0.0027879889526797046
0.1304289155517122 0.8092737430634782 0.06029734138480958 0.0027879889526797046
0.06029734138480891 0.1304289155517121 0.809273743063479 0.0027879889526797046
0.8092737430634781 0.060297341384809244 0.13042891555171265 0.0027879889526797046
0.4526201907514942 0.4526201907514942 0.09475961849701164 0.005016859485968216
0.09475961849701142 0.4526201907514944 0.4526201907514942 0.005016859485968216
0.4526201907514936 0.09475961849701164 0.45262019075149473 0.005016859485968216
0.8499366346784313 0.13683791272221024 0.013225452599358478 0.0014305749953705711
0.013225452599358811 0.849936634678431 0.13683791272221024 0.0014305749953705711
0.1368379127222098 0.013225452599358811 0.8499366346784314 0.0014305749953705711
0.13683791272221024 0.8499366346784313 0.013225452599358478 0.0014305749953705711
0.013225452599358811 0.1368379127222098 0.8499366346784314 0.0014305749953705711
0.8499366346784314 0.013225452599358367 0.13683791272221024 0.0014305749953705711
0.5898753813183407 0.35285335917967087 0.057271259501988414 0.00397204224187745
0.057271259501988636 0.5898753813183407 0.35285335917967064 0.00397204224187745
0.35285335917967053 0.057271259501988525 0.5898753813183409 0.00397204224187745
0.35285335917967076 0.5898753813183408 0.057271259501988414 0.00397204224187745
0.057271259501988525 0.35285335917967053 0.5898753813183409 0.00397204224187745
0.5898753813183405 0.057271259501988636 0.35285335917967087 0.00397204224187745
0.742679452196572 0.24638690021714216 0.010933647586285788 0.0016230214293910898
0.010933647586285788 0.7426794521965718 0.24638690021714238 0.0016230214293910898
0.2463869002171417 0.010933647586285788 0.7426794521965725 0.0016230214293910898
0.24638690021714205 0.7426794521965722 0.010933647586285788 0.0016230214293910898
0.01093364758628601 0.24638690021714205 0.7426794521965719 0.0016230214293910898
0.7426794521965718 0.010933647586285788 0.24638690021714238 0.0016230214293910898
0.4268610495333075 0.4268610495333075 0.146277900933385 0.00588250912617529
0.14627790093338472 0.4268610495333078 0.42686104953330745 0.00588250912617529
0.4268610495333073 0.14627790093338522 0.4268610495333075 0.00588250912617529
0.33333333333333326 0.33333333333333326 0.3333333333333335 0.006941469654385061
0.5605547908509811 0.34352004405947123 0.09592516508954763 0.004830854877895097
0.09592516508954729 0.5605547908509814 0.34352004405947134 0.004830854877895097
0.3435200440594712 0.09592516508954718 0.5605547908509816 0.004830854877895097
0.3435200440594711 0.5605547908509813 0.09592516508954763 0.004830854877895097
0.09592516508954713 0.34352004405947123 0.5605547908509816 0.004830854877895097
0.5605547908509811 0.09592516508954724 0.3435200440594716 0.004830854877895097
0.5441206066477791 0.4162089636364642 0.03967042971575674 0.0035396788161465046
0.03967042971575674 0.5441206066477787 0.41620896363646454 0.0035396788161465046
0.41620896363646376 0.03967042971575674 0.5441206066477795 0.0035396788161465046
0.4162089636364641 0.5441206066477792 0.03967042971575674 0.0035396788161465046
0.039670429715756184 0.4162089636364643 0.5441206066477795 0.0035396788161465046
0.5441206066477787 0.03967042971575674 0.41620896363646454 0.0035396788161465046
0.8108551257330109 0.09457243713349484 0.09457243713349428 0.003137143462164272
0.09457243713349406 0.8108551257330111 0.09457243713349484 0.003137143462164272
0.09457243713349428 0.09457243713349428 0.8108551257330114 0.003137143462164272
0.47298947086889753 0.4729894708688974 0.054021058262205046 0.004093065147819673
0.05402105826220516 0.4729894708688973 0.47298947086889753 0.004093065147819673
0.4729894708688972 0.05402105826220527 0.47298947086889753 0.004093065147819673
0.9581931415494849 0.03901181069998594 0.0027950477505291893 0.0003670659894180619
0.0027950477505294113 0.9581931415494847 0.03901181069998594 0.0003670659894180619
0.03901181069998516 0.0027950477505293003 0.9581931415494855 0.0003670659894180619
0.03901181069998583 0.958193141549485 0.0027950477505291893 0.0003670659894180619
0.0027950477505289673 0.039011810699985494 0.9581931415494855 0.0003670659894180619
0.958193141549485 0.0027950477505290783 0.03901181069998594 0.0003670659894180619
0.890152674212717 0.10718071413460606 0.002666611652676898 0.0005709699094041825
0.002666611652676898 0.8901526742127169 0.10718071413460617 0.0005709699094041825
0.10718071413460584 0.002666611652676787 0.8901526742127174 0.0005709699094041825
0.10718071413460606 0.890152674212717 0.002666611652676898 0.0005709699094041825
0.0026666116526762873 0.10718071413460634 0.8901526742127173 0.0005709699094041825
0.8901526742127169 0.002666611652676898 0.10718071413460617 0.0005709699094041825
0.5710366502174161 0.42642381970632615 0.0025395300762577344 0.0008761135391688248
0.0025395300762572903 0.5710366502174165 0.42642381970632626 0.0008761135391688248
0.4264238197063257 0.0025395300762577344 0.5710366502174166 0.0008761135391688248
0.42642381970632615 0.5710366502174161 0.0025395300762577344 0.0008761135391688248
0.0025395300762571793 0.42642381970632626 0.5710366502174166 0.0008761135391688248
0.5710366502174159 0.0025395300762578454 0.42642381970632626 0.0008761135391688248
0.9318297176864015 0.0340851411567995 0.03408514115679895 0.001251314685320461
0.03408514115679917 0.9318297176864013 0.0340851411567995 0.001251314685320461
0.03408514115679773 0.03408514115679773 0.9318297176864045 0.001251314685320461
0.6193084930778816 0.35196013136382964 0.028731375558288752 0.003087110974924169
0.02873137555828864 0.6193084930778817 0.35196013136382964 0.003087110974924169
0.35196013136382953 0.02873137555828853 0.6193084930778819 0.003087110974924169
0.35196013136382953 0.6193084930778817 0.028731375558288752 0.003087110974924169
0.02873137555828853 0.35196013136382953 0.6193084930778819 0.003087110974924169
0.6193084930778815 0.02873137555828853 0.35196013136383 0.003087110974924169
0.4869989968257814 0.4869989968257814 0.02600200634843719 0.003055805770298834
0.0260020063484368 0.4869989968257818 0.48699899682578146 0.003055805770298834
0.48699899682578107 0.026002006348436968 0.48699899682578196 0.003055805770298834
