0.3971296627653639 0.301435168617318 0.3014351686173181 0.005747934029670189
0.30143516861731795 0.39712966276536393 0.30143516861731806 0.005747934029670189
0.3014351686173179 0.301435168617318 0.3971296627653641 0.005747934029670189
0.4916414039828906 0.4916414039828906 0.016717192034218842 0.00229636809209943
0.01671719203421851 0.4916414039828906 0.4916414039828909 0.00229636809209943
0.4916414039828906 0.01671719203421851 0.4916414039828909 0.00229636809209943
0.35779313579859706 0.35779313579859706 0.2844137284028059 0.007995350841864321
0.28441372840280565 0.35779313579859706 0.3577931357985973 0.007995350841864321
0.35779313579859706 0.28441372840280565 0.3577931357985973 0.007995350841864321
0.9428863000930626 0.05504547969153173 0.0020682202154056473 0.0004541993823753978
0.0020682202154060914 0.9428863000930622 0.05504547969153173 0.0004541993823753978
0.055045479691532395 0.0020682202154072016 0.9428863000930604 0.0004541993823753978
0.05504547969153162 0.9428863000930627 0.0020682202154056473 0.0004541993823753978
0.0020682202154067575 0.05504547969153284 0.9428863000930604 0.0004541993823753978
0.9428863000930626 0.0020682202154056473 0.05504547969153173 0.0004541993823753978
0.5457185408985745 0.44537646491529764 0.008904994186127835 0.001971749330984173
0.00890499418612778 0.5457185408985747 0.4453764649152975 0.001971749330984173
0.44537646491529714 0.008904994186128112 0.5457185408985747 0.001971749330984173
0.4453764649152976 0.5457185408985746 0.00890499418612778 0.001971749330984173
0.008904994186127668 0.4453764649152976 0.5457185408985747 0.001971749330984173
0.5457185408985745 0.008904994186127446 0.44537646491529803 0.001971749330984173
0.845500019912645 0.15238400252431517 0.002115977563039828 0.0007826663054393525
0.002115977563039939 0.845500019912645 0.15238400252431505 0.0007826663054393525
0.15238400252431483 0.002115977563039939 0.8455000199126452 0.0007826663054393525
0.15238400252431505 0.8455000199126451 0.002115977563039828 0.0007826663054393525
0.002115977563039384 0.1523840025243154 0.8455000199126452 0.0007826663054393525
0.8455000199126447 0.002115977563039717 0.1523840025243156 0.0007826663054393525
0.47517207978130926 0.26241396010934537 0.26241396010934537 0.008790185893327819
0.2624139601093458 0.4751720797813088 0.26241396010934537 0.008790185893327819
0.26241396010934537 0.26241396010934537 0.47517207978130926 0.008790185893327819
0.5992221165426375 0.3975166100282314 0.0032612734291311285 0.0012646931023971718
0.003261273429131295 0.5992221165426372 0.39751661002823147 0.0012646931023971718
0.397516610028231 0.003261273429131073 0.5992221165426379 0.0012646931023971718
0.39751661002823147 0.5992221165426374 0.003261273429131184 0.0012646931023971718
0.003261273429131295 0.39751661002823135 0.5992221165426374 0.0012646931023971718
0.5992221165426372 0.003261273429131295 0.39751661002823147 0.0012646931023971718
0.4028164505857818 0.4028164505857819 0.19436709882843622 0.008320366612325613
0.1943670988284359 0.4028164505857819 0.40281645058578225 0.008320366612325613
0.40281645058578186 0.19436709882843595 0.4028164505857822 0.008320366612325613
0.7987533357833951 0.1560787694034761 0.04516789481312877 0.0035572562609095153
0.04516789481312855 0.7987533357833957 0.15607876940347576 0.0035572562609095153
0.15607876940347565 0.04516789481312877 0.7987533357833956 0.0035572562609095153
0.1560787694034761 0.7987533357833951 0.04516789481312877 0.0035572562609095153
0.04516789481312822 0.1560787694034762 0.7987533357833956 0.0035572562609095153
0.7987533357833954 0.04516789481312833 0.15607876940347631 0.0035572562609095153
0.47308896550066426 0.47308896550066426 0.05382206899867148 0.005275188285161496
0.05382206899867148 0.4730889655006645 0.47308896550066404 0.005275188285161496
0.4730889655006637 0.0538220689986717 0.4730889655006646 0.005275188285161496
0.7940983020176845 0.19729567627655853 0.008606021705756972 0.0018428326631755062
0.008606021705756528 0.7940983020176845 0.19729567627655897 0.0018428326631755062
0.19729567627655875 0.008606021705756639 0.7940983020176846 0.0018428326631755062
0.19729567627655853 0.7940983020176845 0.008606021705756972 0.0018428326631755062
0.008606021705756695 0.1972956762765587 0.7940983020176846 0.0018428326631755062
0.7940983020176845 0.008606021705756528 0.19729567627655897 0.0018428326631755062
0.9359318098485053 0.0500938368999263 0.013974353251568372 0.0013289799356541588
0.013974353251568372 0.9359318098485054 0.05009383689992619 0.0013289799356541588
0.05009383689992564 0.013974353251568261 0.9359318098485061 0.0013289799356541588
0.0500938368999263 0.9359318098485053 0.013974353251568372 0.0013289799356541588
0.013974353251567928 0.05009383689992597 0.9359318098485061 0.0013289799356541588
0.9359318098485053 0.013974353251568483 0.05009383689992619 0.0013289799356541588
0.5136696044857862 0.2988590630143193 0.18747133249989445 0.009023412855106211
0.18747133249989434 0.5136696044857865 0.2988590630143192 0.009023412855106211
0.2988590630143191 0.18747133249989412 0.5136696044857868 0.009023412855106211
0.2988590630143193 0.5136696044857862 0.18747133249989445 0.009023412855106211
0.18747133249989412 0.2988590630143191 0.5136696044857868 0.009023412855106211
0.5136696044857864 0.18747133249989434 0.2988590630143193 0.009023412855106211
0.8742639019118681 0.06286804904406618 0.06286804904406573 0.002968206639051602
0.06286804904406607 0.8742639019118682 0.06286804904406573 0.002968206639051602
0.06286804904406562 0.06286804904406573 0.8742639019118686 0.002968206639051602
0.44159743375493027 0.44159743375493027 0.11680513249013952 0.0076051825305363495
0.11680513249013935 0.4415974337549303 0.4415974337549303 0.0076051825305363495
0.44159743375493 0.11680513249013913 0.4415974337549309 0.0076051825305363495
0.9607456800330583 0.0196271599834712 0.019627159983470532 0.0010131210327380823
0.01962715998347031 0.9607456800330585 0.0196271599834712 0.0010131210327380823
0.019627159983471643 0.019627159983471754 0.9607456800330566 0.0010131210327380823
0.43251431265872015 0.33476334326533136 0.23272234407594855 0.008605504494083831
0.23272234407594822 0.43251431265872026 0.33476334326533147 0.008605504494083831
0.33476334326533125 0.23272234407594822 0.4325143126587206 0.008605504494083831
0.3347633432653313 0.4325143126587202 0.2327223440759485 0.008605504494083831
0.23272234407594822 0.33476334326533125 0.4325143126587205 0.008605504494083831
0.43251431265872026 0.23272234407594822 0.33476334326533147 0.008605504494083831
0.7616252904089402 0.20937282497637527 0.029001884614684503 0.0036104679969938365
0.029001884614684448 0.7616252904089404 0.2093728249763751 0.0036104679969938365
0.20937282497637477 0.029001884614684892 0.7616252904089403 0.0036104679969938365
0.20937282497637522 0.7616252904089402 0.02900188461468456 0.0036104679969938365
0.029001884614684337 0.20937282497637533 0.7616252904089403 0.0036104679969938365
0.7616252904089401 0.029001884614684115 0.20937282497637577 0.0036104679969938365
0.8398677722708632 0.10656474486138323 0.05356748286775359 0.003523560767210801
0.05356748286775315 0.8398677722708633 0.10656474486138356 0.003523560767210801
0.10656474486138301 0.05356748286775359 0.8398677722708634 0.003523560767210801
0.10656474486138323 0.8398677722708632 0.05356748286775359 0.003523560767210801
0.05356748286775315 0.10656474486138345 0.8398677722708634 0.003523560767210801
0.8398677722708632 0.05356748286775326 0.10656474486138356 0.003523560767210801
0.6751411779813132 0.32136262766954327 0.0034961943491435 0.0013780765220063685
0.003496194349143389 0.6751411779813133 0.32136262766954327 0.0013780765220063685
0.32136262766954327 0.003496194349143389 0.6751411779813133 0.0013780765220063685
0.32136262766954327 0.6751411779813132 0.0034961943491435 0.0013780765220063685
0.003496194349143278 0.3213626276695434 0.6751411779813133 0.0013780765220063685
0.6751411779813131 0.003496194349143278 0.3213626276695436 0.0013780765220063685
0.7572369308551707 0.24158702634798784 0.0011760427968414144 0.0006950295859518593
0.001176042796841581 0.7572369308551706 0.2415870263479878 0.0006950295859518593
0.24158702634798757 0.001176042796841581 0.7572369308551709 0.0006950295859518593
0.2415870263479878 0.7572369308551707 0.00117604279684147 0.0006950295859518593
0.001176042796841581 0.24158702634798757 0.7572369308551709 0.0006950295859518593
0.7572369308551706 0.001176042796841581 0.2415870263479878 0.0006950295859518593
0.5528929715350867 0.3331530997207648 0.11395392874414856 0.00812972059807798
0.11395392874414845 0.5528929715350865 0.333153099720765 0.00812972059807798
0.33315309972076446 0.11395392874414845 0.5528929715350871 0.00812972059807798
0.3331530997207647 0.5528929715350868 0.11395392874414856 0.00812972059807798
0.11395392874414789 0.333153099720765 0.5528929715350871 0.00812972059807798
0.5528929715350864 0.11395392874414845 0.3331530997207651 0.00812972059807798
0.7599448456751413 0.15511655481330344 0.08493859951155525 0.005489656359866712
0.08493859951155502 0.7599448456751419 0.1551165548133031 0.005489656359866712
0.15511655481330322 0.08493859951155514 0.7599448456751416 0.005489656359866712
0.15511655481330333 0.7599448456751414 0.08493859951155525 0.005489656359866712
0.08493859951155491 0.15511655481330344 0.7599448456751416 0.005489656359866712
0.7599448456751415 0.08493859951155469 0.15511655481330378 0.005489656359866712
0.4764206619753216 0.37101415167746177 0.1525651863472166 0.00823598732285827
0.15256518634721594 0.47642066197532196 0.3710141516774621 0.00823598732285827
0.3710141516774614 0.15256518634721644 0.4764206619753221 0.00823598732285827
0.37101415167746166 0.47642066197532174 0.1525651863472166 0.00823598732285827
0.1525651863472159 0.37101415167746193 0.4764206619753221 0.00823598732285827
0.4764206619753214 0.15256518634721639 0.3710141516774622 0.00823598732285827
0.9194262623396129 0.040286868830193834 0.04028686883019328 0.0020648356265983267
0.0402868688301935 0.9194262623396127 0.040286868830193834 0.0020648356265983267
0.04028686883019206 0.04028686883019217 0.9194262623396158 0.0020648356265983267
0.7154976600831512 0.27088366180777224 0.013618678109076576 0.0027797735193625705
0.013618678109076354 0.7154976600831513 0.27088366180777235 0.0027797735193625705
0.2708836618077717 0.013618678109076687 0.7154976600831516 0.0027797735193625705
0.27088366180777224 0.7154976600831512 0.013618678109076576 0.0027797735193625705
0.013618678109076188 0.2708836618077722 0.7154976600831517 0.0027797735193625705
0.7154976600831513 0.013618678109076354 0.27088366180777235 0.0027797735193625705
0.5912668641409813 0.35250674841546625 0.05622638744355246 0.0063317818814833966
0.05622638744355224 0.5912668641409813 0.3525067484154665 0.0063317818814833966
0.35250674841546614 0.05622638744355224 0.5912668641409816 0.0063317818814833966
0.35250674841546625 0.5912668641409813 0.05622638744355246 0.0063317818814833966
0.05622638744355213 0.35250674841546625 0.5912668641409816 0.0063317818814833966
0.5912668641409811 0.05622638744355213 0.3525067484154668 0.0063317818814833966
0.5125263777821213 0.4057201327781904 0.0817534894396883 0.006945710719941568
0.0817534894396883 0.5125263777821213 0.4057201327781904 0.006945710719941568
0.4057201327781903 0.0817534894396883 0.5125263777821214 0.006945710719941568
0.4057201327781903 0.5125263777821214 0.0817534894396883 0.006945710719941568
0.0817534894396883 0.4057201327781903 0.5125263777821214 0.006945710719941568
0.512526377782121 0.08175348943968808 0.40572013277819097 0.006945710719941568
0.7174078887952543 0.21894968101499834 0.06364243018974736 0.005565941115686097
0.06364243018974736 0.7174078887952544 0.21894968101499823 0.005565941115686097
0.21894968101499823 0.06364243018974725 0.7174078887952545 0.005565941115686097
0.21894968101499823 0.7174078887952544 0.06364243018974736 0.005565941115686097
0.06364243018974725 0.21894968101499823 0.7174078887952545 0.005565941115686097
0.7174078887952541 0.06364243018974713 0.2189496810149988 0.005565941115686097
0.6778965310783613 0.2067092480855644 0.11539422083607426 0.007337610156762683
0.11539422083607409 0.6778965310783612 0.20670924808556468 0.007337610156762683
0.2067092480855643 0.11539422083607404 0.6778965310783616 0.007337610156762683
0.20670924808556435 0.6778965310783615 0.1153942208360742 0.007337610156762683
0.11539422083607376 0.20670924808556457 0.6778965310783617 0.007337610156762683
0.6778965310783611 0.11539422083607415 0.20670924808556473 0.007337610156762683
0.8029476906624148 0.09852615466879289 0.09852615466879233 0.005003639615557336
0.09852615466879211 0.8029476906624151 0.09852615466879278 0.005003639615557336
0.09852615466879228 0.09852615466879228 0.8029476906624153 0.005003639615557336
0.5952117958375971 0.2566010878790921 0.14818711628331083 0.008711426623560857
0.14818711628331027 0.5952117958375972 0.2566010878790925 0.008711426623560857
0.25660108787909197 0.14818711628331094 0.5952117958375971 0.008711426623560857
0.2566010878790921 0.5952117958375971 0.14818711628331083 0.008711426623560857
0.1481871162833105 0.2566010878790924 0.5952117958375971 0.008711426623560857
0.5952117958375968 0.14818711628331072 0.2566010878790925 0.008711426623560857
0.8431958337273687 0.13820629521124972 0.018597871061381555 0.0027367494327220194
0.018597871061381666 0.8431958337273686 0.13820629521124972 0.0027367494327220194
0.1382062952112495 0.018597871061381666 0.8431958337273688 0.0027367494327220194
0.1382062952112496 0.8431958337273688 0.018597871061381555 0.0027367494327220194
0.018597871061381 0.13820629521125016 0.8431958337273688 0.0027367494327220194
0.8431958337273688 0.01859787106138089 0.13820629521125027 0.0027367494327220194
0.7209310740213851 0.13953446298930727 0.1395344629893076 0.006719079812417403
0.13953446298930716 0.7209310740213852 0.1395344629893076 0.006719079812417403
0.13953446298930716 0.13953446298930727 0.7209310740213856 0.006719079812417403
0.556927978980616 0.22153601050969185 0.22153601050969218 0.009161908940937321
0.22153601050969196 0.5569279789806159 0.22153601050969218 0.009161908940937321
0.22153601050969196 0.22153601050969196 0.5569279789806161 0.009161908940937321
0.5412187714875729 0.4258102085854809 0.03297101992694618 0.004701657580932188
0.0329710199269464 0.5412187714875724 0.42581020858548124 0.004701657580932188
0.4258102085854808 0.032971019926945955 0.5412187714875732 0.004701657580932188
0.4258102085854809 0.5412187714875729 0.03297101992694618 0.004701657580932188
0.03297101992694618 0.4258102085854812 0.5412187714875727 0.004701657580932188
0.5412187714875724 0.0329710199269464 0.42581020858548124 0.004701657580932188
0.6384993557294005 0.18075032213529962 0.18075032213529985 0.008371906637012995
0.1807503221352995 0.6384993557294006 0.18075032213529985 0.008371906637012995
0.1807503221352995 0.1807503221352995 0.638499355729401 0.008371906637012995
0.634894521474806 0.27972592695223997 0.08537955157295407 0.007175008959932722
0.08537955157295385 0.634894521474806 0.2797259269522402 0.007175008959932722
0.27972592695223997 0.08537955157295396 0.6348945214748061 0.007175008959932722
0.27972592695223997 0.634894521474806 0.08537955157295407 0.007175008959932722
0.08537955157295396 0.27972592695223997 0.6348945214748061 0.007175008959932722
0.6348945214748057 0.08537955157295385 0.2797259269522404 0.007175008959932722
0.973900260576855 0.022466683580210978 0.003633055842934052 0.0004732469738004895
0.003633055842934052 0.9739002605768551 0.022466683580210867 0.0004732469738004895
0.022466683580209645 0.003633055842932942 0.9739002605768574 0.0004732469738004895
0.022466683580211422 0.9739002605768545 0.003633055842934052 0.0004732469738004895
0.0036330558429324977 0.02246668358021009 0.9739002605768574 0.0004732469738004895
0.9739002605768549 0.003633055842933719 0.022466683580211422 0.0004732469738004895
0.8901176638131804 0.0838622585244555 0.02602007766236414 0.002534662111367781
0.026020077662363805 0.8901176638131809 0.08386225852445528 0.002534662111367781
0.08386225852445484 0.026020077662363916 0.8901176638131812 0.002534662111367781
0.08386225852445539 0.8901176638131805 0.02602007766236414 0.002534662111367781
0.026020077662363472 0.08386225852445528 0.8901176638131812 0.002534662111367781
0.8901176638131806 0.026020077662363583 0.08386225852445583 0.002534662111367781
0.6757427274290936 0.2848003464144686 0.03945692615643781 0.005070157300011404
0.03945692615643781 0.6757427274290938 0.2848003464144684 0.005070157300011404
0.28480034641446805 0.03945692615643803 0.6757427274290939 0.005070157300011404
0.2848003464144686 0.6757427274290936 0.03945692615643781 0.005070157300011404
0.03945692615643803 0.28480034641446805 0.6757427274290939 0.005070157300011404
0.6757427274290931 0.039456926156438255 0.2848003464144686 0.005070157300011404
0.6236351787590179 0.35659410353657384 0.019770717704408303 0.004054072086884027
0.01977071770440808 0.6236351787590181 0.35659410353657384 0.004054072086884027
0.3565941035365733 0.019770717704408414 0.6236351787590183 0.004054072086884027
0.35659410353657384 0.6236351787590179 0.019770717704408303 0.004054072086884027
0.01977071770440786 0.35659410353657384 0.6236351787590183 0.004054072086884027
0.6236351787590179 0.01977071770440797 0.35659410353657417 0.004054072086884027
0.8975470714692348 0.09742423111513787 0.005028697415627281 0.0012544783872410195
0.005028697415627503 0.8975470714692345 0.09742423111513798 0.0012544783872410195
0.09742423111513754 0.005028697415627614 0.8975470714692348 0.0012544783872410195
0.09742423111513776 0.897547071469235 0.005028697415627281 0.0012544783872410195
0.005028697415627059 0.0974242311151381 0.8975470714692348 0.0012544783872410195
0.8975470714692347 0.005028697415626726 0.09742423111513854 0.0012544783872410195
0.9914455854630336 0.004277207268483796 0.004277207268482575 0.0002403337374048414
0.004277207268482908 0.991445585463034 0.00427720726848313 0.0002403337374048414
0.00427720726848313 0.00427720726848313 0.9914455854630337 0.0002403337374048414
0.4999132224862253 0.4999132224862253 0.00017355502754945462 0.0006275843410705629
0.0001735550275497877 0.4999132224862247 0.4999132224862255 0.0006275843410705629
0.4999132224862247 0.0001735550275497877 0.4999132224862255 0.0006275843410705629
