1
3                  50                  50                  1
8.999099731445312 0.9845272898674011 0.6000000238418579 
5.363064765930176 0.48503339290618896 0.05000000074505806 
-1.8387517929077148 
-7.037581443786621 
WEIGHT:
-1.6050549745559692 -1.7674798965454102 -0.1383553445339203 
-2.0471222400665283 -0.8383216261863708 -0.06213852018117905 
-0.7779580354690552 1.9922499656677246 1.4789739847183228 
2.0026493072509766 -1.3438098430633545 -0.26770615577697754 
0.7929543256759644 0.7568890452384949 1.7667391300201416 
0.9800979495048523 -1.7436214685440063 0.5103422403335571 
0.9022077918052673 -2.3657631874084473 0.26101046800613403 
2.16743803024292 -1.4163978099822998 0.2063358873128891 
0.9598393440246582 -1.8055771589279175 0.055191658437252045 
0.087323397397995 -0.0345660001039505 0.1822625994682312 
-0.9326685667037964 3.1376874446868896 -3.6205430030822754 
-0.8638510704040527 1.3084977865219116 -1.6015359163284302 
-0.17426952719688416 -0.563426673412323 -0.36505839228630066 
-0.3929956257343292 -0.5809385776519775 0.5031366348266602 
0.567756712436676 -0.9866843223571777 -0.5925613045692444 
1.09237802028656 -0.4257461428642273 -0.22856418788433075 
-0.889346718788147 1.259234070777893 0.2315906286239624 
-1.0588022470474243 1.8576356172561646 2.100100517272949 
0.31101179122924805 -0.8372215032577515 -0.10030920058488846 
0.8311194777488708 -1.4892288446426392 -0.6503755450248718 
-0.6874489784240723 -1.2672933340072632 -0.33881163597106934 
0.46458572149276733 -0.7045437097549438 -0.25415486097335815 
-1.1750762462615967 1.2115920782089233 -2.922631025314331 
0.5102537274360657 -0.5090884566307068 0.2189864069223404 
-1.3643863201141357 -0.16784536838531494 -0.9434497356414795 
0.47191399335861206 -0.5909237861633301 0.19120490550994873 
0.7683961987495422 -1.3314025402069092 4.935473918914795 
-1.0757592916488647 0.9325774908065796 -1.0672048330307007 
0.28013139963150024 -1.403841495513916 0.4986608624458313 
0.19948531687259674 0.36240512132644653 -0.34552910923957825 
-0.23211807012557983 2.1605234146118164 -1.801342248916626 
-0.5601435899734497 1.7133500576019287 0.23384618759155273 
0.10782341659069061 0.03964190557599068 0.8545220494270325 
-0.3432018756866455 -0.4275018274784088 2.7466773986816406 
-0.9333350658416748 1.2664715051651 0.7426156401634216 
0.40726959705352783 -0.26066386699676514 0.3354266583919525 
0.03190765529870987 0.013876687735319138 0.21482215821743011 
1.0553597211837769 -1.6326810121536255 -0.5286825299263 
-0.6502293348312378 0.3046119213104248 0.23113521933555603 
0.799265444278717 -2.6647517681121826 4.4792962074279785 
3.5619313716888428 0.922417163848877 0.734085738658905 
0.4906083941459656 -1.179404377937317 0.48192888498306274 
-0.19384314119815826 1.0038113594055176 0.42466118931770325 
-1.0618586540222168 -1.283707618713379 -0.08319129049777985 
-0.8079883456230164 -0.2404986470937729 1.0069890022277832 
-0.9670957922935486 1.3423010110855103 0.268154501914978 
0.1304817646741867 -0.12292416393756866 2.615234375 
1.8378671407699585 0.29223114252090454 0.062278106808662415 
0.011075536720454693 1.6065505743026733 -0.26549994945526123 
-1.2739362716674805 1.796219825744629 0.5545827150344849 

0.018282165750861168 -0.3999004364013672 -0.21434073150157928 -0.07841770350933075 0.1238982155919075 0.06930355727672577 -0.008777301758527756 -0.01678968220949173 -0.04497583582997322 -0.01676154136657715 0.0644884705543518 -0.08120212703943253 -0.02699943818151951 -0.15718062222003937 -0.3346399664878845 -0.31991222500801086 0.04773606359958649 -0.02016495354473591 0.11696632206439972 -0.10838304460048676 -0.13344836235046387 -0.05428174138069153 -0.6436691880226135 -0.09905696660280228 -0.05366953834891319 0.011261037550866604 0.07161030918359756 -0.3624707758426666 0.10666768997907639 0.15413708984851837 -0.0771704763174057 0.2568807899951935 0.11562790721654892 -0.3302311897277832 -0.12875565886497498 0.1158304214477539 0.11945530027151108 -0.018990183249115944 -0.054742611944675446 0.041096948087215424 -0.019412968307733536 0.0473894365131855 0.07469706982374191 -0.12458569556474686 -0.10974505543708801 0.15303422510623932 0.09162936359643936 -0.04267967492341995 0.3183424770832062 -0.03918038681149483 
0.5197457075119019 0.28437721729278564 -1.395543098449707 1.4677921533584595 -0.8052858710289001 0.4711228013038635 0.7409462928771973 1.5442225933074951 1.0846402645111084 -0.06689020246267319 -0.8508933782577515 -0.5525398254394531 0.2194870263338089 0.12586349248886108 -0.2389315515756607 0.10915544629096985 -1.887740969657898 -1.0386556386947632 0.3545020520687103 0.44243890047073364 0.4534390866756439 0.3020307719707489 -0.9435046911239624 0.4247027337551117 0.08650049567222595 0.15772603452205658 -0.8509646654129028 -0.9881253242492676 0.40165477991104126 -0.06385383754968643 -0.874674379825592 -1.1893577575683594 0.12553100287914276 -0.3266121447086334 -1.049558162689209 0.06646203994750977 -0.06266988813877106 0.9228151440620422 -0.4720228612422943 -0.2775444984436035 0.021107252687215805 0.3091341257095337 -0.24804653227329254 0.5329858064651489 -0.20654986798763275 -1.930503249168396 -1.1709574460983276 -0.0837109386920929 -0.8496620059013367 -1.1703842878341675 
0.2596500515937805 0.20044894516468048 -0.45594602823257446 0.3587370812892914 -0.48972710967063904 0.15100160241127014 0.09781485050916672 0.3602910339832306 0.3499698042869568 -0.015622787177562714 -0.7659599184989929 -0.45862138271331787 0.15278051793575287 -0.24642813205718994 0.09134111553430557 0.22476184368133545 -0.5242821574211121 -0.42120784521102905 -0.018498286604881287 0.1285412758588791 0.3035449683666229 0.06238928064703941 -0.1702294796705246 -0.16600742936134338 0.3176155984401703 -0.19282381236553192 -0.9698953032493591 0.07313172519207001 0.16911981999874115 -0.06291154026985168 -0.7156478762626648 -0.4511352479457855 -0.2555261254310608 -0.4582706391811371 -0.3456299901008606 -0.24436597526073456 -0.27744290232658386 0.22396090626716614 -0.07790633291006088 -0.8954695463180542 -0.13233354687690735 -0.1261797845363617 -0.3593088984489441 0.44591453671455383 -0.2547388970851898 -0.4092722535133362 -0.6971535682678223 0.15867869555950165 -0.5238050222396851 -0.2162150740623474 
0.36976495385169983 0.1816810965538025 0.3795319199562073 -0.8330678343772888 0.27363356947898865 -0.2918395698070526 -0.47735437750816345 -0.6047633290290833 -0.6300843358039856 -0.09513552486896515 0.38217395544052124 0.32978555560112 -0.09662088006734848 -0.005204964894801378 -0.1056462749838829 -0.06335899978876114 0.49283367395401 0.35292860865592957 -0.35952165722846985 -0.5143911838531494 -0.12152384221553802 -0.2628977596759796 0.17637117207050323 -0.05855920538306236 0.06384442746639252 -0.12984640896320343 0.2548897862434387 0.3167908787727356 -0.09257856011390686 -0.1689910739660263 0.3570501208305359 0.30970364809036255 -0.12686504423618317 0.338076114654541 0.27532729506492615 0.010250717401504517 0.01867581717669964 -0.45863738656044006 0.2525518536567688 -0.023715157061815262 -0.23754142224788666 -0.26980355381965637 0.22926311194896698 -0.1516587883234024 0.13178510963916779 0.4303835928440094 0.21572954952716827 0.16344404220581055 0.3064357340335846 0.33538180589675903 
-0.055232226848602295 -0.30985185503959656 -0.35786744952201843 0.11158967018127441 -0.07471896708011627 0.019391072914004326 0.09631747007369995 0.4860166907310486 0.3006785213947296 -0.06860510259866714 -0.09737873077392578 0.016017062589526176 -0.2158157080411911 -0.15596894919872284 -0.009274712763726711 0.18182922899723053 -0.012312711216509342 -0.07496128976345062 -0.06452161818742752 0.14653559029102325 -0.26897498965263367 0.1362406313419342 0.14131036400794983 0.05455309897661209 0.07587640732526779 0.128019317984581 -0.2563762068748474 0.023176852613687515 -0.1075335368514061 0.056899454444646835 0.04678488150238991 -0.15711526572704315 0.053419604897499084 -0.5002782940864563 -0.27862435579299927 0.18341238796710968 0.19212594628334045 0.2691257894039154 -0.255879282951355 -0.10763728618621826 -0.26697492599487305 -0.0737123116850853 -0.18058837950229645 -0.28424158692359924 -0.018614880740642548 -0.28468236327171326 -0.13977937400341034 -0.14172980189323425 -0.16874371469020844 -0.16340771317481995 
0.16598403453826904 0.23573817312717438 -0.5022293925285339 0.579012393951416 -0.2833205461502075 0.24672548472881317 0.2675683796405792 0.6803798675537109 0.5494077205657959 0.06814347207546234 -0.1887557953596115 -0.48010122776031494 0.13434268534183502 0.20077326893806458 0.18260936439037323 -0.09275438636541367 -0.46995094418525696 -0.45308321714401245 0.10213266313076019 0.2395671159029007 0.044333431869745255 0.023152196779847145 -0.1670021116733551 0.2706041634082794 0.08144424110651016 -0.01607578806579113 0.3063289225101471 -0.23520298302173615 0.14115554094314575 -0.04836932569742203 -0.23148059844970703 -0.5223575234413147 0.24589720368385315 -0.04755778983235359 -0.4726772606372833 0.03338143974542618 -0.0675056129693985 0.35448798537254333 -0.0654294416308403 0.3712370693683624 0.15709201991558075 0.08512363582849503 -0.19635461270809174 -0.003366276854649186 -0.09580132365226746 -0.4640252888202667 -0.09716266393661499 0.0332990400493145 -0.4490029513835907 -0.42973411083221436 
-0.026455199345946312 -0.18228183686733246 -0.12573781609535217 -0.30912765860557556 -0.25175413489341736 0.05441196635365486 -0.03618350625038147 -0.4634508192539215 -0.28003132343292236 -0.0387120246887207 0.030105985701084137 0.034369200468063354 -0.09201136976480484 -0.004826546646654606 -0.12011947482824326 0.07786405831575394 0.10726704448461533 0.17504750192165375 -0.07751701772212982 0.1747785359621048 0.06049168109893799 0.08646772056818008 -0.21679866313934326 -0.29744139313697815 -0.14630819857120514 0.07514746487140656 -0.6611000895500183 -0.046659450978040695 -0.1562708169221878 0.10129032284021378 0.02768709696829319 0.21568448841571808 -0.1318565011024475 -0.017369920387864113 0.15330594778060913 0.005832136608660221 -0.11574855446815491 -0.1470765322446823 0.12513773143291473 -0.4302026629447937 -0.09936031699180603 0.07509707659482956 0.15363141894340515 -0.0315801240503788 0.0024102397728711367 0.15096540749073029 -0.4893743693828583 0.041997186839580536 0.15915752947330475 0.4424895942211151 
-1.2947345972061157 -0.3721354901790619 0.7656271457672119 -0.9836724996566772 0.18840853869915009 -0.5806750059127808 -1.183050513267517 -1.4375487565994263 -0.9155177474021912 -0.051612138748168945 0.07135579735040665 -0.045233096927404404 -0.1814448982477188 -0.23464904725551605 -0.2732498049736023 -0.1822320967912674 0.28939709067344666 0.3326460123062134 -0.1391512155532837 -0.4298032224178314 -0.39726606011390686 -0.2544887363910675 0.2717048227787018 -0.36678704619407654 -0.2890721261501312 0.09411318600177765 0.38040027022361755 0.6956166625022888 -1.0428507328033447 0.14942139387130737 -0.012578986585140228 0.37182480096817017 0.13164296746253967 -0.14475692808628082 0.4641704559326172 0.010195629671216011 -0.08400102704763412 -1.1415935754776 0.04507875069975853 -0.10186557471752167 -0.3804604411125183 -0.020291779190301895 0.13372589647769928 -0.5150677561759949 -0.2506559491157532 0.43713074922561646 0.2921610474586487 -0.4863719642162323 0.21843281388282776 0.3865669071674347 
-0.020894760265946388 0.13978531956672668 0.03268062323331833 -0.13392937183380127 0.27920225262641907 0.024846479296684265 -0.0604083351790905 -0.4087744355201721 -0.12131799012422562 -0.03556140139698982 -0.07855501025915146 -0.26351016759872437 0.037980012595653534 -0.08016476780176163 -0.2786632180213928 -0.07561226934194565 -0.04124172031879425 0.16141031682491302 0.0846676230430603 -0.19645294547080994 0.2068224996328354 -0.246059849858284 -0.32680681347846985 0.043669410049915314 -0.12392982840538025 -0.03975878283381462 -0.14893363416194916 0.012466861866414547 -0.2304012030363083 -0.13186293840408325 -0.12683331966400146 0.042283978313207626 0.21141600608825684 0.16404476761817932 0.18466491997241974 0.05302710086107254 0.10627937316894531 -0.30610960721969604 0.006742069032043219 0.06250392645597458 0.1936989575624466 0.12462662905454636 0.018418896943330765 -0.08241988718509674 0.0656852200627327 0.08603367954492569 -0.0570150725543499 -0.1528339684009552 0.10662633925676346 0.08981238305568695 
0.33256465196609497 -0.04885290935635567 -0.7240079641342163 0.3336818814277649 -0.5367200970649719 0.3194926679134369 0.3744361698627472 0.41831278800964355 0.35052576661109924 0.0017534883227199316 -0.4446621835231781 -0.6042152047157288 -0.031788647174835205 -0.07264652103185654 -0.018749035894870758 0.32721129059791565 -0.3239167034626007 -0.6543099284172058 0.16548755764961243 0.1349061280488968 -0.06193371117115021 0.11161086708307266 -0.7691230773925781 0.21733540296554565 0.14884954690933228 0.055483508855104446 -0.2633436322212219 -0.7293729782104492 0.011130768805742264 -0.03224428743124008 -0.33502572774887085 -0.47103238105773926 0.09550965577363968 -0.6161015629768372 -0.38690951466560364 0.03896843269467354 0.07824146747589111 0.2530689239501953 -0.12939611077308655 -0.530954122543335 -0.26859208941459656 0.17563247680664062 -0.08416309207677841 0.08312545716762543 -0.16180606186389923 -0.4429726302623749 -0.15071192383766174 0.08393381536006927 -0.23496119678020477 -0.5345674753189087 
0.07558470219373703 0.45815807580947876 -0.6321223378181458 1.0721904039382935 -0.7262395024299622 0.1912025511264801 0.4924916625022888 0.9674713611602783 0.7669597268104553 0.1307140737771988 -0.570647120475769 -0.35510191321372986 0.3717779517173767 0.17917019128799438 0.5180521607398987 0.47936809062957764 -0.7918341159820557 -0.9515461325645447 0.1878446787595749 0.24217744171619415 0.3027746081352234 -0.03860040754079819 -0.6906362771987915 0.18575434386730194 0.10836122184991837 -0.14190734922885895 -0.831743061542511 -0.5842239260673523 0.16609317064285278 -0.10691124945878983 -0.33495762944221497 -0.8652129173278809 -0.04484866186976433 -0.5820397734642029 -0.9448599219322205 -0.027298366650938988 -0.1596718281507492 0.38316941261291504 -0.2502746284008026 -0.044173192232847214 0.31888845562934875 0.08792747557163239 -0.8975497484207153 0.651951253414154 0.020572923123836517 -0.7093257904052734 -0.7925001382827759 0.19298721849918365 -0.42266467213630676 -0.5460469126701355 
0.2622217833995819 0.22172217071056366 -0.27203282713890076 0.15206624567508698 -0.20798757672309875 0.0679241418838501 -0.03985386714339256 -0.008146236650645733 -0.06280260533094406 0.08327918499708176 -0.014410875737667084 -0.1055336445569992 0.1674889326095581 -0.007183701265603304 0.14235033094882965 0.22201281785964966 -0.19705577194690704 -0.2981385588645935 0.02408440411090851 0.2128090113401413 0.29317036271095276 -0.12005732953548431 0.1552349030971527 0.042664945125579834 0.24373456835746765 -0.06303093582391739 -0.17490516602993011 0.07797571271657944 -0.004259207751601934 -0.1599394828081131 0.004096865188330412 -0.20049764215946198 -0.4281963109970093 0.05682659521698952 -0.15423081815242767 -0.2030324637889862 -0.36171483993530273 0.16712993383407593 0.015129290521144867 -0.08716664463281631 -0.212472602725029 -0.08195536583662033 -0.27011510729789734 0.1542898416519165 -0.12202777713537216 -0.06514113396406174 -0.1286102533340454 -0.1310623437166214 -0.12452316284179688 -0.1190422847867012 
0.05481645092368126 -0.33741360902786255 0.010581602342426777 -0.5126373171806335 -0.07430210709571838 -0.41031989455223083 -0.4309699833393097 -0.14930716156959534 -0.402193158864975 0.0894724428653717 -0.12729451060295105 0.24051418900489807 -0.11256621032953262 -0.21991339325904846 0.042667973786592484 0.13974440097808838 0.1811884641647339 0.041702792048454285 -0.2588586211204529 -0.5102689266204834 -0.46344250440597534 -0.043120354413986206 0.2325403094291687 -0.016281282529234886 -0.057842280715703964 0.01670718379318714 -0.5308206081390381 0.26860570907592773 -0.30610260367393494 0.07645601779222488 -0.0910993292927742 0.1443772166967392 -0.08435901254415512 -0.5642852187156677 0.19514578580856323 -0.13086026906967163 -0.10386661440134048 -0.317745178937912 -0.11746302247047424 -0.45864278078079224 -0.5864614844322205 -0.35945945978164673 -0.06691156327724457 -0.3243215084075928 -0.008875610306859016 0.045628536492586136 -0.3167863190174103 0.023529740050435066 0.14314495027065277 0.06630051881074905 
-0.10079199075698853 0.10194502025842667 0.1270076036453247 0.04206186532974243 -0.09346228837966919 0.06481748819351196 -0.12379559874534607 -0.07709144055843353 0.10818423330783844 -0.04399679973721504 -0.024119218811392784 0.08330711722373962 0.041198212653398514 0.043419722467660904 0.025624023750424385 -0.151176318526268 -0.044542670249938965 -0.10521142184734344 -0.05086202546954155 0.03406102955341339 -0.08473467081785202 0.12078046798706055 0.009812897071242332 -0.13453048467636108 -0.06791239231824875 -0.11255860328674316 -0.0026228358037769794 0.026665033772587776 0.10167653113603592 -0.029737286269664764 -0.037965837866067886 0.03334362059831619 -0.024200379848480225 0.08955435454845428 0.049673695117235184 0.12824280560016632 0.1558106392621994 -0.0007588102598674595 -0.028285514563322067 0.002322753658518195 0.0793970450758934 0.026256361976265907 -0.0018278269562870264 0.008572746068239212 -0.08577834814786911 -0.0073819891549646854 -0.047277241945266724 -0.09521491825580597 -0.02213636413216591 -0.030080974102020264 
-0.1880025714635849 0.06322266161441803 0.3447251319885254 -0.35132259130477905 0.3569056987762451 0.04111800715327263 -0.054184891283512115 -0.6749176979064941 -0.23317267000675201 0.08677881956100464 -0.24966289103031158 -0.4181883633136749 -0.2548576295375824 0.20546026527881622 -0.3756844401359558 -0.3877623677253723 0.07371649891138077 0.34485921263694763 -0.3340437114238739 -0.4449634552001953 -0.3000050187110901 -0.3901081383228302 0.05685477331280708 -0.1815638393163681 -1.0022112131118774 0.07331512868404388 0.3273489475250244 0.25954023003578186 0.0018356767250224948 -0.11113241314888 -0.03545381873846054 0.19673137366771698 0.023632220923900604 0.8325497508049011 0.2510099709033966 0.08431139588356018 0.10350237786769867 -0.2700127959251404 0.23061157763004303 0.007621589116752148 -0.03272021561861038 -0.058911267668008804 0.2591850459575653 -0.08090148866176605 0.2344951331615448 0.028881385922431946 0.6055041551589966 -0.18043772876262665 0.44595032930374146 0.15099288523197174 
-0.052551254630088806 -0.007725836709141731 -0.03513839840888977 -0.08704951405525208 0.08215364813804626 0.09039445966482162 -0.1226162239909172 0.048136744648218155 0.150702565908432 -0.08567292988300323 0.03148822486400604 0.09318920969963074 -0.002086104592308402 -0.028277618810534477 -0.00482034869492054 -0.04466559365391731 -0.02327575348317623 0.06920303404331207 -0.07993851602077484 0.15987470746040344 -0.022475754842162132 -0.03842433542013168 0.005698672961443663 0.033645160496234894 0.0983736589550972 -0.11711172759532928 -0.03488808125257492 -0.11801023781299591 0.052141204476356506 -0.16399268805980682 -0.10243315994739532 0.01879972778260708 -0.06128465756773949 0.021204570308327675 0.033623844385147095 -0.089053213596344 -0.07979540526866913 -0.09224965423345566 0.09117748588323593 0.014937869273126125 -0.015499481931328773 -0.0030020573176443577 -0.1389012485742569 -0.0517507940530777 0.059814419597387314 -0.0424751378595829 -0.06965219974517822 0.11424404382705688 0.056497909128665924 -0.00703261885792017 
-0.083652064204216 0.05686686933040619 -0.031910382211208344 -0.09516378492116928 -0.0652940571308136 0.1294143795967102 0.03134947642683983 -0.10558614134788513 0.060358576476573944 -0.12356983870267868 0.028376208618283272 0.0744147077202797 -0.006095272488892078 -0.19178380072116852 0.06420259922742844 -0.023069901391863823 0.039891842752695084 0.01690693572163582 0.06820051372051239 -0.02873215638101101 -0.02908588945865631 0.051531389355659485 0.001002048491500318 0.02834463305771351 0.0348687469959259 0.11701628565788269 -0.057711344212293625 -0.05384373292326927 -0.00040638935752213 -0.06577454507350922 -0.10273474454879761 0.02958061918616295 -0.08038844168186188 0.08584391325712204 0.14756329357624054 0.027246447280049324 0.10618618875741959 0.04415806010365486 0.04313748702406883 0.01073064561933279 0.07259957492351532 -0.06875857710838318 0.07715527713298798 -0.041101373732089996 -0.013977947644889355 -0.09683377295732498 0.02686694823205471 -0.05114071071147919 0.06271858513355255 -0.09264598786830902 
-0.45440033078193665 -0.5644738674163818 0.9030831456184387 -1.5165917873382568 0.40399470925331116 -0.3379916250705719 -1.1297199726104736 -1.46929931640625 -1.3208534717559814 -0.1526847630739212 0.5991195440292358 0.7060291171073914 -0.10500793159008026 -0.021984033286571503 -0.16395752131938934 -0.32776761054992676 0.9935540556907654 0.6253519058227539 0.0030476918909698725 -0.6648678183555603 -0.7632001638412476 -0.08916067332029343 0.3503236174583435 -0.3201301395893097 0.3161531984806061 0.25424593687057495 0.15965287387371063 0.6979339718818665 -0.30658549070358276 0.09514874964952469 0.549977719783783 0.5097196698188782 0.06479097902774811 0.3645268380641937 0.6119011044502258 -0.07946810126304626 -0.09775039553642273 -1.0686936378479004 0.3779893219470978 0.12473661452531815 -0.2378484606742859 -0.004543334245681763 0.16783711314201355 -0.7231993675231934 0.3403850197792053 1.0144060850143433 0.41901546716690063 0.22539182007312775 0.8503606915473938 0.6071773767471313 
-0.05258134379982948 0.08053647726774216 -0.012590456753969193 0.06581809371709824 -0.008383938111364841 0.14583128690719604 -0.056542567908763885 -0.09420827031135559 -0.025003938004374504 -0.11888224631547928 -0.05917726084589958 -0.004168921150267124 -0.049761150032281876 -0.01629439741373062 0.055664341896772385 -0.11063478142023087 0.04354962706565857 0.04802795499563217 -0.08472559601068497 0.044168900698423386 -0.0837647020816803 -0.02959662675857544 0.029013043269515038 0.05143611133098602 0.07336098700761795 -0.10602706670761108 -0.0377098023891449 -0.024803636595606804 -0.08916700631380081 -0.011156996712088585 -0.0311688631772995 0.013913782313466072 0.011734950356185436 0.0655025914311409 -0.09734111279249191 -0.014793604612350464 -0.08128534257411957 0.08713310211896896 -0.07726843655109406 0.09145345538854599 -0.015625478699803352 -0.03697330504655838 -0.018667135387659073 0.009972667321562767 -0.08491422981023788 0.019782492890954018 -0.055675309151411057 0.04727044701576233 0.09099778532981873 -0.04561755806207657 
-1.586472749710083 -0.5550049543380737 0.44292110204696655 -0.10361430794000626 0.14783979952335358 -1.315859317779541 -1.3037678003311157 -0.3399697542190552 -0.9742643237113953 0.06581689417362213 0.11769469827413559 0.10446779429912567 0.047689441591501236 0.06120767816901207 -0.15520024299621582 0.15416309237480164 0.08747686445713043 0.01940801739692688 -0.5331904888153076 -0.497866153717041 -0.3169393241405487 -0.32962092757225037 0.2752496600151062 -0.38595154881477356 -0.21339605748653412 -0.43067455291748047 0.11428704112768173 0.006955726072192192 -1.1025104522705078 -0.023783866316080093 0.26158061623573303 0.432216614484787 -0.04659666121006012 0.0761447548866272 0.24147266149520874 -0.10613053292036057 -0.11024210602045059 -0.664079487323761 -0.13920116424560547 0.23882240056991577 0.3903340697288513 -0.7013565301895142 0.04522809758782387 -0.45436301827430725 0.09872826188802719 0.0909266546368599 0.07909895479679108 0.09498803317546844 0.7265623211860657 0.06952986866235733 
0.4247196316719055 0.0034334533847868443 -0.8999452590942383 0.557814359664917 -0.503429651260376 0.41681283712387085 0.39778822660446167 0.8512726426124573 0.668518602848053 -0.04193940758705139 -0.7322787642478943 -0.6161468625068665 0.025722116231918335 -0.2634299695491791 0.10722814500331879 0.36690452694892883 -0.9350278973579407 -0.646747350692749 0.38768884539604187 0.6286327838897705 0.15775714814662933 0.37233540415763855 -0.38178750872612 0.17470531165599823 0.17217880487442017 0.24751053750514984 -0.4438193738460541 -0.8577187061309814 0.13522617518901825 0.18497280776500702 -0.7139639854431152 -0.7634904384613037 0.18161071836948395 -0.610035240650177 -0.8588586449623108 0.09253209084272385 -0.014200759120285511 0.6032680869102478 -0.4977244436740875 -0.5145505666732788 -0.3208360970020294 0.40010738372802734 -0.3892952501773834 0.08541309088468552 -0.47615113854408264 -0.7897514700889587 -0.3461364805698395 0.044486016035079956 -0.7075957655906677 -0.7724072933197021 
-0.8112540245056152 -0.2588294446468353 -0.124974325299263 -0.12897217273712158 -0.5814701914787292 -0.0017164739547297359 -0.2678593397140503 -0.13665248453617096 -0.14282701909542084 -0.032735977321863174 0.08687785267829895 0.05981165170669556 0.07134338468313217 0.06996750831604004 0.045035623013973236 0.034656863659620285 -0.42522409558296204 -0.3675507605075836 -0.17001299560070038 0.025742916390299797 -0.28503429889678955 -0.19453303515911102 -0.3343939781188965 0.030758291482925415 -0.03561945632100105 0.18208421766757965 0.11777356266975403 -0.27430519461631775 -0.312711626291275 -0.15687114000320435 0.0017336041200906038 -0.33793437480926514 -0.026133375242352486 -0.02398321032524109 -0.34154045581817627 -0.05844305828213692 -0.22541968524456024 -0.2648267149925232 -0.13701628148555756 0.036690957844257355 -0.5922666788101196 0.11627247184515 -0.1374160200357437 -0.3959428668022156 0.1799953728914261 -0.41995900869369507 -0.116887666285038 -0.27898064255714417 -0.15715362131595612 -0.35681605339050293 
-0.5249478220939636 -0.33469828963279724 0.2617926001548767 -0.002154372399672866 -0.25053295493125916 -0.0653083398938179 -0.1185031607747078 -0.15350554883480072 -0.1410093605518341 0.11959047615528107 0.5116428136825562 0.24497118592262268 -0.1647743433713913 0.3387310206890106 -0.0963987484574318 -0.08228123933076859 0.18433888256549835 0.17031967639923096 0.07735227793455124 -0.1447305977344513 -0.013230929151177406 -0.2264401763677597 -0.09657405316829681 -0.05525397136807442 -0.37226632237434387 0.07526428252458572 0.6540356874465942 -0.11370433121919632 -0.06270860880613327 0.0614590160548687 0.34608107805252075 0.3946944773197174 0.12455330044031143 0.507445752620697 0.1780424863100052 0.03012881800532341 0.05076535791158676 -0.10537594556808472 0.052707646042108536 0.5462391972541809 0.262501984834671 0.05237638205289841 0.2719239592552185 -0.0072453138418495655 0.23369674384593964 0.20381754636764526 0.4785044491291046 0.0072699845768511295 0.36329442262649536 0.04548373818397522 
0.04483956843614578 -0.08719959855079651 -0.005580483470112085 0.1791272610425949 -0.004305655602365732 -0.09771878272294998 0.09206929057836533 -0.21914154291152954 -0.06462639570236206 0.06000359356403351 -0.01501519326120615 0.05744219198822975 -0.06140762194991112 0.013855663128197193 -0.14844167232513428 0.04485563188791275 -0.019870402291417122 0.03785378485918045 0.09469527006149292 -0.09137479960918427 0.13270708918571472 0.04927128925919533 0.003966235090047121 -0.05942283198237419 -0.17004014551639557 0.08175437897443771 -0.0611664317548275 0.0628005787730217 -0.05065951123833656 0.0253447238355875 0.010752232745289803 0.03864973410964012 0.10200372338294983 0.06976727396249771 -0.166782945394516 -0.03241536021232605 -0.13690593838691711 0.10584035515785217 -0.025955576449632645 0.04761265590786934 0.07503995299339294 0.031607504934072495 -0.07983659952878952 0.004284817725419998 -0.07627162337303162 0.04712814465165138 -0.0227437075227499 -0.14994432032108307 -0.09448117762804031 0.10728432983160019 
-0.6700615286827087 -0.19403305649757385 -0.12204514443874359 0.14868421852588654 0.2969343662261963 -0.030640745535492897 -0.399297833442688 0.14601916074752808 -0.14380186796188354 0.16943827271461487 0.10907063633203506 0.13535112142562866 -0.05475826933979988 -0.32220298051834106 -0.3206738233566284 0.2725588083267212 -0.3815852105617523 -0.08904421329498291 -0.30621036887168884 -0.13632535934448242 -0.07502490282058716 -0.10534024238586426 0.08464741706848145 0.06446095556020737 -0.07354942709207535 -0.030335137620568275 -0.36777839064598083 0.08847109973430634 -0.5251283645629883 -0.04893234372138977 0.0640239417552948 0.1867605447769165 0.03380102291703224 -0.16459552943706512 -0.14460134506225586 0.15154218673706055 -0.00033495118259452283 -0.43767648935317993 -0.3227003514766693 0.08190900832414627 0.8002879023551941 -0.08429566025733948 0.12920305132865906 -0.10561694204807281 -0.07798708230257034 -0.32033953070640564 0.030807161703705788 0.2895166575908661 0.5623080730438232 -0.13447953760623932 
0.043770112097263336 0.07245727628469467 -0.23119547963142395 0.11085925996303558 -0.27338892221450806 -0.12156468629837036 -0.09199514985084534 0.4382978677749634 0.1442355066537857 0.044200241565704346 0.07828392088413239 0.02204561047255993 -0.016804220154881477 -0.24675212800502777 0.11670219898223877 0.2789531946182251 0.056108348071575165 -0.2412637323141098 0.027846839278936386 0.15798677504062653 0.004483921453356743 -0.02295246161520481 -0.07342711836099625 -0.05422801151871681 0.23259036242961884 0.01134490966796875 -0.6706371307373047 0.07782157510519028 -0.04740133509039879 0.18039658665657043 -0.019435379654169083 0.12913508713245392 -0.03585466369986534 -0.5705432891845703 -0.20850542187690735 0.07578428834676743 -0.098385751247406 0.22896498441696167 -0.13737815618515015 -0.44438865780830383 -0.005634798668324947 -0.10621485114097595 0.011289960704743862 0.15015056729316711 0.0021059520076960325 0.027444714680314064 -0.3439818024635315 0.023452328518033028 0.0030396422371268272 0.025585878640413284 
-0.06992927193641663 0.17310044169425964 -0.15418918430805206 -0.01436628308147192 -0.14166922867298126 0.013392515480518341 -0.013509617187082767 0.1173098012804985 -0.16769123077392578 -0.08882884681224823 0.1981733739376068 0.11311355233192444 0.04344829171895981 -0.17286138236522675 0.042167022824287415 0.06473779678344727 -0.27366191148757935 -0.17362992465496063 -0.06916410475969315 0.030150583013892174 -0.012449698522686958 0.08808455616235733 0.30345413088798523 0.0032305133063346148 0.07420407980680466 0.11062125116586685 -0.21426939964294434 -0.059632983058691025 -0.31363463401794434 0.14524109661579132 0.15612848103046417 0.02576383203268051 -0.21460580825805664 -0.12690326571464539 -0.004124391824007034 0.13052046298980713 -0.09791530668735504 -0.12441963702440262 -0.06456143409013748 0.020814884454011917 0.5371588468551636 0.12594789266586304 0.13250435888767242 0.11597815901041031 0.038497328758239746 -0.24045811593532562 -0.25469160079956055 0.15440072119235992 0.08885633945465088 -0.0779963880777359 
0.36635327339172363 0.4121749699115753 -0.34400591254234314 0.4546378254890442 -0.3657359778881073 0.21816572546958923 0.23112483322620392 0.44475704431533813 0.23297633230686188 -0.05739502236247063 -0.4413498640060425 -0.23157526552677155 0.1833532303571701 0.22895215451717377 0.07806282490491867 0.18632768094539642 -0.3905647099018097 -0.3806433081626892 0.09117135405540466 0.05417858436703682 0.28799760341644287 0.020561881363391876 -0.2122378647327423 -0.09504665434360504 0.175572007894516 0.08218897134065628 -0.4412159025669098 -0.09297994524240494 0.26651138067245483 0.05744420364499092 -0.3726631700992584 -0.5384087562561035 -0.08835886418819427 -0.14309360086917877 -0.20787057280540466 0.06084902584552765 0.010516607202589512 0.06505715847015381 0.23167318105697632 -0.46124234795570374 0.10824936628341675 0.05543273314833641 -0.27974891662597656 0.3517638146877289 0.09148351103067398 -0.281741738319397 -0.050781141966581345 -0.09995468705892563 -0.2696342468261719 -0.2164524346590042 
-0.23920634388923645 -0.208346888422966 0.09053125977516174 0.1238032728433609 0.22608286142349243 0.3001834750175476 0.013152782805263996 -0.1393875926733017 0.029145443812012672 0.11199311912059784 -0.07902226597070694 -0.2881917655467987 -0.23374375700950623 0.005395329557359219 -0.08549739420413971 -0.21420174837112427 0.1105952262878418 0.2755160927772522 0.007735273335129023 0.08026108145713806 -0.18758006393909454 -0.08974497765302658 -0.11248652637004852 0.0065710279159247875 -0.6648491621017456 0.2808895707130432 -0.007645204663276672 0.08215653151273727 0.07503766566514969 0.029080066829919815 0.13849952816963196 0.08864879608154297 0.2521624267101288 0.3914691209793091 0.011486685834825039 0.18870413303375244 0.10313252359628677 -0.10637499392032623 -0.010041226632893085 0.19023682177066803 -0.4015839099884033 0.08994509279727936 0.013572482392191887 -0.21968214213848114 -0.15470190346240997 -0.1524854600429535 0.2015097290277481 -0.342035710811615 0.15594689548015594 -0.1569521427154541 
-0.08152662962675095 -0.2769762873649597 -0.13464835286140442 0.21747805178165436 0.3784448504447937 0.22686776518821716 -0.011841777712106705 0.3945518136024475 0.24626785516738892 -0.28025132417678833 -0.003104515839368105 0.05169781669974327 -0.1445346176624298 -0.27322256565093994 0.04917562007904053 -0.02024947665631771 -0.20404399931430817 0.002596491714939475 -0.0004198167589493096 0.20176540315151215 -0.1048441082239151 0.1351618468761444 0.04929902032017708 0.10682687163352966 0.029305780306458473 0.30598515272140503 -0.17301596701145172 -0.18968547880649567 -0.02828173339366913 0.27433323860168457 0.0617276169359684 0.07014509290456772 0.1582527756690979 -0.40008148550987244 0.0806240364909172 0.2921152412891388 0.2746185064315796 0.1356508582830429 0.013155801221728325 0.10716871917247772 0.37647321820259094 0.09994304180145264 0.03575659170746803 -0.11494360119104385 -0.0313316248357296 -0.0783618837594986 -0.03659328818321228 0.07142021507024765 0.10360982269048691 -0.05676935985684395 
-0.22850267589092255 -0.29418498277664185 0.21220630407333374 -0.27328377962112427 0.07955536246299744 -0.30095937848091125 -0.37565237283706665 -0.6317286491394043 -0.3692290782928467 -0.08458175510168076 0.04607972502708435 -0.10060914605855942 -0.11795326322317123 -0.42074692249298096 -0.1840810328722 -0.2460436373949051 0.21802809834480286 0.1344529390335083 -0.051147229969501495 0.0019448098028078675 0.11951697617769241 0.14920154213905334 0.03499298170208931 -0.479869544506073 -0.11270464956760406 0.004860314074903727 -0.46540752053260803 -0.10530830174684525 -0.5082017779350281 0.21602430939674377 0.05843738839030266 0.43532684445381165 0.07790327817201614 -0.02766941301524639 0.2827453017234802 0.04351961240172386 0.015866974368691444 -0.43826332688331604 0.06947813183069229 -0.6477038264274597 -0.21144135296344757 0.03933272138237953 0.23003777861595154 -0.0689455196261406 -0.11076147854328156 0.2676180899143219 -0.22412265837192535 -0.10472849011421204 0.29248327016830444 0.38301366567611694 
-0.41050660610198975 -0.30765196681022644 0.26535552740097046 -0.9261718988418579 0.6092368364334106 -0.05692689120769501 -0.8227313756942749 -0.2097083330154419 -0.6819729208946228 0.03004436194896698 0.046337854117155075 0.12030275166034698 -0.07446171343326569 0.2547025680541992 -0.022165266796946526 -0.2318454086780548 0.18849945068359375 0.17487983405590057 0.0176306813955307 -0.6695889234542847 -0.20064283907413483 0.21103881299495697 -0.21993625164031982 0.009342488832771778 0.07290878146886826 0.11526108533143997 0.5795828104019165 -0.04049837961792946 0.03981062024831772 -0.2787507176399231 -0.01611967198550701 0.01581023633480072 0.09801451116800308 0.9181092977523804 0.03993314877152443 0.03299207240343094 -0.027135463431477547 -0.5351607203483582 -0.14492960274219513 0.3861185312271118 0.005580522119998932 0.1499135047197342 0.19018098711967468 -0.47555482387542725 0.47257259488105774 0.18406304717063904 0.8220267295837402 0.22357936203479767 -0.3326908349990845 0.047753870487213135 
0.10116881132125854 -0.16519922018051147 -0.34910038113594055 0.5894010663032532 -0.4019854962825775 0.43156203627586365 0.29042360186576843 0.5566583871841431 0.5121215581893921 -0.19977253675460815 -0.05412454903125763 -0.13731266558170319 -0.11217308044433594 -0.16049405932426453 -0.17199693620204926 -0.07282613217830658 -0.8308190107345581 -0.24367916584014893 0.3252381980419159 0.2367069274187088 0.15986904501914978 0.2766919732093811 -0.5170051455497742 0.25336021184921265 0.04612104967236519 0.3996911644935608 -0.19555240869522095 -0.45692214369773865 0.09024675190448761 -0.008127295412123203 -0.23988239467144012 -0.3958112299442291 0.22671620547771454 -0.30271777510643005 -0.2608625888824463 0.31193962693214417 0.2004491686820984 0.37025073170661926 -0.3057226538658142 0.1418600231409073 -0.37710732221603394 0.40084314346313477 -0.09903649240732193 0.1971684843301773 -0.3447781801223755 -0.6190117001533508 -0.3098415732383728 -0.47104471921920776 -0.3817344605922699 -0.40395164489746094 
-0.8104225397109985 -0.5849774479866028 0.42894047498703003 -0.5984863042831421 -0.05725502222776413 -0.19456982612609863 -0.6623740196228027 -1.1309728622436523 -0.5644772052764893 -0.3166152238845825 -0.14627821743488312 -0.021201172843575478 -0.2851419150829315 -0.27097851037979126 -0.15466830134391785 -0.16556765139102936 0.3451273441314697 0.33561211824417114 0.09402097016572952 0.11190028488636017 -0.0939265713095665 0.05683492124080658 0.245969757437706 -0.5684360861778259 0.2376031130552292 0.014886177144944668 -0.1741115003824234 0.5308552980422974 -0.6760050654411316 0.03212697058916092 0.015139601193368435 0.24775642156600952 0.02780729904770851 0.05565984547138214 0.458728164434433 -0.040599923580884933 -0.05443308874964714 -0.5141335129737854 0.2401408702135086 -0.2721344232559204 -0.5768775939941406 0.015557417646050453 0.25441277027130127 -0.5327664017677307 -0.06684324890375137 0.2811885178089142 0.013816995546221733 -0.5578872561454773 -0.09351266175508499 0.38858556747436523 
-0.7925463914871216 0.27236223220825195 0.6800732612609863 -1.146501898765564 0.2453925758600235 -0.057624466717243195 -1.1313858032226562 -1.6299307346343994 -1.137670636177063 -0.1261766105890274 0.8454282879829407 0.35961711406707764 -0.13605470955371857 0.21179357171058655 -0.21551671624183655 -0.38212481141090393 0.7180770635604858 0.6558278799057007 -0.1594044268131256 -0.5301917791366577 -0.5552791357040405 -0.02559754252433777 0.350151389837265 -0.10912065207958221 -0.2753417491912842 0.21897442638874054 1.2174314260482788 0.6425948143005371 -0.5483824610710144 0.09618490934371948 0.9454126358032227 0.7012386322021484 0.2607944905757904 0.7581404447555542 0.5407107472419739 0.1602417677640915 0.189658060669899 -1.2289410829544067 0.26731154322624207 0.6078476309776306 0.23604921996593475 0.1166844591498375 0.2918502688407898 -0.1568496823310852 0.1160452738404274 0.7330851554870605 0.8302022218704224 -0.17768456041812897 0.5750792026519775 0.5107886791229248 
0.13000395894050598 0.28727683424949646 0.11116781085729599 -0.23500142991542816 -0.44908222556114197 -0.13644661009311676 -0.02103540301322937 -0.528486430644989 -0.37820103764533997 -0.053715866059064865 0.1001003310084343 0.04951445385813713 0.31675612926483154 -0.019794007763266563 0.36015307903289795 0.05381656065583229 0.17952844500541687 -0.17848505079746246 -0.04155739024281502 -0.17873579263687134 0.13606955111026764 -0.10283690690994263 -0.18502449989318848 0.0005815000040456653 0.18554824590682983 -0.1362895667552948 -0.3753887116909027 0.2186611145734787 -0.15379703044891357 -0.23684291541576385 0.1713920682668686 0.21145373582839966 -0.2830841541290283 -0.2542625069618225 0.019307704642415047 -0.36585167050361633 -0.19900183379650116 -0.05326205492019653 0.22370947897434235 -0.30094483494758606 -0.17340056598186493 -0.016570592299103737 -0.07544784992933273 0.2697462737560272 -0.06539126485586166 0.3480210602283478 -0.2909461557865143 -0.06485201418399811 0.18909147381782532 0.12213219702243805 
-1.086544394493103 0.08343902975320816 -0.0896221399307251 -0.22354388236999512 -0.6024153232574463 -0.868341863155365 -0.5762065649032593 -0.8472481966018677 -0.6741032600402832 0.15261976420879364 0.09451757371425629 -0.021676529198884964 -0.061619170010089874 -0.10868757218122482 -0.011040049605071545 -0.0041878558695316315 0.35430917143821716 0.048419736325740814 -0.3721030056476593 -0.1493704617023468 -0.34311115741729736 -0.3017946183681488 -0.24529866874217987 0.0007178469095379114 0.17919714748859406 -0.03245019167661667 -0.45510929822921753 0.3637201189994812 -0.7126772403717041 -0.17182545363903046 0.06573114544153214 0.09062298387289047 -0.17926806211471558 -0.3609861731529236 0.08347778022289276 -0.11408759653568268 -0.1657905876636505 -0.5506873726844788 0.17194832861423492 -0.29514825344085693 -0.1646379679441452 -0.3926866054534912 -0.011232542805373669 -0.041834209114313126 0.0730084702372551 0.2578989565372467 -0.33846259117126465 0.04605596512556076 0.3686375319957733 0.153567835688591 
-0.21682702004909515 -0.0537821501493454 -0.11410797387361526 -0.02484843321144581 -0.16072781383991241 0.022028155624866486 0.0279002096503973 -0.14911413192749023 0.09819035977125168 -0.22529755532741547 -0.275690495967865 -0.05406758189201355 0.15088024735450745 -0.17890124022960663 0.03589813411235809 -0.09332690387964249 0.1557052582502365 0.0030511999502778053 0.13188835978507996 0.17797115445137024 0.060248859226703644 0.13864541053771973 -0.048678092658519745 -0.16332021355628967 0.09156043827533722 0.0006099228048697114 -0.4440378248691559 -0.0216722022742033 -0.15299907326698303 0.18180418014526367 -0.2704901099205017 0.14992843568325043 -0.22239354252815247 0.027139775454998016 0.11772609502077103 -0.15216819941997528 -0.12055611610412598 -0.05474703758955002 0.14385265111923218 -0.3845256567001343 -0.49579307436943054 0.061507388949394226 -0.14920717477798462 -0.22719985246658325 -0.17580993473529816 0.20676200091838837 -0.09296094626188278 -0.3872322738170624 -0.3111002743244171 0.2818000614643097 
0.30850911140441895 -0.21272292733192444 -0.3227492868900299 0.11807706207036972 0.18651223182678223 0.29574424028396606 0.3183290660381317 0.4791792631149292 0.2899227440357208 -0.1953890472650528 -0.2368127852678299 -0.31823304295539856 -0.013161346316337585 0.06537929177284241 -0.11259780824184418 -0.2370017021894455 -0.35624605417251587 -0.1598239541053772 0.070333331823349 0.28608793020248413 -0.03291547670960426 0.22830705344676971 0.11885066330432892 0.1321558654308319 0.15840643644332886 0.04990522563457489 0.20925240218639374 -0.5109474658966064 0.24806217849254608 0.0408790186047554 -0.3032260239124298 -0.2587715685367584 0.37933018803596497 -0.06564901769161224 -0.05776522308588028 0.07226818054914474 0.1375977098941803 0.3607381582260132 -0.0658591017127037 -0.023332322016358376 -0.2927381098270416 0.2800658047199249 0.18755675852298737 -0.22607634961605072 -0.21840977668762207 -0.20537100732326508 0.298774778842926 -0.15040016174316406 -0.3664080798625946 -0.23299597203731537 
-0.9726357460021973 -0.6781153082847595 0.052955154329538345 -0.4609544575214386 0.3015497624874115 -0.7953832745552063 -1.006482481956482 -0.40330803394317627 -0.6577224135398865 0.11693185567855835 0.24261057376861572 0.14494571089744568 -0.12794753909111023 -0.15802599489688873 0.24168731272220612 0.11018860340118408 0.5654404163360596 0.18988104164600372 -0.4799773693084717 -0.3325684666633606 -0.9847817420959473 -0.11104445159435272 -0.05977281555533409 0.13631495833396912 -0.13520707190036774 -0.17026761174201965 -0.03385388106107712 0.16126830875873566 -0.7727737426757812 0.009778032079339027 0.17026826739311218 0.415652334690094 -0.0012835642555728555 0.03960184380412102 0.2313087284564972 -0.13531558215618134 -0.1977068930864334 -0.42463868856430054 -0.06637697666883469 0.05935324728488922 -0.10418764501810074 -0.5285462737083435 0.04636051878333092 -1.1057991981506348 0.022088829427957535 0.5466182231903076 -0.006433447822928429 0.27637147903442383 0.5700315833091736 0.22933565080165863 
-0.03317676857113838 -0.09442432224750519 0.0947171077132225 -0.06184205412864685 0.10725916922092438 0.14643706381320953 -0.0875978022813797 -0.22727639973163605 -0.10664308071136475 0.03068402223289013 -0.1392882764339447 -0.051195863634347916 -0.26071155071258545 0.1983969509601593 -0.3562067449092865 -0.20499983429908752 0.017245981842279434 0.062214724719524384 -0.028471020981669426 0.07789401710033417 0.1282729208469391 -0.15317367017269135 -0.2130945920944214 0.03474551811814308 -0.05424771085381508 0.00868707150220871 -0.00816179160028696 0.018177658319473267 -0.014602075330913067 -0.13493508100509644 -0.0286441370844841 -0.15550033748149872 0.2885207533836365 0.1572623997926712 0.004369677510112524 0.2120860517024994 0.10494410246610641 -0.05271149426698685 0.02675369195640087 0.05845631659030914 -0.10560157895088196 0.05125167965888977 0.19986459612846375 -0.020064210519194603 0.13934719562530518 -0.03993704169988632 -0.0920550525188446 -0.058447107672691345 -0.29776865243911743 -0.13244880735874176 
-0.12089806795120239 0.026551777496933937 -0.03891366720199585 0.030047116801142693 -0.024950673803687096 0.020702112466096878 0.05841952934861183 -0.18888969719409943 0.08609861135482788 -0.050735004246234894 0.03282806649804115 -0.09318307787179947 0.08876468986272812 0.06654958426952362 0.008761849254369736 -0.16645194590091705 0.017943566665053368 0.08476224541664124 -0.035309985280036926 0.12398269027471542 0.03232738748192787 0.03597976639866829 0.04557541757822037 -0.006042025983333588 -0.11717386543750763 0.017986968159675598 0.05560821294784546 0.06838031113147736 0.03338109329342842 -0.044498346745967865 0.06426402926445007 0.09382794797420502 0.07302366197109222 -0.052370019257068634 0.018932847306132317 0.0063254814594984055 -0.10231300443410873 -0.05400681868195534 0.06718901544809341 -0.08297249674797058 0.04389338195323944 0.020625708624720573 -0.03301067277789116 -0.020415794104337692 0.03850732371211052 0.008970743045210838 -0.04137926176190376 0.06470410525798798 -0.1870446503162384 -0.08751900494098663 
0.34254080057144165 0.24977602064609528 -0.3342898190021515 0.1378658562898636 -0.1383897215127945 0.4115992486476898 0.2654658257961273 0.44908496737480164 0.39096757769584656 -0.2341490238904953 -0.31442829966545105 -0.2925264537334442 0.07501284778118134 0.044189829379320145 -0.15049657225608826 -0.3096858561038971 -0.34684327244758606 -0.1938094198703766 0.1983158141374588 0.19740739464759827 0.2860300838947296 0.2606174349784851 -0.19593490660190582 0.15508808195590973 0.4613029360771179 0.21024194359779358 -0.10455583781003952 -0.5717961192131042 0.17522677779197693 0.004161395598202944 -0.48922842741012573 -0.6181996464729309 0.16747663915157318 -0.28085798025131226 -0.3295133709907532 0.28404688835144043 0.10642450302839279 0.16374102234840393 -0.01288622710853815 0.06184934452176094 -0.8601657748222351 0.41284725069999695 0.047519344836473465 0.3149734139442444 -0.12324319779872894 -0.36234650015830994 -0.17189182341098785 -0.33806735277175903 -0.7199274897575378 -0.4603816866874695 
0.0816265195608139 0.35355547070503235 -0.13940691947937012 0.21269020438194275 -0.20482109487056732 -0.02340838685631752 0.08636321872472763 0.08245200663805008 0.24326083064079285 0.22973470389842987 -0.005893109366297722 0.05497574061155319 0.32740139961242676 0.35916441679000854 0.5209879279136658 0.327608197927475 -0.13214229047298431 -0.06225218623876572 0.04960108548402786 -0.03347551450133324 0.22375035285949707 0.08998564630746841 -0.05871196836233139 -0.03554365411400795 0.16404107213020325 -0.10386813431978226 0.050876371562480927 0.12769268453121185 0.09111594408750534 -0.1445762813091278 0.06098957359790802 -0.38736140727996826 -0.2656189203262329 0.04527491703629494 -0.18658320605754852 -0.2134452760219574 -0.12645123898983002 0.1855694204568863 0.11215344071388245 0.30034977197647095 0.3559601902961731 0.032955773174762726 -0.6067264676094055 0.1739547699689865 0.14329275488853455 -0.2844904363155365 0.12569400668144226 0.23517008125782013 -0.2533828020095825 -0.19771544635295868 
-0.04204179346561432 -0.3793938159942627 -0.30620846152305603 0.30492982268333435 -0.015471389517188072 -0.010875915177166462 0.13316147029399872 0.3418034613132477 0.22128558158874512 -0.06487604975700378 0.04650226607918739 0.21926452219486237 -0.14755801856517792 -0.19353529810905457 0.052714038640260696 0.0942951887845993 -0.09229817241430283 -0.11929143965244293 0.15628689527511597 0.22135084867477417 -0.29297882318496704 0.07029638439416885 0.08582062274217606 -0.040962573140859604 0.09186169505119324 0.09647994488477707 -0.3325013220310211 0.029843207448720932 -0.12523876130580902 0.09357127547264099 0.06747358292341232 -0.24385735392570496 0.14668869972229004 -0.4000205397605896 -0.1406431645154953 0.19278812408447266 0.08960650861263275 0.17138762772083282 -0.3383806347846985 -0.030833829194307327 -0.1583055853843689 0.05435030162334442 -0.0809149295091629 -0.05688866227865219 -0.048134736716747284 -0.14570991694927216 -0.14070849120616913 -0.1375485062599182 -0.21831564605236053 0.011886648833751678 
0.21830064058303833 0.2708406448364258 0.06854291260242462 -0.6166519522666931 0.09951578080654144 0.0035488735884428024 -0.08924101293087006 -0.38667675852775574 -0.22193022072315216 -0.049335360527038574 0.04276596009731293 0.12285179644823074 0.2823479473590851 0.048721179366111755 0.16305823624134064 -0.37410029768943787 0.34842649102211 0.04048510268330574 -0.07187200337648392 -0.07722647488117218 0.2152216136455536 0.1109129935503006 0.43796873092651367 -0.39956939220428467 0.5053336024284363 -0.209458127617836 -0.18749579787254333 0.1100536659359932 -0.03222299739718437 0.0758509412407875 -0.007948723621666431 0.24756209552288055 -0.1566045582294464 -0.22344519197940826 0.06395764648914337 -0.36429986357688904 -0.20328998565673828 -0.025334496051073074 0.21566715836524963 -0.18974867463111877 -0.17150595784187317 0.04971781000494957 0.052479442209005356 0.0654766783118248 -0.020545227453112602 0.36740246415138245 0.059522904455661774 -0.10383386164903641 0.09791804850101471 0.1321261078119278 
-0.2173517942428589 -0.6757581233978271 0.2630234956741333 -0.8257160186767578 0.2220798134803772 -0.07612361758947372 -0.586333692073822 -0.37191352248191833 -0.7747005820274353 0.006269940175116062 0.054181456565856934 0.31690049171447754 -0.2688368558883667 -0.03020150028169155 -0.2584642469882965 -0.5044463872909546 0.4853392541408539 0.19436204433441162 -0.14424283802509308 -0.568021833896637 -0.5207180976867676 -0.06682085245847702 0.16241668164730072 -0.09594150632619858 -0.02637062780559063 -0.021243387833237648 0.3492203950881958 -0.011778284795582294 0.022954024374485016 0.05635378509759903 0.1113184317946434 0.46163344383239746 -0.0005521377897821367 0.16813284158706665 0.2566852867603302 0.09312156587839127 0.23057234287261963 -0.7651850581169128 0.1832731068134308 0.06921643018722534 -0.44419577717781067 -0.03235933929681778 0.3350948989391327 -0.5742583274841309 0.0603395439684391 0.5080361366271973 0.29557400941848755 -0.33604422211647034 0.4196857213973999 0.3951777219772339 
0.1377684324979782 0.2680923342704773 -0.1156226396560669 0.022724991664290428 -0.30898284912109375 0.04123619198799133 0.1313069760799408 0.21850687265396118 0.1230388656258583 -0.24945613741874695 -0.547846794128418 -0.18998636305332184 0.13712716102600098 0.15927046537399292 -0.1862858533859253 -0.19301052391529083 -0.04237006604671478 -0.3551916778087616 0.0325460284948349 0.1570097655057907 0.04445265606045723 0.0031809110660105944 -0.2298639714717865 -0.4696281850337982 0.4017087519168854 -0.06893480569124222 -0.5781396627426147 -0.10567067563533783 0.21294225752353668 -0.031059090048074722 -0.34144848585128784 -0.27947384119033813 -0.0872296392917633 -0.26419466733932495 -0.06542199105024338 -0.03891312703490257 -0.06723614037036896 0.18732425570487976 0.24647656083106995 -0.6373988389968872 -0.8485397696495056 0.07482653111219406 -0.0511859655380249 0.29598382115364075 0.14512138068675995 -0.05543242767453194 -0.19063572585582733 -0.19362138211727142 -0.49719369411468506 -0.07473605871200562 
0.2853696346282959 0.10962042212486267 -0.8307833075523376 1.0470850467681885 -0.4212101399898529 0.4222133159637451 0.47799602150917053 0.9623941779136658 0.6974480152130127 0.04492747783660889 -0.552329957485199 -0.4301527738571167 0.007592559326440096 0.07396605610847473 -0.1631360799074173 0.011797451414167881 -1.283067226409912 -0.6348131895065308 0.18090611696243286 0.42772766947746277 0.5018929839134216 0.30470922589302063 -0.6649976968765259 0.2753150165081024 0.11288969218730927 -0.009051578119397163 -0.5893383026123047 -0.6035743951797485 0.448587566614151 0.01731814071536064 -0.5611943602561951 -0.8123627305030823 0.01108167227357626 -0.24356380105018616 -0.6463078856468201 0.22633865475654602 0.1552475392818451 0.45389384031295776 -0.348879337310791 -0.08300594985485077 0.05539292097091675 0.332861989736557 -0.17789039015769958 0.2528395354747772 -0.01626373827457428 -1.2485443353652954 -0.6976118087768555 0.042159780859947205 -0.604604184627533 -0.7042538523674011 
-0.30086952447891235 -0.37330567836761475 0.10429581254720688 -0.024136092513799667 0.20645341277122498 -0.24824132025241852 -0.25665539503097534 0.2865045964717865 -0.12073404341936111 -0.1515205353498459 -0.12613102793693542 0.17728476226329803 -0.026984982192516327 -0.3167024552822113 0.0124695198610425 0.2701409161090851 0.020172487944364548 0.244211345911026 -0.07628479599952698 -0.0992693230509758 -0.3291529715061188 -0.09227395802736282 0.24137267470359802 -0.009732947684824467 0.0566333532333374 -0.08340838551521301 -0.16335943341255188 0.19052523374557495 -0.39883753657341003 0.04304089397192001 0.13126564025878906 0.26973503828048706 0.012314730323851109 -0.13374418020248413 0.13505662977695465 0.14690180122852325 -0.06931986659765244 0.11801043897867203 -0.1335562765598297 0.009495444595813751 0.3715296685695648 -0.19625946879386902 0.11058231443166733 -0.2917274832725525 -0.12422285974025726 0.12915252149105072 0.061102356761693954 0.3407542407512665 0.2277955859899521 0.06280630826950073 

-0.17794935405254364 0.5935083627700806 0.27759259939193726 -0.324225515127182 -0.12532345950603485 -0.331691175699234 0.11035814881324768 0.39622023701667786 0.09851191937923431 -0.3725124001502991 -0.4523140788078308 0.13692204654216766 -0.1845959722995758 -3.478802682366222e-05 0.26042065024375916 -0.000313384342007339 0.00011614098912104964 -0.5958789587020874 -1.8884704331867397e-05 0.37786319851875305 -0.48034873604774475 0.09189590066671371 0.22633439302444458 -0.0008819829090498388 0.09508922696113586 -0.17136090993881226 0.13685831427574158 -0.22824430465698242 0.13030213117599487 -0.15181982517242432 0.1837107241153717 -0.5147771239280701 0.3135702610015869 0.19800040125846863 0.5606414079666138 0.1872299760580063 0.14133082330226898 0.25274667143821716 -0.20787577331066132 -0.4211011826992035 0.04641558602452278 -0.00033707646070979536 -0.23995716869831085 -0.17835292220115662 -0.10753732174634933 -0.11782954633235931 -0.43813762068748474 -0.13302309811115265 0.5721744894981384 -0.21284990012645721 
BIAS:
1.0512816905975342 0.16602787375450134 -0.8626759052276611 1.0723170042037964 -1.0174334049224854 1.309614658355713 1.6364377737045288 1.3313713073730469 1.266797423362732 -0.1233653873205185 -0.5099058151245117 -0.5980745553970337 0.08373348414897919 -0.150005504488945 -0.08700287342071533 0.045844666659832 -0.6925612688064575 -0.46625250577926636 0.7173422574996948 1.2067643404006958 0.43896234035491943 0.7578167915344238 -1.078059196472168 0.19503220915794373 0.49951520562171936 0.49453866481781006 -2.47906756401062 -1.1287245750427246 0.8322270512580872 0.2336030900478363 -0.5390967726707458 -1.0359275341033936 0.4792932868003845 -1.5690364837646484 -0.6862829923629761 0.3314347267150879 0.15031832456588745 1.0829724073410034 -0.3057139217853546 -1.8808069229125977 -0.7401490807533264 1.1526525020599365 -0.12144414335489273 0.5249226689338684 -0.7299649715423584 -0.7391318082809448 -1.5664165019989014 -0.4670935571193695 -1.0418308973312378 -1.1427035331726074 

-0.046790529042482376 0.3414393663406372 0.0030381185933947563 0.045519325882196426 0.1604277640581131 0.25088945031166077 0.08664896339178085 -0.016591619700193405 -0.09284399449825287 0.10426480323076248 0.141032412648201 -0.04096776247024536 0.01964322105050087 0.0047921654768288136 -0.20365802943706512 0.07822270691394806 -0.046898145228624344 -0.2560775876045227 0.10874274373054504 0.011082940734922886 0.3805803060531616 -0.030689310282468796 0.029314342886209488 0.016217825934290886 -0.02288556657731533 -0.03366570919752121 0.0895233079791069 0.152298703789711 0.1282130777835846 0.06811479479074478 0.05516970157623291 -0.07039209455251694 0.15989015996456146 0.13490700721740723 -0.08433062583208084 -0.1399834305047989 -0.19559164345264435 0.07473471015691757 0.23127472400665283 -0.15401899814605713 0.1467858850955963 -0.07163996249437332 0.28848502039909363 -0.05884268507361412 0.05240172520279884 0.11977320164442062 0.10923073440790176 -0.033930182456970215 0.3334459364414215 0.08310508728027344 

0.06450440734624863 