10
3                  50                  50                  1
8.999099731445312 0.9845272898674011 0.6000000238418579 
5.363064765930176 0.48503339290618896 0.05000000074505806 
-0.4090356230735779 
-10.0 
WEIGHT:
0.2665705382823944 -0.2724226415157318 0.6080434918403625 
0.9716295003890991 0.9214702248573303 0.025596067309379578 
0.311404824256897 -1.50174880027771 -1.048317551612854 
-0.09623799473047256 -0.7994200587272644 0.14383789896965027 
-1.7693928480148315 -0.3135281503200531 -0.4267500936985016 
0.7697668671607971 -0.8369937539100647 0.30396395921707153 
0.34730038046836853 -0.24593283236026764 0.9278260469436646 
0.5411474108695984 1.4368174076080322 -0.3097712993621826 
0.17828598618507385 -0.2074527144432068 1.1152311563491821 
-0.5411200523376465 -0.30071958899497986 0.08732718974351883 
-0.24028606712818146 0.7158505916595459 0.5749226212501526 
0.3720683157444 -0.6490293741226196 -0.5609480142593384 
0.2177748829126358 0.20422637462615967 0.513802170753479 
-0.23087897896766663 -0.534071147441864 -0.07004448026418686 
-0.5066446661949158 0.6282026171684265 -0.10793997347354889 
0.29188072681427 -0.2622494399547577 -0.8993452191352844 
-0.26638856530189514 -0.2226554900407791 -0.37284550070762634 
-0.001451017684303224 -0.9724724888801575 1.1370301246643066 
-0.42206689715385437 -0.33798345923423767 -1.0755010843276978 
-0.2538687288761139 0.5232340097427368 0.7779175043106079 
1.2157684564590454 -0.6467348337173462 -0.23796896636486053 
0.30934464931488037 -1.248281717300415 -0.7751022577285767 
-0.6670054793357849 -0.5193032026290894 -0.2259351760149002 
-0.23556634783744812 0.02592812478542328 0.30838337540626526 
0.19580501317977905 0.4341440498828888 0.4510970115661621 
-0.1665298044681549 -0.01152778323739767 -1.3865693807601929 
0.435097336769104 0.7121701836585999 1.185763955116272 
-0.03497152775526047 -0.08354774117469788 0.9683899283409119 
-0.5493900179862976 0.28648459911346436 -0.9216489791870117 
-0.4245087206363678 1.8440629243850708 -0.9605134129524231 
-0.7678321003913879 0.9921303987503052 -0.8817566633224487 
0.46728524565696716 -0.9949944615364075 0.6425410509109497 
-0.27127236127853394 0.6057053804397583 0.9472054243087769 
-0.7019365429878235 -0.06453300267457962 0.09115184098482132 
-0.6107175946235657 0.5163905024528503 0.5355307459831238 
0.3858800232410431 -0.052045151591300964 1.9714758396148682 
-0.6136444807052612 0.25253060460090637 -0.6868867874145508 
-0.012187546119093895 -0.713190495967865 -0.8318522572517395 
-0.48152756690979004 0.4370367228984833 1.2291090488433838 
-0.2612885534763336 -0.8992213606834412 -0.23609234392642975 
0.40592893958091736 -0.7030009031295776 0.05485985800623894 
-0.8577240705490112 0.7730997204780579 0.20676028728485107 
-0.5351606011390686 0.8829881548881531 -0.29235923290252686 
-0.635222852230072 -1.100278377532959 -1.8981863260269165 
-0.8244444727897644 0.2923053801059723 2.069047212600708 
0.2523968815803528 -0.7355028390884399 -0.36046960949897766 
0.2433900237083435 -0.524885892868042 1.0690149068832397 
-0.23019155859947205 -0.7728331089019775 0.2853012681007385 
-0.8905019164085388 0.10639648139476776 0.9308789372444153 
0.5446429252624512 -0.5079684853553772 -0.33485129475593567 

0.07506759464740753 -0.14349891245365143 0.1928437501192093 0.11950025707483292 -0.3705069124698639 0.5058206915855408 0.04186556115746498 -0.21184112131595612 -0.14231906831264496 0.01051762793213129 -0.322267085313797 0.21347765624523163 -0.04182390496134758 0.032859135419130325 -0.5166081786155701 0.16904857754707336 -0.03165217116475105 -0.00914280116558075 0.05216439068317413 -0.10905200242996216 0.48359283804893494 0.20993293821811676 0.06804154068231583 -0.1347772479057312 -0.17381154000759125 0.04687761142849922 -0.04940851032733917 0.12130794674158096 0.05166258290410042 -0.33358892798423767 -0.1954413503408432 0.36442553997039795 -0.021784421056509018 0.0906122624874115 -0.16447588801383972 0.2013786882162094 0.07705852389335632 0.24184617400169373 -0.4735164940357208 0.08086470514535904 0.27273282408714294 -0.10125912725925446 -0.2700972855091095 0.03378816694021225 -0.38075995445251465 0.18361793458461761 -0.06220049038529396 -0.030871866270899773 -0.31585970520973206 0.1560422033071518 
-0.0867556631565094 0.24385051429271698 -0.021974638104438782 -0.026294954121112823 0.40120020508766174 -0.048512548208236694 -0.3277181386947632 0.03620688617229462 -0.2715141773223877 -0.056173305958509445 0.11971797049045563 -0.03188295662403107 0.05257933586835861 0.08829193562269211 0.18358662724494934 0.024171750992536545 -0.032146912068128586 -0.164457768201828 0.20684309303760529 -0.06004464253783226 -0.017022695392370224 -0.08236087113618851 0.11600565910339355 0.011918112635612488 0.006043505389243364 0.035313233733177185 -0.15716437995433807 -0.23600518703460693 0.19743698835372925 0.23097409307956696 0.21808664500713348 -0.19464753568172455 0.21025997400283813 0.018383635208010674 -0.09293489903211594 -0.16782037913799286 0.23549261689186096 0.09692005813121796 -0.117453433573246 0.09688740968704224 0.13398568332195282 0.14868666231632233 0.21633359789848328 0.27350568771362305 -0.05522889643907547 -0.07649873942136765 -0.47996410727500916 0.10224255919456482 0.03212573751807213 -0.10019008070230484 
0.09370230883359909 -0.0027123657055199146 -0.0498444065451622 -0.04053827002644539 -0.10007290542125702 -0.07113626599311829 -0.19925937056541443 0.00966054666787386 -0.045220810920000076 0.11795588582754135 -0.045717354863882065 -0.0571574904024601 0.07738519459962845 -0.02235082909464836 0.08730123192071915 0.013134365901350975 0.05936652421951294 0.007127503864467144 -0.012627555988729 -0.06748867779970169 0.012303442694246769 -0.03630223125219345 0.06792525947093964 0.16388863325119019 0.11644823104143143 0.1958594173192978 0.040516145527362823 0.13341931998729706 0.11347123980522156 -0.022325564175844193 -0.17467442154884338 0.08839084953069687 0.008816719055175781 -0.004259481560438871 0.1521495282649994 0.01281389407813549 -0.014843220822513103 -0.010577458888292313 0.08497941493988037 -0.07053781300783157 -0.05930517986416817 -0.008685905486345291 -0.021601079031825066 0.024632010608911514 -0.0769035592675209 0.08466456830501556 0.04879487305879593 0.07535720616579056 -0.003881997661665082 0.1296960860490799 
-0.27449214458465576 0.2400577813386917 -0.5071039795875549 -0.3112850487232208 0.1462489813566208 -0.7227234840393066 -0.11885514855384827 0.3242167830467224 -0.05431373044848442 -0.07329737395048141 0.4556112289428711 -0.4699922800064087 -0.02559053525328636 -0.09581001847982407 0.6538465023040771 -0.24487456679344177 0.01830175146460533 -0.2830389738082886 -0.24545368552207947 0.3867771327495575 -0.40615442395210266 -0.5396324396133423 -0.1325216144323349 0.02120533213019371 -0.05290496349334717 -0.2360846847295761 0.13167040050029755 -0.029413428157567978 0.22410453855991364 0.5596505403518677 0.44164878129959106 -0.9063774347305298 -0.10357274115085602 -0.02397806942462921 0.2517246603965759 0.07386951148509979 0.14976733922958374 -0.4246402680873871 0.5020279288291931 -0.24105419218540192 -0.14675451815128326 0.38495320081710815 0.44655314087867737 -0.2603916823863983 0.2682894170284271 -0.4939285218715668 -0.08691904693841934 -0.29441049695014954 0.2097911685705185 -0.3553221821784973 
-0.003420259105041623 0.0038900410290807486 0.004936662968248129 0.027479998767375946 0.061438992619514465 -0.10480616986751556 -0.09946975857019424 -0.03458233177661896 -0.08693810552358627 0.19571836292743683 0.02027733437716961 -0.0273328498005867 -0.0022785584442317486 0.11320853978395462 -0.12503261864185333 0.09393976628780365 0.20094627141952515 0.005471616983413696 -0.028456101194024086 0.015800494700670242 0.12086951732635498 0.04152357950806618 -0.038678381592035294 -0.0772624984383583 -0.2269759625196457 0.0910518690943718 0.04712239280343056 -0.09518393129110336 0.11722228676080704 -0.023048320785164833 0.06133279576897621 -0.015588250942528248 -0.2509954571723938 0.18536220490932465 0.10539252310991287 -0.1672540009021759 0.14534524083137512 -0.1754056215286255 -0.22958052158355713 0.14596965909004211 0.175912544131279 0.11333957314491272 -0.1402304470539093 -0.17702946066856384 -0.3185499608516693 -0.15670253336429596 -0.07276827841997147 0.1100606769323349 -0.1082918718457222 -0.14253996312618256 
-0.003982490859925747 -0.08523674309253693 -0.16371037065982819 -0.20397959649562836 -0.209140345454216 -0.11922193318605423 0.29036134481430054 -0.0071708825416862965 0.1438639909029007 -0.09362802654504776 0.13345396518707275 -0.17705877125263214 0.17367108166217804 -0.010775290429592133 0.0578654445707798 -0.11004722118377686 0.012284629978239536 -0.46943363547325134 -0.34150734543800354 0.06204398721456528 -0.14363375306129456 -0.07099003344774246 -0.24819962680339813 0.062446657568216324 -0.03951140120625496 -0.4879494607448578 0.019665725529193878 0.005622960161417723 -0.37914392352104187 -0.12041042745113373 -0.17100833356380463 -0.009027600288391113 0.02495723031461239 0.06259313970804214 0.1954948753118515 0.20919269323349 0.05179610475897789 -0.17707231640815735 0.27235448360443115 -0.12399984896183014 0.030591733753681183 -0.05719299241900444 -0.17827871441841125 -0.29074057936668396 0.18706178665161133 -0.2362479418516159 0.1375124603509903 -0.18719415366649628 -0.03664521872997284 -0.13204245269298553 
-0.2147735357284546 -0.16123968362808228 0.14272527396678925 0.06257598102092743 0.2763870060443878 -0.19552531838417053 -0.37371689081192017 -0.16673733294010162 -0.3652026951313019 0.18751384317874908 -0.31261536478996277 0.12369741499423981 -0.19961443543434143 0.09907164424657822 0.08142967522144318 0.11188101023435593 0.10108064860105515 0.022629009559750557 0.35621318221092224 -0.08720119297504425 -0.05252784490585327 0.2238086611032486 0.3008473217487335 -0.07970675081014633 -0.16259437799453735 0.14667677879333496 -0.458616703748703 -0.15418830513954163 0.34675726294517517 -0.07143604755401611 -0.08769518882036209 -0.17775291204452515 0.07833500951528549 0.0556756854057312 -0.21339361369609833 -0.25027167797088623 -0.029619790613651276 0.3523504436016083 -0.09391074627637863 0.1094260960817337 -0.11616082489490509 -0.05239016190171242 -0.17801301181316376 0.33363038301467896 -0.04048788920044899 0.015858987346291542 -0.3392648696899414 0.038035158067941666 0.13956089317798615 -0.09345768392086029 
-0.1540982723236084 -0.05868874117732048 -0.23622894287109375 -0.11145218461751938 0.08620741963386536 -0.1732337325811386 -0.13199056684970856 -0.06492958217859268 0.013334408402442932 0.20261332392692566 -0.026175672188401222 -0.05307113379240036 0.0011198540451005101 0.006810395047068596 0.036949172616004944 -0.19998493790626526 0.04516162350773811 -0.050581589341163635 -0.23617126047611237 -0.11972437053918839 -0.2420491874217987 0.05721791461110115 -0.05825498327612877 0.15191970765590668 -0.1928945928812027 -0.29340073466300964 -0.08950353413820267 -0.1619381457567215 -0.005781218875199556 -0.09146855771541595 -0.18720364570617676 -0.17205384373664856 -0.11074703931808472 0.16023202240467072 0.12879005074501038 -0.3703431189060211 -0.03698018193244934 0.06318830698728561 0.04398700222373009 -0.08694775402545929 -0.058952804654836655 0.05895938724279404 -0.03393258899450302 -0.06896570324897766 0.04854843392968178 -0.1116672158241272 -0.17876841127872467 0.14040353894233704 0.2912673056125641 -0.014344802126288414 
-0.08469828963279724 0.08106539398431778 -0.05329138785600662 0.1521470993757248 0.17476700246334076 -0.2328009009361267 -0.12246004492044449 -0.034247029572725296 0.042439594864845276 -0.006799319293349981 -0.09810786694288254 -0.2010076940059662 0.010105962865054607 0.23215757310390472 0.14511758089065552 0.0037498504389077425 0.21044108271598816 -0.08834277838468552 0.07739236950874329 -0.020822489634156227 -0.0874188169836998 -0.16352546215057373 -0.08117468655109406 -0.022432716563344002 -0.32457679510116577 0.1321641057729721 -0.12291564792394638 -0.3002176880836487 0.1357068419456482 -0.06934776902198792 0.07867377996444702 0.07757695019245148 -0.2593202590942383 0.23547174036502838 0.151796355843544 -0.43775415420532227 -0.010520022362470627 -0.09588690102100372 -0.16851088404655457 0.14303992688655853 0.08973544090986252 0.23172664642333984 -0.04897250980138779 -0.059836503118276596 -0.16122546792030334 -0.16373316943645477 -0.17570793628692627 0.14984536170959473 -0.024759585037827492 -0.1059856191277504 
0.05219327658414841 0.06724213063716888 0.030258845537900925 -0.12498211860656738 -0.04056519269943237 -0.10775814950466156 0.08163593709468842 -0.07005325704813004 -0.06646010279655457 -0.08474593609571457 -0.047217417508363724 0.10401280224323273 -0.10684989392757416 0.056796081364154816 -0.053106553852558136 -0.09301217645406723 -0.1118655800819397 0.04490222781896591 0.07699692994356155 0.08530279994010925 0.024491086602211 -0.11848601698875427 0.025131380185484886 0.12414515763521194 0.08397742360830307 0.06288573145866394 -0.008087175898253918 -0.06245279312133789 -0.03382064029574394 0.047104690223932266 -0.0829719826579094 0.032655324786901474 -0.06354453414678574 -0.03103991411626339 0.16146686673164368 -0.02702605538070202 0.15765433013439178 0.16369426250457764 0.14142769575119019 -0.0632484182715416 0.13727940618991852 0.021513424813747406 -0.04000702500343323 -0.03755014017224312 -0.06749050319194794 -0.03625953570008278 0.04404575377702713 0.07556048035621643 0.006071039941161871 0.06165476143360138 
0.016823679208755493 0.07434563338756561 -0.3013122081756592 -0.18465828895568848 -0.30420687794685364 0.012664803303778172 -0.06166137382388115 0.16179761290550232 -0.14368143677711487 -0.027685444802045822 0.2266315370798111 -0.16558820009231567 0.18927662074565887 0.018507743254303932 0.012887164950370789 -0.15445013344287872 0.1193598210811615 0.0860033929347992 -0.14901207387447357 0.19541992247104645 0.04743632674217224 -0.35418158769607544 -0.24582841992378235 -0.08808218687772751 0.21758802235126495 0.09490755200386047 0.21171025931835175 0.10515759140253067 0.027206048369407654 0.2538573443889618 0.10403826087713242 -0.11168599873781204 0.14965038001537323 0.10019340366125107 0.029452618211507797 0.22361263632774353 0.028836971148848534 -0.24743439257144928 -0.05861302465200424 -0.18181084096431732 0.12191814929246902 0.048776935786008835 0.16489234566688538 -0.25128063559532166 0.13369062542915344 -0.22177933156490326 -0.009395597502589226 -0.18612618744373322 0.020431948825716972 0.08384198695421219 
-0.23339031636714935 0.14310088753700256 -0.060110509395599365 -0.060658860951662064 -0.31865647435188293 0.07026591897010803 -0.23797252774238586 -0.08515172451734543 0.1448812484741211 -0.29470232129096985 0.2098051756620407 -0.2631455957889557 0.07424763590097427 0.0272245854139328 0.0451759397983551 0.1689552515745163 0.30178341269493103 -0.33516624569892883 0.08546586334705353 0.11707877367734909 0.362404465675354 -0.04646670073270798 -0.2030162811279297 -0.11795302480459213 -0.2898152470588684 0.24767114222049713 0.22191160917282104 -0.5320724248886108 0.2828035354614258 0.020950717851519585 0.07765591889619827 -0.19896309077739716 -0.26332202553749084 0.2243758887052536 0.06370451301336288 -0.218471959233284 0.339193731546402 -0.12811599671840668 -0.17458921670913696 -0.0788038820028305 0.11483532935380936 0.08750159293413162 -0.003346579847857356 -0.0006955730495974422 -0.5131627917289734 -0.024850919842720032 -0.3689121901988983 -0.19778622686862946 -0.23940517008304596 -0.27966272830963135 
-0.1361452043056488 0.09254392981529236 0.08867528289556503 0.04092206433415413 -0.03762606531381607 -0.23029294610023499 -0.07759427279233932 0.03382812812924385 -0.14102956652641296 -0.07405153661966324 -0.2549431025981903 0.07054635137319565 -0.16531188786029816 0.10428370535373688 -0.029559068381786346 0.10021470487117767 0.10538492351770401 -0.19943952560424805 0.2594294548034668 -0.13713161647319794 0.11190477013587952 0.2514687180519104 -0.13625302910804749 -0.09345822781324387 -0.08849506825208664 0.18988852202892303 -0.09708557277917862 -0.23723967373371124 0.3270412087440491 -0.03124561533331871 0.102040596306324 -0.18054808676242828 -0.09521787613630295 -0.029686592519283295 0.0295267291367054 -0.4036431908607483 0.04935692250728607 0.26715123653411865 -0.3493707776069641 0.024408480152487755 -0.16595372557640076 -0.061917342245578766 0.0137214669957757 0.41988712549209595 -0.16807915270328522 0.24709537625312805 -0.2685311734676361 -0.024928724393248558 -0.09720485657453537 -0.10154625028371811 
-0.1563640534877777 0.12942451238632202 0.012040412984788418 -0.03153102844953537 0.011853469535708427 -0.30103617906570435 0.2282036989927292 0.11423896998167038 -0.17351190745830536 -0.09077063947916031 0.35929352045059204 -0.11707150191068649 0.027241911739110947 -0.29789823293685913 0.5293508172035217 -0.09748665988445282 -0.13093632459640503 0.07951337099075317 0.25258269906044006 0.1835092455148697 -0.3296976387500763 -0.10860099643468857 -0.151670441031456 0.018222542479634285 0.5154441595077515 0.07319119572639465 0.4141511917114258 0.2941349148750305 0.49852675199508667 0.7043120265007019 0.5810255408287048 0.10938522964715958 0.7007830142974854 0.07317256927490234 0.3445148468017578 0.010977134108543396 0.04212184250354767 -0.1150326281785965 0.5952653884887695 -0.22740507125854492 -0.026241905987262726 0.2127571403980255 0.3472515940666199 0.22539213299751282 0.7773594260215759 -0.058082785457372665 0.1926158368587494 -0.12886184453964233 0.21689721941947937 0.03802984952926636 
-0.14441145956516266 0.09526576101779938 0.007446913048624992 -0.1766907274723053 0.15655310451984406 -0.18630769848823547 0.02713535539805889 0.19939208030700684 0.021588601171970367 -0.053260646760463715 0.09739112854003906 -0.005817105062305927 -0.02944982796907425 -0.015590476803481579 -0.006522315088659525 -0.03076741471886635 0.09241348505020142 -0.0548500157892704 -0.09005428105592728 -0.0736183449625969 -0.011873620562255383 0.07936778664588928 -0.10124747455120087 -0.021014489233493805 -0.15007013082504272 -0.09288778901100159 0.16255849599838257 0.010328917764127254 0.13939246535301208 0.013656167313456535 0.16411297023296356 -0.26847320795059204 0.058863140642642975 0.059961725026369095 0.164828360080719 -0.09793393313884735 -0.03428802639245987 0.05872681364417076 0.17300082743167877 -0.20561014115810394 -0.051239971071481705 0.1226910874247551 -0.12606917321681976 -0.1097746416926384 0.17688299715518951 -0.1560579538345337 0.01132020354270935 0.08591576665639877 0.004624179098755121 -0.175146222114563 
0.125934898853302 -0.02710307016968727 -0.29741400480270386 -0.14032454788684845 0.06081429868936539 -0.39284682273864746 0.18513859808444977 -0.0003845218743663281 0.2552041709423065 0.038801178336143494 0.07088548690080643 -0.2630830407142639 -0.05387198179960251 -0.06577098369598389 0.05717386677861214 -0.25288769602775574 -0.04785329848527908 -0.2425427883863449 -0.3287099301815033 0.18792855739593506 -0.21746452152729034 -0.20966044068336487 0.11371994763612747 0.17510591447353363 -0.03792094066739082 -0.39303672313690186 0.21356499195098877 0.26746028661727905 -0.13524989783763885 0.03169012814760208 0.12124733626842499 -0.2964988946914673 -0.09458465874195099 0.019760936498641968 0.18206629157066345 0.12890513241291046 0.13446399569511414 -0.10343413800001144 0.530035138130188 0.03965579345822334 -0.20056799054145813 0.19709201157093048 -0.11521866917610168 -0.24237942695617676 0.5039340257644653 -0.17960932850837708 0.06142938882112503 -0.011266956105828285 0.1741502434015274 -0.07476714253425598 
-0.37369590997695923 0.16981561481952667 -0.08672894537448883 0.056820448487997055 0.03477673605084419 -0.134714275598526 -0.2409525215625763 0.2080838829278946 -0.16156727075576782 -0.025097021833062172 0.011604085564613342 -0.1584247499704361 0.16357070207595825 -0.030344320461153984 0.1468627005815506 0.23870207369327545 0.005156709812581539 -0.12355859577655792 0.14571091532707214 0.043823953717947006 0.10322277247905731 -0.19639167189598083 -0.02556069940328598 -0.23273281753063202 0.04368230700492859 0.2805340886116028 -0.06426051259040833 -0.33999019861221313 0.131649449467659 0.08985795080661774 0.1993112564086914 -0.25351235270500183 0.19626353681087494 0.08283939212560654 -0.028000950813293457 -0.1239873543381691 0.23892059922218323 -0.10210560262203217 -0.03128485009074211 -0.014530962333083153 0.2232544869184494 0.10626386851072311 0.3050372898578644 0.021935170516371727 -0.015601478517055511 -0.014194866642355919 -0.453022837638855 -0.28929412364959717 -0.051142189651727676 0.06534851342439651 
-0.061127565801143646 0.07321114093065262 0.45047497749328613 -0.03540041297674179 -0.034985169768333435 0.30027109384536743 -0.1657048910856247 -0.04937419295310974 -0.3494722247123718 -0.09541802853345871 -0.030570706352591515 0.43417030572891235 0.11700958013534546 -0.06100376322865486 -0.05599750950932503 0.4072604775428772 0.06328244507312775 -0.048727311193943024 0.27295729517936707 -0.24687568843364716 0.3464277684688568 0.09815536439418793 -0.08210298418998718 -0.22031742334365845 -0.17389976978302002 0.26288720965385437 -0.18826942145824432 -0.16312989592552185 0.10197456926107407 0.04190254211425781 0.18246014416217804 -0.0421309769153595 -0.004725364968180656 -0.08123064786195755 -0.030425826087594032 -0.22708028554916382 0.22715823352336884 0.35245656967163086 -0.49534347653388977 0.20617671310901642 0.24858422577381134 -0.10596901178359985 -0.13852868974208832 0.16698238253593445 -0.598443329334259 0.32071390748023987 -0.36142075061798096 -0.10235685110092163 -0.2963603436946869 0.04906068369746208 
0.015117349103093147 0.18867480754852295 -0.11027918756008148 -0.2929961383342743 0.02665572427213192 -0.20066720247268677 -0.0319429449737072 0.03356773033738136 -0.20438498258590698 -0.11525802314281464 0.09279406815767288 0.008334735408425331 -0.233520969748497 -0.07898411899805069 -0.052975308150053024 -0.32875433564186096 -0.30571720004081726 -0.19336986541748047 -0.02237554080784321 -0.12367413192987442 -0.24044187366962433 0.09021686017513275 0.09497974067926407 0.2533418536186218 0.09076562523841858 -0.09815843403339386 -0.06504709273576736 0.07737276703119278 0.127247154712677 0.3335863947868347 -0.0657224953174591 -0.21636562049388885 0.2972480356693268 -0.2264702022075653 -0.12842079997062683 -0.07848596572875977 0.07829532772302628 -0.12215302884578705 0.29691168665885925 -0.513303279876709 -0.46438249945640564 0.0755959078669548 0.10419967025518417 -0.011077666655182838 0.16381794214248657 0.06646471470594406 -0.1104985848069191 0.09292688220739365 0.09397892653942108 0.03006807342171669 
0.07869235426187515 0.08424192667007446 0.20020714402198792 -0.06887935847043991 0.008269749581813812 0.028079215437173843 -0.1689451038837433 0.01918448880314827 -0.2287723273038864 -0.16280940175056458 -0.15217797458171844 0.12238574773073196 0.10751394182443619 -0.11533069610595703 -0.007837174460291862 0.2770513892173767 -0.08309073001146317 -0.030983034521341324 -0.02279246225953102 -0.1435212641954422 0.1562756896018982 0.1771489977836609 -0.12552283704280853 -0.13245198130607605 0.026970073580741882 0.2124965339899063 -0.08987622708082199 -0.0634353905916214 -0.03251567482948303 -0.006169115658849478 0.1276530772447586 0.1148519292473793 -0.07352977246046066 0.058768659830093384 0.11001379787921906 0.007301252335309982 -0.0698285698890686 0.18218255043029785 0.008260822854936123 0.025345249101519585 0.18060150742530823 0.03257295489311218 0.07053333520889282 0.15254029631614685 -0.12960372865200043 0.02137669548392296 -0.10986824333667755 -0.027060160413384438 -0.12089148908853531 0.11573518812656403 
-0.24283906817436218 0.009224463254213333 0.024371393024921417 0.045211683958768845 0.24747298657894135 -0.02032988891005516 -0.1450013369321823 0.11963728815317154 -0.22361788153648376 0.09088332206010818 0.0639781504869461 0.027339980006217957 0.018572550266981125 0.053769856691360474 0.0816984623670578 0.1705317497253418 -0.03265346959233284 -0.11670546233654022 0.09195052087306976 0.01576542668044567 -0.0006228526472114027 -0.0767553448677063 -0.02876451425254345 -0.11596006900072098 0.0514809712767601 0.21813462674617767 0.08477139472961426 -0.13552144169807434 0.35491564869880676 0.0581553652882576 0.12232337146997452 -0.12018655240535736 0.03626125305891037 -0.07113572210073471 -0.08900175988674164 -0.15943627059459686 0.07994914054870605 -0.019393468275666237 -0.15463787317276 0.13959233462810516 -0.0008510469342581928 0.1241014376282692 0.08737766742706299 -0.00643251882866025 0.06842634826898575 -0.08477140963077545 -0.17363733053207397 -0.058534663170576096 0.10815786570310593 -0.05423633009195328 
-0.2504377067089081 0.22046834230422974 0.21094299852848053 0.06801045686006546 -0.04796994850039482 0.11911818385124207 -0.22984197735786438 -0.002490563550963998 -0.07187920063734055 -0.025165215134620667 -0.21484296023845673 0.10297829657793045 -0.09541910886764526 0.09734552353620529 -0.18592840433120728 0.17323625087738037 0.10159792751073837 -0.23881037533283234 0.46416109800338745 -0.15171301364898682 0.3972207009792328 0.27750518918037415 -0.03496398404240608 -0.14105533063411713 -0.02995162270963192 0.2581310272216797 0.03552781790494919 -0.39706891775131226 0.19771406054496765 0.0021894555538892746 0.23606334626674652 -0.273272842168808 -0.27277660369873047 -0.18837855756282806 -0.1586250513792038 -0.5481488108634949 0.10185924917459488 0.26750484108924866 -0.21849897503852844 -0.03912400081753731 0.10287070274353027 -0.036292266100645065 0.01777351088821888 0.4682582914829254 -0.3333987593650818 0.050370775163173676 -0.278046190738678 -0.006241346709430218 -0.2626210153102875 -0.05632156878709793 
-0.009070931933820248 0.0016664317809045315 -0.23787203431129456 0.03147086128592491 -0.16731397807598114 0.12471311539411545 0.13065768778324127 0.14869184792041779 0.11146654933691025 -0.12653367221355438 0.3806059956550598 -0.34760603308677673 0.07260654121637344 -0.014333464205265045 0.1549891084432602 -0.06540565937757492 0.07214344292879105 0.09171812236309052 -0.09533079713582993 0.277278870344162 0.13528205454349518 -0.4001239836215973 -0.20371967554092407 -0.038514796644449234 -0.025128591805696487 -0.02491259016096592 0.1643659621477127 0.418555349111557 0.18190185725688934 0.319979190826416 0.17046496272087097 0.032149188220500946 0.12591950595378876 0.07699721306562424 0.10204024612903595 0.4345801770687103 0.21959757804870605 0.013572984375059605 0.20000039041042328 -0.06870923936367035 0.19907540082931519 0.1238456666469574 0.2566507160663605 -0.32244718074798584 0.17624987661838531 -0.18689227104187012 0.09633784741163254 0.034616924822330475 0.029609911143779755 -0.25396957993507385 
-0.348826140165329 0.357769638299942 0.36734819412231445 -0.28828755021095276 0.12664391100406647 -0.12197350710630417 -0.46634864807128906 0.29051998257637024 -0.19134321808815002 -0.23881655931472778 0.027487052604556084 -0.17632055282592773 0.11124879866838455 0.16937831044197083 0.2924303114414215 0.12099561095237732 0.17580674588680267 -0.3185649514198303 0.5390393733978271 0.0703076645731926 -0.07962120324373245 0.30467668175697327 0.18547874689102173 -0.11026773601770401 -0.1649296134710312 0.45680660009384155 0.20399756729602814 -0.6098201274871826 0.4739990532398224 0.27498891949653625 0.250856876373291 -0.7812945246696472 -0.10253115743398666 -0.010373051278293133 0.10673081129789352 -0.5877498388290405 0.38224780559539795 0.33237385749816895 -0.12962687015533447 -0.013050383888185024 0.09853867441415787 0.22128771245479584 0.2376546561717987 0.7180837392807007 -0.01200877781957388 0.10687805712223053 -0.5349199771881104 -0.19830402731895447 0.15522006154060364 -0.25480422377586365 
-0.03198420628905296 0.060712069272994995 0.16088074445724487 -0.11763311922550201 -0.373798131942749 0.31599870324134827 0.3306082785129547 -0.13820570707321167 0.3151785731315613 -0.2821515202522278 0.1633445918560028 0.11412176489830017 0.07481956481933594 0.03537532314658165 -0.08534412086009979 -0.04496043920516968 0.09549955278635025 -0.0890207439661026 -0.26507920026779175 0.15432623028755188 0.31521788239479065 0.09342122822999954 -0.2534259557723999 0.12706992030143738 -0.046495359390974045 -0.29159972071647644 -0.007995987311005592 -0.18769805133342743 -0.3915324807167053 -0.013659595511853695 -0.20113421976566315 0.2568495571613312 -0.13194042444229126 0.0060103945434093475 0.08158024400472641 0.09604378789663315 -0.14236092567443848 -0.15298107266426086 0.07422379404306412 0.12992210686206818 0.181058868765831 0.018885815516114235 -0.28944551944732666 -0.30523648858070374 -0.24046827852725983 0.20274777710437775 0.20020847022533417 -0.03788530454039574 -0.25076472759246826 0.13377222418785095 
-0.01991882175207138 0.1029483899474144 -0.23624762892723083 0.012307016178965569 0.5111258029937744 -0.4146817922592163 -0.18471935391426086 0.07824862003326416 -0.2683277428150177 0.013064054772257805 0.15761107206344604 -0.10324878245592117 -0.05627766624093056 0.013928765431046486 0.1344301402568817 -0.23210442066192627 0.10873352736234665 -0.1377687305212021 0.13086876273155212 0.01388334110379219 -0.3972407281398773 -0.24621281027793884 0.26260289549827576 0.11294757574796677 0.2402106374502182 0.006270533427596092 -0.18487344682216644 -0.05653819441795349 0.2764618396759033 0.23892603814601898 0.16827204823493958 -0.2578035593032837 0.05930541455745697 -0.04667774587869644 -0.041644103825092316 -0.08874540776014328 0.04097851738333702 0.1060791164636612 0.007139739580452442 -0.009794178418815136 -0.047615934163331985 0.17901088297367096 0.33041414618492126 0.047655269503593445 0.02509452775120735 -0.05711862072348595 -0.09866688400506973 -0.19417345523834229 0.29430291056632996 0.08085444569587708 
-0.00012983074702788144 -0.06614559888839722 0.08937329053878784 0.03570573404431343 0.06281058490276337 -0.148232564330101 0.02089850790798664 0.04412241280078888 -0.0036773444153368473 -0.006359613500535488 -0.009297105483710766 -0.013134930282831192 0.012889048084616661 0.08240239322185516 0.030553307384252548 -0.17007005214691162 -0.11308488249778748 -0.08578897267580032 0.10072663426399231 -0.08729059249162674 0.008511972613632679 -0.018832992762327194 -0.11055273562669754 -0.07884054630994797 -0.1633068025112152 0.014017671346664429 0.12482863664627075 -0.186396062374115 0.05942298099398613 0.05180889368057251 -0.001486569526605308 0.058101214468479156 -0.09084906429052353 0.01716206781566143 -0.05535664036870003 0.007318721152842045 -0.15851974487304688 -0.1400999128818512 -0.052692960947752 0.030308909714221954 0.02231014147400856 0.056250810623168945 -0.12122541666030884 -0.002655351534485817 0.05280699580907822 0.06282273679971695 0.11376763880252838 -0.1305636167526245 0.07350555062294006 0.0773930549621582 
-0.2809971868991852 0.0844561755657196 -0.45441484451293945 -0.4973992109298706 0.22685059905052185 -0.8993239402770996 -0.1780245304107666 0.19700399041175842 -0.08759075403213501 0.06489383429288864 0.17660437524318695 -0.5081769824028015 -0.11010805517435074 -0.20276513695716858 0.49344608187675476 -0.15328830480575562 -0.15696106851100922 -0.29642945528030396 0.00884099118411541 0.18115156888961792 -0.5589202642440796 -0.4284752309322357 -0.01395329087972641 0.04184046387672424 -0.0616132877767086 -0.07299184054136276 0.181296706199646 -0.17944340407848358 0.38998866081237793 0.3909522593021393 0.578665018081665 -1.0435471534729004 -0.14663617312908173 -0.16768650710582733 0.2034766525030136 -0.2845582067966461 0.08762359619140625 -0.3605503439903259 0.13056381046772003 -0.3303724229335785 -0.5043995380401611 0.20043419301509857 0.32927340269088745 -0.07948562502861023 0.26648443937301636 -0.3490828275680542 -0.2552098035812378 -0.12754380702972412 0.2132539600133896 -0.2974064350128174 
0.2342236191034317 -0.2450610101222992 0.1041034683585167 0.016543682664632797 0.003478385042399168 0.3548683524131775 0.010499762371182442 -0.26666268706321716 0.09079631417989731 -0.06930895894765854 -0.3458462357521057 0.24946285784244537 -0.1773405820131302 0.20371659100055695 -0.16099463403224945 0.19801394641399384 0.12154155224561691 0.10506138205528259 0.26810523867607117 -0.20580533146858215 0.05179120600223541 0.2283584028482437 0.2069694995880127 -0.19387926161289215 -0.06203455850481987 -0.005900843534618616 -0.32722708582878113 0.11462044715881348 0.2775562107563019 -0.11357218027114868 -0.1254080832004547 0.06545290350914001 -0.11236131936311722 -0.08160524815320969 -0.23556971549987793 0.31720632314682007 -0.047347307205200195 0.14248254895210266 -0.12870055437088013 0.22150376439094543 -0.018095003440976143 -0.12357069551944733 -0.14119760692119598 0.4921724796295166 -0.07846958190202713 0.03899489715695381 -0.16794149577617645 0.03975460305809975 -0.038899730890989304 0.013613562099635601 
0.05400305613875389 0.1754717081785202 -0.2963497042655945 -0.11966890841722488 0.15433266758918762 -0.33453497290611267 0.22511333227157593 0.09366907924413681 0.25511103868484497 0.048770688474178314 0.19361001253128052 -0.24510419368743896 0.13867798447608948 0.08980192989110947 0.12765593826770782 -0.2044757455587387 -0.08323294669389725 -0.08527369052171707 -0.2363748401403427 0.15354782342910767 -0.4138569235801697 -0.3759455382823944 0.14202405512332916 0.06742476671934128 -0.11226258426904678 -0.3028983175754547 0.06357322633266449 0.14091147482395172 -0.06410481035709381 0.2285502552986145 0.20597907900810242 -0.2677813470363617 0.08837102353572845 0.0725756511092186 0.137481689453125 0.06066437438130379 -0.07249902188777924 -0.33415406942367554 0.43695756793022156 -0.10307694971561432 -0.21778568625450134 0.1520509123802185 0.16662821173667908 -0.21828192472457886 0.1589905470609665 -0.16057533025741577 0.03295206278562546 -0.14016768336296082 0.26339417695999146 -0.20248547196388245 
-0.03980984538793564 -0.12437857687473297 0.026331482455134392 0.058173563331365585 0.04814062640070915 0.101557657122612 0.17806197702884674 -0.012898201122879982 0.043238844722509384 0.052875816822052 0.10155486315488815 -0.053844574838876724 0.0012001176364719868 -0.08855874836444855 -0.07460350543260574 -0.13859933614730835 0.11883605271577835 0.03179395571351051 0.07423397153615952 0.00978209637105465 -0.14115849137306213 0.07528562843799591 0.04131387174129486 -0.025234773755073547 -0.0724751278758049 0.17913931608200073 0.07772713154554367 0.19865749776363373 -0.025184623897075653 0.02195010893046856 -0.04398449510335922 0.19834719598293304 0.009091243147850037 0.08916348218917847 0.14458052814006805 0.21885131299495697 0.05914952978491783 0.06965214759111404 0.04052986949682236 0.05091671273112297 0.0235894788056612 0.05449875816702843 0.07961428910493851 -0.0389569029211998 0.07035599648952484 -0.04968574643135071 -0.0020366699900478125 0.07622340321540833 -0.03342749550938606 0.09922090172767639 
0.13398998975753784 -0.090421661734581 -0.11038670688867569 -0.006367322988808155 0.12354811280965805 0.15610747039318085 0.2229839414358139 -0.08317785710096359 0.36141011118888855 -0.034366268664598465 0.032459557056427 -0.22590982913970947 0.15447041392326355 -0.09321070462465286 0.03449966758489609 -0.17155353724956512 0.09706701338291168 -0.09313961863517761 -0.43636995553970337 0.2197982668876648 0.060947101563215256 -0.2023264467716217 -0.14603501558303833 -0.14534682035446167 0.0557815246284008 -0.19113865494728088 0.02435392327606678 -0.039977509528398514 -0.36138805747032166 -0.20944659411907196 -0.32996025681495667 0.01109563373029232 -0.12260690331459045 0.11266982555389404 0.14840449392795563 0.031410105526447296 0.06800514459609985 -0.11191638559103012 0.24597086012363434 0.07866422086954117 -0.1036168709397316 -0.02786998637020588 -0.19484306871891022 -0.5174601674079895 -0.022836612537503242 -0.003044671844691038 0.153408482670784 0.1641179919242859 0.265304297208786 -0.1082378476858139 
0.11445378512144089 -0.1495133936405182 0.004949755035340786 0.2663191854953766 0.5275241732597351 0.07610262185335159 -0.12181863188743591 -0.04107090085744858 0.07847242802381516 0.2474120706319809 -0.28667858242988586 -0.15541324019432068 -0.035017989575862885 0.26175060868263245 0.13681134581565857 -0.1447160840034485 0.2185496985912323 0.07473364472389221 -0.027140630409121513 -0.20887361466884613 -0.21867735683918 0.18319757282733917 0.26729580760002136 0.06767749041318893 -0.07390086352825165 -0.11544261127710342 0.09187055379152298 0.04462047293782234 0.09281809628009796 0.22027108073234558 0.031031036749482155 0.1777123212814331 -0.2592294216156006 0.20387837290763855 0.02537904679775238 -0.36990296840667725 -0.10049734264612198 0.013656163588166237 0.1931707262992859 -0.01845470815896988 0.00799700990319252 0.009014975279569626 0.021626444533467293 -0.29456663131713867 -0.06239607185125351 0.19323164224624634 -0.07352030277252197 0.21932357549667358 0.2211792767047882 0.05647013336420059 
0.19983157515525818 -0.38305243849754333 -0.03917786851525307 -0.05789652839303017 -0.06545202434062958 0.13141831755638123 0.4748610854148865 -0.41785165667533875 0.2205064445734024 -0.15480346977710724 0.13676774501800537 -0.009149839170277119 0.0760011374950409 -0.0008921876433305442 -0.034496430307626724 0.024656910449266434 -0.1790914088487625 -0.08043175935745239 -0.019952500239014626 -0.05975795537233353 -0.3988146483898163 -0.08529681712388992 -0.20347222685813904 0.18632061779499054 -0.026743225753307343 -0.6490513682365417 0.05861511081457138 0.3082531690597534 -0.685154139995575 -0.2189795821905136 -0.7271928191184998 0.06675141304731369 0.08904647827148438 -0.1008395105600357 -0.162827730178833 0.16000570356845856 -0.2732276916503906 -0.17127256095409393 0.31377461552619934 -0.08886812627315521 0.08451449871063232 -0.1518554985523224 -0.3963111340999603 -0.42096585035324097 0.217251256108284 -0.029265550896525383 0.44322705268859863 0.012107569724321365 0.11923673003911972 -0.014350900426506996 
0.07965872436761856 -0.05997302755713463 -0.11188644170761108 -0.032821618020534515 0.11235429346561432 -0.290939599275589 -0.11420492082834244 0.16777217388153076 -0.006120552308857441 -0.10517069697380066 0.14938220381736755 0.06945210695266724 -0.04803803190588951 -0.09239517897367477 0.13993500173091888 -0.060853011906147 0.051530901342630386 -0.22918584942817688 -0.09478790313005447 0.18132366240024567 0.02792360633611679 -0.08898118138313293 -0.09061270952224731 0.12925882637500763 -0.21482916176319122 -0.10334175080060959 0.1082334965467453 0.09230893850326538 -0.0050226980820298195 0.0628373920917511 0.004361608065664768 -0.20866680145263672 -0.04365745931863785 -0.028377674520015717 0.21774129569530487 -0.09929159283638 -0.034537509083747864 0.014799895696341991 0.04833240807056427 -0.08892745524644852 -0.04111751914024353 0.13098445534706116 -0.0026191065553575754 0.0014782990328967571 0.20902806520462036 -0.14032025635242462 0.012380996719002724 -0.1375371664762497 0.10913364589214325 -0.1930220127105713 
0.08180325478315353 0.04912441968917847 0.060843899846076965 -0.06776806712150574 0.045018043369054794 0.05594716966152191 -0.1752956211566925 -0.08338167518377304 0.038452401757240295 -0.17787662148475647 0.1449112594127655 0.1185152605175972 -0.10865102708339691 0.06066768988966942 0.1213190034031868 -0.10024408996105194 -0.0030716811306774616 0.1774977594614029 -0.019403981044888496 0.05120863392949104 0.05583355575799942 -0.08846479654312134 0.07378529757261276 -0.10901875048875809 0.04675015062093735 0.02928830496966839 -0.03610783815383911 0.1779915988445282 0.10992506891489029 -0.03187601640820503 0.042833276093006134 -0.044510792940855026 0.11932362616062164 0.005224449094384909 -0.012251919135451317 0.02663484960794449 -0.01604338176548481 0.05394154414534569 -0.10595282167196274 -0.10799846053123474 0.027622340247035027 -0.024671589955687523 -0.029320603236556053 -0.05956617370247841 -0.029105525463819504 0.04994554445147514 -0.10912984609603882 0.04853438213467598 -0.05360836535692215 -0.0025108852423727512 
0.11682577431201935 0.08244352787733078 0.4085432291030884 0.25833436846733093 -0.3245373070240021 0.19592732191085815 0.3348761200904846 -0.2232278436422348 0.3497715890407562 0.05920056626200676 -0.11816346645355225 0.1039576530456543 0.13066703081130981 0.21555984020233154 -0.15960268676280975 0.17829106748104095 -0.014631163328886032 0.014796595089137554 -0.06381741911172867 -0.0272211991250515 0.3099030554294586 0.43334612250328064 -0.009515054523944855 -0.19840919971466064 0.026858968660235405 -0.2143595814704895 0.1985098123550415 -0.25102531909942627 -0.6281179785728455 -0.2584267258644104 -0.44557425379753113 0.5982240438461304 -0.19583924114704132 -0.03876698389649391 -0.1107032522559166 -0.14831387996673584 -0.2458348125219345 0.1462005227804184 0.12101957947015762 0.12276981770992279 0.24243192374706268 0.03928684443235397 -0.42935803532600403 -0.015526152215898037 -0.29714256525039673 0.35810935497283936 0.22035139799118042 0.02606998383998871 -0.21933914721012115 -0.0059565468691289425 
0.03813708946108818 -0.047240741550922394 -0.31457531452178955 -0.043596405535936356 0.26314884424209595 0.03509209305047989 0.5283762812614441 0.1990940421819687 0.21973025798797607 0.11077070981264114 -0.009527203626930714 -0.03333563730120659 0.03829387575387955 -0.015254132449626923 -0.061625730246305466 -0.19609571993350983 -0.22927452623844147 -0.10304619371891022 -0.2960539162158966 0.1752728670835495 0.08463762700557709 -0.3483183979988098 -0.19844424724578857 0.15708982944488525 -0.08086023479700089 -0.41265109181404114 0.1557224988937378 0.3161269426345825 -0.5952364206314087 0.02012411691248417 -0.11324549466371536 -0.013384963385760784 0.07830876111984253 0.1857903003692627 0.20046935975551605 0.29561612010002136 -0.09255744516849518 -0.3083651661872864 0.36993512511253357 -0.0012937800493091345 -0.043381839990615845 0.05130426585674286 -0.2170775830745697 -0.4190521836280823 0.5379024147987366 -0.24522286653518677 0.4234394133090973 -0.15203863382339478 0.23724104464054108 0.10169897228479385 
0.273605614900589 -0.07699548453092575 -0.04617435112595558 -0.042372412979602814 -0.13623858988285065 -0.03718171641230583 0.07701602578163147 -0.009592592716217041 -0.037913549691438675 -0.12698516249656677 0.2484094202518463 -0.11515627056360245 -0.02570487931370735 -0.14490613341331482 -0.007950091734528542 -0.24608980119228363 -0.1247732862830162 0.15460290014743805 -0.19769810140132904 0.027206404134631157 -0.1602017879486084 -0.21036624908447266 0.01319710724055767 -0.09689821302890778 0.06461428850889206 0.16136111319065094 0.11396785825490952 0.2851777672767639 0.0913725420832634 0.3140696585178375 0.18356509506702423 0.14998191595077515 0.2735438048839569 0.07229053229093552 0.1010744720697403 0.5802443623542786 -0.028529509902000427 -0.16053593158721924 0.08472958207130432 0.15071070194244385 0.1359288990497589 0.15029780566692352 0.2107248604297638 -0.1984671652317047 0.17818230390548706 -0.16101717948913574 0.1356208175420761 0.011659916490316391 0.17784444987773895 -0.10735279321670532 
0.13846711814403534 -0.05417913198471069 -0.029666133224964142 0.06426751613616943 -0.03722565248608589 0.3292345702648163 -0.014481685124337673 0.08464440703392029 -0.10591991245746613 -0.09872002899646759 0.06955613940954208 -0.024035435169935226 -0.04765293002128601 -0.09358267486095428 -0.046330638229846954 -0.007790300063788891 0.04454485699534416 -0.07854020595550537 0.11752129346132278 -0.06093782186508179 0.259576678276062 0.04735118895769119 -0.040014564990997314 0.00018732600437942892 -0.07869189977645874 0.0917930155992508 0.1294367015361786 0.04077795892953873 -0.04076245054602623 -0.07206945866346359 -0.03528665751218796 0.1564946472644806 0.0760696530342102 -0.08795425295829773 0.06970255821943283 0.27636656165122986 0.06365092098712921 0.09931601583957672 0.06896357238292694 0.03216790407896042 0.16954286396503448 -0.021258987486362457 0.012913367711007595 -0.06341701000928879 0.13229621946811676 0.03645768016576767 0.08698916435241699 0.03004402481019497 -0.06734989583492279 0.010234891436994076 
0.015954116359353065 -0.26581114530563354 0.5507760047912598 0.12866179645061493 0.2776307165622711 -0.010424542240798473 0.137213796377182 -0.14285217225551605 -0.11991611123085022 0.446632444858551 -0.24692974984645844 0.15045467019081116 -0.22023892402648926 0.1457730084657669 0.012718996033072472 -0.008599390275776386 -0.029483651742339134 0.2639874517917633 0.2310376912355423 -0.10821886360645294 -0.20655979216098785 0.5859161615371704 0.2832019329071045 0.14659146964550018 -0.22463564574718475 0.010420121252536774 -0.40902137756347656 0.04553351178765297 -0.1964622586965561 0.10449793189764023 -0.11040076613426208 0.1085752323269844 -0.010947641916573048 0.1667400598526001 -0.09384895861148834 -0.500839352607727 -0.04736967012286186 0.25974035263061523 0.1300971657037735 0.237564817070961 0.037549059838056564 -0.134995236992836 -0.17021405696868896 0.057437364012002945 0.06933558732271194 0.34485214948654175 0.3504006266593933 0.30666908621788025 -0.013539982959628105 -0.06630200892686844 
0.11979762464761734 -0.022946396842598915 -0.07593327760696411 0.12110716104507446 0.07041219621896744 -0.11655347794294357 0.2343946397304535 -0.015287446789443493 0.0010672807693481445 0.054247476160526276 -0.07675417512655258 0.015673473477363586 -0.31060534715652466 -0.1596394181251526 -0.018158020451664925 -0.4673621356487274 -0.06769771873950958 0.07100021839141846 0.12185879796743393 -0.12175191193819046 -0.023234808817505836 0.06509503722190857 0.09283702075481415 0.3077329099178314 0.039397455751895905 -0.5627149939537048 -0.057303301990032196 -0.39602261781692505 -0.2447381168603897 0.2838234007358551 -0.060669999569654465 0.2420436143875122 -0.2710356116294861 -0.26212918758392334 -0.30962061882019043 0.04287775233387947 -0.4289400279521942 -0.12510737776756287 -0.12696011364459991 -0.011934208683669567 -0.24986663460731506 -0.2745954990386963 -0.23958607017993927 -0.06631631404161453 -0.7904992699623108 0.03598581627011299 0.3318503201007843 0.20633995532989502 -0.45969879627227783 0.24426604807376862 
-0.16081693768501282 0.03519982844591141 0.14520981907844543 -0.0037796187680214643 -0.3452552258968353 0.2236572653055191 -0.2210828810930252 0.1494738757610321 0.13735637068748474 -0.23988987505435944 -0.01650998368859291 0.013407628983259201 0.26719236373901367 -0.026199573650956154 -0.015222500078380108 0.2296273410320282 0.1284509152173996 -0.2432107925415039 0.16611379384994507 -0.03203238919377327 0.22545351088047028 0.13326400518417358 -0.09146158397197723 -0.25067225098609924 -0.11985591799020767 0.19724151492118835 0.09523211419582367 -0.19389572739601135 0.03326599672436714 0.015796711668372154 0.027685226872563362 -0.15580816566944122 -0.20128877460956573 -0.0040695988573133945 0.2358996719121933 -0.03479751572012901 0.06279714405536652 -0.0028357189148664474 -0.1430676281452179 0.053260210901498795 0.07739830762147903 0.02323104254901409 -0.07145225256681442 0.04062391817569733 -0.28177815675735474 -0.07744354009628296 -0.0791153609752655 -0.09190564602613449 -0.2649890184402466 -0.1270972490310669 
0.015312738716602325 0.06464620679616928 0.09100944548845291 0.12630178034305573 0.3575650751590729 -0.0670013502240181 -0.09554381668567657 0.07969177514314651 -0.2883897125720978 -0.012647803872823715 -0.00820364709943533 0.015307756140828133 -0.17440393567085266 -0.024286238476634026 0.1929023563861847 0.17135831713676453 0.14939911663532257 -0.040811989456415176 0.2587704658508301 0.011324232444167137 0.09726990759372711 -8.783773228060454e-05 0.32066765427589417 -0.008836687542498112 -0.03688178211450577 0.2808396518230438 -0.23085640370845795 0.16108438372612 0.27569612860679626 -0.011788790114223957 0.16414739191532135 -0.10243503749370575 0.02644926682114601 -0.06890836358070374 -0.11451949179172516 -0.022027285769581795 0.1654326319694519 0.10429421067237854 0.07273706048727036 -0.03557414188981056 -0.026935404166579247 -0.0368676483631134 0.18955779075622559 0.12421353906393051 0.07352490723133087 0.13926002383232117 -0.26074671745300293 -0.06509558111429214 0.05194433405995369 0.11410227417945862 
0.13829003274440765 0.06761032342910767 0.563082754611969 0.2198948711156845 -0.2936357259750366 0.011666534468531609 -0.014478611759841442 -0.20073896646499634 0.09005091339349747 0.15225571393966675 -0.25982850790023804 -0.09931223839521408 -0.008313755504786968 -0.042625926434993744 -0.4832827150821686 -0.05697635933756828 0.023472638800740242 -0.055365435779094696 -0.0763949602842331 -0.22576583921909332 0.1586514562368393 0.5099524855613708 0.09064885228872299 0.16481459140777588 -0.10268884897232056 -0.10880256444215775 -0.16187360882759094 -0.2461511194705963 -0.4694375693798065 -0.2607726752758026 -0.5447602272033691 0.5527183413505554 0.0008598973508924246 -0.17591947317123413 -0.26544708013534546 -0.5170061588287354 -0.19835710525512695 0.1918480396270752 -0.17450644075870514 0.1765134036540985 -0.039699163287878036 -0.06566686928272247 -0.5310441255569458 0.010050379671156406 -0.47744059562683105 0.22078073024749756 0.1548599898815155 0.2767331898212433 -0.32684460282325745 -0.0834638848900795 
-0.44779908657073975 0.08428429067134857 0.030963368713855743 0.10575756430625916 0.18785837292671204 0.11768130213022232 -0.6101832389831543 0.026288097724318504 -0.3670562207698822 -0.04847174137830734 0.06867345422506332 0.053023867309093475 0.17854046821594238 0.26764199137687683 0.09746097028255463 0.10006170719861984 0.11024882644414902 -0.17794278264045715 0.18886815011501312 -0.056828293949365616 0.08416524529457092 -0.10387811064720154 -0.05061677470803261 -0.3190179467201233 -0.1434207409620285 0.3243129551410675 0.008258474990725517 -0.4995482861995697 0.3523019850254059 0.15895453095436096 0.06348574906587601 -0.1885051429271698 -0.22592876851558685 0.1478341817855835 0.03186740726232529 -0.27359968423843384 0.3675556480884552 -0.0007808064692653716 -0.4089744985103607 0.2880284786224365 0.2139388769865036 0.22226519882678986 0.056153565645217896 -0.03698600456118584 -0.4466399550437927 0.08809090405702591 -0.5483044385910034 0.02555994503200054 0.10828138142824173 -0.16775815188884735 
0.04655316099524498 0.13554449379444122 -0.262410432100296 -0.16219215095043182 0.061668213456869125 -0.10795029997825623 -0.04294709488749504 -0.013270077295601368 0.11743494123220444 -0.12804287672042847 0.12563875317573547 0.044975440949201584 0.0071589588187634945 0.0024118630681186914 0.1669950932264328 -0.10189902782440186 0.02180534228682518 -0.07912371307611465 -0.17111270129680634 0.15602970123291016 -0.11809524893760681 -0.04125550389289856 -0.1283399909734726 0.04692993313074112 -0.03766713663935661 -0.11894668638706207 -0.07081345468759537 -0.08381747454404831 0.04420562461018562 0.009576763026416302 0.1398271769285202 -0.1856892853975296 -0.07217161357402802 -0.05687325447797775 0.08002904802560806 -0.1633218377828598 -0.021185744553804398 -0.0869225487112999 0.16825635731220245 -0.042203351855278015 -0.17643339931964874 0.14565035700798035 -0.011792792938649654 -0.06987939774990082 0.17073865234851837 -0.12052793800830841 -0.02850204147398472 -0.1171245202422142 0.1100032702088356 -0.08043745905160904 
0.03840234503149986 -0.053988199681043625 -0.13934819400310516 0.03541143983602524 0.23806455731391907 -0.17019574344158173 -0.12510208785533905 0.07243820279836655 -0.021056698635220528 0.12041006237268448 -0.04319025203585625 -0.02484460175037384 0.043566618114709854 -0.12237972021102905 0.10054200142621994 -0.012148375622928143 -0.04851453751325607 -0.19440512359142303 -0.15588533878326416 0.15441730618476868 -0.2396593689918518 -0.04716207832098007 0.004735986702144146 -0.0785774290561676 0.05342022702097893 -0.2527792155742645 -0.014343000017106533 -0.18114973604679108 -0.11740463972091675 0.03134448081254959 0.0238394383341074 -0.265542596578598 0.0305651668459177 -0.009641370736062527 0.16137509047985077 -0.2595680356025696 -0.02209843136370182 -0.09933140873908997 0.09952177107334137 0.08589660376310349 -0.060937147587537766 0.15762989223003387 0.17453916370868683 -0.17556069791316986 0.125428706407547 0.04893054440617561 0.07973577082157135 0.1398327350616455 0.15696394443511963 -0.1371452957391739 
0.04898271709680557 -0.024227051064372063 -0.3040829002857208 0.045535437762737274 -0.21796400845050812 -0.04723630100488663 0.020229458808898926 -0.11662312597036362 0.20535330474376678 0.0037147835828363895 0.14300136268138885 -0.14665941894054413 0.11827342957258224 0.12110555171966553 -0.11857381463050842 -0.051353901624679565 0.023640424013137817 -0.13363051414489746 -0.1881648302078247 0.02156735025346279 -0.10202313959598541 -0.28227272629737854 -0.26086190342903137 0.044352732598781586 -0.15321122109889984 -0.2820335924625397 0.1335332989692688 -0.179893359541893 -0.06232970580458641 0.00899919681251049 -0.031595755368471146 -0.15707218647003174 -0.06584242731332779 0.019469747319817543 0.0008478707750327885 0.11128688603639603 0.08571866899728775 -0.1283283233642578 0.1414770931005478 -0.1738898754119873 0.08522916585206985 0.13977700471878052 -0.0040983278304338455 -0.14028021693229675 0.08541743457317352 0.01587970182299614 0.10384435206651688 -0.19145064055919647 -0.11042478680610657 -0.10729819536209106 
-0.026532160118222237 -0.005810215137898922 -0.14619669318199158 -0.26105454564094543 0.009113309904932976 -0.5798056721687317 -0.11228545010089874 0.04924452304840088 -0.13937093317508698 0.1470784693956375 -0.11702840775251389 -0.029785439372062683 -0.057514388114213943 -0.10380996018648148 0.17453502118587494 -0.08548648655414581 -0.007754683494567871 -0.14887766540050507 0.22667208313941956 0.11349090933799744 -0.3854536712169647 0.13977302610874176 0.05525907129049301 0.01630622148513794 0.13707008957862854 -0.16482669115066528 0.06828062236309052 -0.08359318226575851 0.2623571753501892 0.07961931079626083 0.04376499354839325 -0.427988201379776 0.056676410138607025 -0.08192803710699081 -0.1233597844839096 -0.15765593945980072 -0.0067495075054466724 0.0865664929151535 0.012212472036480904 -0.10585156083106995 -0.21839694678783417 -0.08565908670425415 0.175130233168602 0.05409437417984009 0.0797116830945015 -0.07455863803625107 -0.050257306545972824 -0.06168041005730629 -0.0530998557806015 -0.03289823606610298 

-0.341980904340744 -0.235348641872406 0.0006736036157235503 0.17067411541938782 0.14019519090652466 0.18626010417938232 -0.08546977490186691 0.26519545912742615 0.20419032871723175 0.0009857967961579561 -0.20424237847328186 0.18204379081726074 0.20604880154132843 -0.4157955050468445 0.08881628513336182 0.10249149054288864 -0.22581259906291962 -0.2429969161748886 0.26031893491744995 -0.11479343473911285 -0.09987352788448334 0.252673476934433 -0.25294026732444763 0.3613768517971039 0.11226855963468552 -0.20865178108215332 9.99912153929472e-05 0.15488696098327637 -0.19328774511814117 0.21161536872386932 -0.057180069386959076 0.15295439958572388 0.16684004664421082 0.17773544788360596 0.10286650061607361 0.0001775172568159178 0.22309832274913788 0.23140427470207214 -0.22428543865680695 -0.05890623480081558 0.14881542325019836 0.2613834738731384 0.2407321035861969 -0.11504924297332764 0.12885595858097076 -0.2610972225666046 0.17926594614982605 0.2547535002231598 0.06740038096904755 0.20895473659038544 
BIAS:
-0.2578114867210388 0.292797714471817 -0.28255873918533325 0.2080758512020111 -0.7549571394920349 0.2781393826007843 -0.23519626259803772 0.1797252893447876 0.10132724791765213 -0.3922354280948639 0.21516184508800507 -0.06409535557031631 0.6711339354515076 0.40697479248046875 -0.06435169279575348 0.3536200225353241 0.5801381468772888 -0.38645634055137634 -0.12425345182418823 0.32539474964141846 0.5037429332733154 -0.3446800410747528 -0.6524574756622314 -0.602031946182251 -0.46841052174568176 0.7321418523788452 0.3971778154373169 -0.49808257818222046 0.10744284838438034 -0.031784191727638245 0.1811993420124054 0.20449621975421906 -0.3617498278617859 0.5000239610671997 0.5862700939178467 -0.13273926079273224 0.7601476907730103 -0.18700489401817322 -0.4696148931980133 0.19427737593650818 0.7143659591674805 0.6290850043296814 0.012989617884159088 -0.5708599090576172 -0.9175943732261658 -0.11203216761350632 -0.39814627170562744 -0.12777231633663177 -0.44471824169158936 -0.5077210068702698 

-0.0031041663605719805 0.1833832859992981 0.03626503050327301 -0.025688832625746727 0.1289619505405426 0.09760332107543945 0.00988940242677927 -0.14806222915649414 -0.04572293534874916 -0.05190190672874451 0.19902962446212769 0.17234720289707184 0.045949265360832214 0.010633795522153378 -0.002431772882118821 0.18264564871788025 0.27101796865463257 0.01764701120555401 -0.07261216640472412 0.14411038160324097 0.04402480646967888 0.006923995446413755 0.03683605417609215 0.06635159254074097 0.12723681330680847 0.04654821753501892 0.02359895594418049 0.04509367048740387 0.05585704743862152 -0.03565702214837074 -0.00585909653455019 -0.00026975167565979064 -0.010265418328344822 -0.12009241431951523 -0.03398776054382324 0.02199983038008213 -0.07586890459060669 -0.12739305198192596 0.052413251250982285 0.05295094475150108 -0.044803816825151443 -0.3257356286048889 0.34138768911361694 0.14432284235954285 -0.08994068950414658 0.2215188592672348 0.15410342812538147 -0.12955988943576813 -0.03521103039383888 0.011084455996751785 

-0.12878566980361938 