1
6                  50                  50                  1
8.784317016601562 0.4662182629108429 0.4110465347766876 -1.9560332298278809 204.4777374267578 3.4580235481262207 
-2.006121873855591 -1.566357970237732 0.06372172385454178 -2.7755353450775146 76.9919662475586 -0.27216169238090515 
0.0476207435131073 
-5.848074913024902 
WEIGHT:
0.46185967326164246 -0.6991437673568726 -0.252873033285141 -1.2359815835952759 1.164135217666626 -0.8876473307609558 
-0.7017858624458313 0.5015864372253418 -0.6712244153022766 -0.5374852418899536 -0.37452512979507446 0.5518490076065063 
-0.2092730849981308 -1.079563021659851 -0.12093422561883926 0.5652663707733154 -0.6702436804771423 1.3999240398406982 
0.7268990278244019 0.3527015745639801 -0.643146276473999 -0.4253694415092468 -0.4296019375324249 0.8015041947364807 
0.9284673929214478 1.097843885421753 0.16033700108528137 0.07957173883914948 0.008180106990039349 -0.43980222940444946 
-0.4183298647403717 0.07455748319625854 -0.1866791844367981 -0.2726884186267853 -0.10577479749917984 1.113447666168213 
-0.5559209585189819 0.6199038624763489 -0.911817729473114 -0.2094644457101822 -0.47844523191452026 -0.38770365715026855 
-1.276341438293457 -1.1434277296066284 -0.5200734734535217 -0.3393895626068115 0.5278457999229431 -0.9263412952423096 
0.15700788795948029 0.019621876999735832 0.8990088105201721 0.01073069404810667 -1.0430628061294556 -0.5542849898338318 
0.46079108119010925 -0.6119803786277771 -1.0692633390426636 1.276435375213623 0.46908119320869446 -0.4246521592140198 
-1.6544010639190674 0.041282426565885544 1.6051833629608154 -1.2017669677734375 -0.4117332994937897 0.19082143902778625 
-0.4655437767505646 -0.34234389662742615 0.1221470758318901 0.6151654720306396 0.43066975474357605 0.017853613942861557 
0.47838258743286133 -1.4633355140686035 -1.2578374147415161 2.6146204471588135 -0.02735498733818531 -0.5072069764137268 
-0.8814135193824768 0.013911295682191849 0.6971251368522644 0.22864189743995667 0.4820172190666199 -0.056480906903743744 
0.5679567456245422 -0.7094131112098694 0.6405168771743774 -0.8556839227676392 0.3977491855621338 -0.10101476311683655 
-0.6180840730667114 0.26522746682167053 0.9396544098854065 -1.044992446899414 0.38024672865867615 -0.4477839469909668 
-0.4184345602989197 -0.3095044195652008 0.19657357037067413 -0.5278712511062622 0.8906272649765015 -0.28535565733909607 
0.765552282333374 -1.0722532272338867 0.12242436408996582 1.3335829973220825 -0.5963029861450195 -0.04771711677312851 
1.5956376791000366 0.059008222073316574 -1.6818058490753174 0.7307054996490479 -0.893153727054596 -0.6782829165458679 
1.31557035446167 -1.5753660202026367 -3.2242417335510254 -2.480668067932129 -0.26720884442329407 0.9337935447692871 
0.6650682091712952 0.15937817096710205 0.6673864126205444 0.14996545016765594 -0.9422085285186768 -0.2689697742462158 
-0.011940776370465755 -1.2132073640823364 0.2745510935783386 0.7995889782905579 -0.36940130591392517 -0.563222348690033 
0.9632917642593384 -0.8288130760192871 -0.09684018790721893 -0.013827025890350342 0.31071680784225464 -0.15610599517822266 
-0.2146722972393036 -0.39920249581336975 0.37903109192848206 -0.7782605886459351 -0.6052070260047913 -0.2886998653411865 
0.5500507950782776 0.6694865822792053 -0.7271792888641357 0.37626513838768005 -0.234086811542511 -0.029825005680322647 
-1.3270586729049683 0.8724713325500488 0.5438398718833923 -0.44729146361351013 -0.48381492495536804 -0.7081241607666016 
-0.2658121585845947 -1.256231427192688 0.4130455255508423 0.7710551619529724 0.6888624429702759 -0.5809705853462219 
0.7230166792869568 -0.4108627736568451 0.42636600136756897 -0.27896425127983093 -0.5755181908607483 -0.6595591306686401 
0.9620670676231384 -0.19011126458644867 -1.3274500370025635 -0.45135751366615295 -0.7728073000907898 0.39788585901260376 
0.026806099340319633 0.7571893930435181 0.19673380255699158 0.1692332625389099 -0.3109205365180969 0.811863362789154 
0.29159897565841675 -0.6261600852012634 0.4376537799835205 -0.56855708360672 -0.07992126792669296 0.17906947433948517 
0.3585769534111023 0.12108395248651505 -0.41839441657066345 -0.4301876425743103 0.42279934883117676 1.207739233970642 
-1.3414909839630127 1.6107006072998047 1.256954550743103 0.909723699092865 -1.9015287160873413 0.7909282445907593 
-0.42739811539649963 0.7316642999649048 -0.5258464217185974 0.28499940037727356 -0.16185899078845978 1.069159984588623 
0.08815767616033554 -0.0888986587524414 -0.6523778438568115 0.36711612343788147 -0.2920096516609192 1.473006010055542 
0.30543795228004456 -0.08070769906044006 0.9257864356040955 0.07665394246578217 -0.7017484307289124 -0.12764254212379456 
-0.34349149465560913 -0.20255619287490845 -0.6897010803222656 0.1261482685804367 0.41739600896835327 0.1600254327058792 
-0.007867176085710526 0.13807590305805206 0.09604708850383759 -0.04190932959318161 -0.04280515015125275 -1.1493319272994995 
1.0285420417785645 -1.1559737920761108 -0.6817923784255981 0.018255943432450294 -1.36082124710083 0.09818657487630844 
0.6989249587059021 -0.12685616314411163 -0.37041395902633667 0.27638471126556396 0.9965234994888306 -0.08403235673904419 
0.3407667577266693 0.35790616273880005 -0.10411828011274338 0.5672541260719299 0.5275348424911499 -0.599164605140686 
0.005898111034184694 0.05242763087153435 -0.12042698264122009 -0.2586304843425751 -0.9742106795310974 0.8542338013648987 
-0.7755080461502075 0.9865728616714478 -0.017533836886286736 0.0481930710375309 -0.08081827312707901 1.1579757928848267 
1.2778890132904053 -0.7001539468765259 1.1038336753845215 -0.20977918803691864 1.0753638744354248 0.7979923486709595 
1.8026190996170044 1.9040228128433228 -1.4632830619812012 0.01727137342095375 0.39088335633277893 -0.22910435497760773 
-0.2466646283864975 -1.0853313207626343 -0.5575641989707947 0.8321294188499451 -0.5661042332649231 0.07060159742832184 
-1.41435706615448 0.15786953270435333 0.7946884632110596 -1.143135905265808 -0.07982403039932251 1.1869481801986694 
-0.2365422248840332 -0.5067012310028076 -1.087684988975525 0.5002654194831848 -0.49197855591773987 -0.7463125586509705 
-0.19587472081184387 -0.4554044008255005 0.5750588178634644 -0.4231880307197571 -0.3260648548603058 0.43979281187057495 
0.2418975532054901 0.36160123348236084 0.3086856007575989 0.23125335574150085 -0.1404644250869751 2.0387632846832275 

0.09932854771614075 0.11132148653268814 -0.1849317103624344 0.08846988528966904 0.2624787390232086 -0.1165158674120903 0.25935202836990356 0.0960092768073082 -0.6888206601142883 0.26010459661483765 -0.002033916534855962 0.10448522865772247 -0.5598389506340027 -0.20228706300258636 0.06897211074829102 0.0009338720701634884 0.02555975690484047 -0.7073275446891785 0.009555067867040634 -0.02071567066013813 -0.06872037798166275 -0.18201494216918945 0.2638089954853058 -0.09022514522075653 0.11112675815820694 -0.04569300636649132 0.12756448984146118 -0.2501732110977173 0.09342313557863235 0.12063409388065338 0.03815523907542229 0.22491240501403809 -0.07406851649284363 0.0647406354546547 -0.2835856080055237 -0.6127559542655945 0.1419001817703247 -0.07052458822727203 0.07209642231464386 0.485240638256073 0.1124483197927475 -0.013903922401368618 0.15049239993095398 0.33339783549308777 0.4548110067844391 -0.4552106261253357 -0.2043333202600479 -0.07596630603075027 -0.21473956108093262 -0.17757649719715118 
0.17499183118343353 -0.12817639112472534 0.17476417124271393 -0.1200137585401535 -0.13458336889743805 0.07434992492198944 0.17693746089935303 0.19892215728759766 -0.430332750082016 0.9003552794456482 -0.4251237213611603 0.19567619264125824 0.8036618828773499 0.10831541568040848 -0.027526507154107094 -0.43654316663742065 -0.09610205888748169 0.7642301917076111 0.11859415471553802 0.08158190548419952 -0.004989644046872854 0.43967190384864807 -0.12068141996860504 0.23676656186580658 -0.09388552606105804 -0.21059106290340424 0.28219175338745117 -0.758922815322876 0.29143691062927246 0.2100023776292801 -0.388093501329422 -0.13426856696605682 0.17176233232021332 0.21743933856487274 0.1641021966934204 -0.08884429931640625 0.001266785548068583 0.06250158697366714 0.04517442733049393 0.2027442902326584 0.11436294764280319 0.046339571475982666 0.14816126227378845 0.05680181831121445 -0.07946022599935532 0.4148627817630768 -0.2974871098995209 0.4597185254096985 -0.46146687865257263 0.24487853050231934 
-0.0945725291967392 -0.5639028549194336 -0.4599999487400055 -0.0506838895380497 0.3628261387348175 0.12853965163230896 -0.02067115530371666 0.06180311366915703 1.0111231803894043 -0.5212567448616028 0.6125047206878662 0.08980866521596909 -0.14111700654029846 0.07233841717243195 0.06710589677095413 -0.0015160064212977886 0.10827329754829407 0.19879524409770966 0.2996823191642761 0.051574479788541794 0.2951485216617584 0.32751747965812683 -1.0115976333618164 0.32359808683395386 0.11733387410640717 0.029853977262973785 0.16323795914649963 -0.5009551048278809 0.3511555790901184 0.19278675317764282 -0.22363649308681488 -0.4118819832801819 0.40739426016807556 -0.11931149661540985 0.17217917740345 0.8877227902412415 -1.5158504247665405 0.7631424069404602 -0.13488472998142242 -0.02003832533955574 0.04604052007198334 -0.08791520446538925 0.04143509641289711 0.15139752626419067 0.026274755597114563 -0.043512631207704544 -0.025148876011371613 -0.3658260405063629 -0.306907057762146 0.09739439934492111 
0.014278977178037167 0.20051611959934235 0.6107011437416077 0.34595125913619995 -0.10993754118680954 0.0036950460635125637 0.06257113814353943 -0.005159429274499416 -0.15566611289978027 0.13702324032783508 0.11155864596366882 -0.1069430336356163 0.16251102089881897 0.034966710954904556 0.12077832221984863 -0.012236883863806725 0.037949807941913605 0.03540108725428581 0.259056031703949 -0.06020703166723251 -0.01456938125193119 -0.1770775020122528 0.44363468885421753 -0.1404840350151062 -0.009012522175908089 0.03030415065586567 -0.013729861937463284 -0.14301441609859467 0.049784980714321136 -0.09440692514181137 0.2534730136394501 0.2890528440475464 -0.1490493267774582 0.15148106217384338 0.043471530079841614 -0.20511019229888916 0.4363148510456085 -0.5461143255233765 0.2407134473323822 0.1609356552362442 0.032586757093667984 0.26926207542419434 0.0052916486747562885 0.29042401909828186 0.10629189759492874 0.2884948253631592 0.3737868666648865 0.1971847414970398 0.4627534747123718 0.2522219717502594 
-0.06558620929718018 0.1060250997543335 -0.36039048433303833 -0.2879441976547241 0.1130167692899704 0.1098184734582901 -0.3890337646007538 0.17785267531871796 -0.012791715562343597 -0.12194149196147919 -0.02342730015516281 0.2967701852321625 -0.9639790654182434 0.13831862807273865 -0.29722991585731506 0.19224752485752106 -0.2969393730163574 -0.5570318698883057 -0.6371263861656189 -0.2858039438724518 0.19475290179252625 0.0989590585231781 0.5138951539993286 0.15294770896434784 -0.49531880021095276 0.237679123878479 0.012232884764671326 0.13664458692073822 -0.34702616930007935 0.12677524983882904 0.23329691588878632 0.47633546590805054 -0.30154746770858765 -0.011928045190870762 -0.12303242832422256 0.1810617297887802 0.2808251678943634 0.28991755843162537 -0.2749093472957611 0.44603297114372253 0.2525113821029663 -0.3693685829639435 0.16973362863063812 0.7164146900177002 -0.24169549345970154 -0.6114022731781006 0.20281612873077393 -0.9417718052864075 0.0754181519150734 -0.008424218744039536 
0.25402501225471497 -0.2816227376461029 0.411421537399292 -0.1757233589887619 -0.18452122807502747 -0.017196545377373695 0.1676463782787323 -0.009233017452061176 0.7898922562599182 0.08464957773685455 0.15073449909687042 -0.09727789461612701 0.525536298751831 0.11925963312387466 0.09927503019571304 -0.06914085149765015 0.3033500909805298 0.41157692670822144 0.2269439995288849 0.2320995032787323 0.046768225729465485 0.3528237044811249 -0.9590460062026978 -0.2664549946784973 -0.1723671555519104 0.03138367459177971 0.28727635741233826 0.23678119480609894 0.011109652929008007 -0.14547047019004822 -0.08534727990627289 -0.7396507263183594 0.019025610759854317 -0.26491981744766235 0.1879340410232544 0.6579890251159668 -0.010053994134068489 -0.163974791765213 -0.0670894905924797 -0.5871500968933105 -0.02230163663625717 -0.0658838227391243 -0.19828665256500244 -0.9834718704223633 -0.4568619728088379 0.15375728905200958 -0.005841195583343506 0.36607226729393005 0.1556907594203949 -0.32956767082214355 
0.2628942131996155 -0.018389804288744926 0.18723374605178833 0.025445284321904182 0.7473049759864807 -0.07099131494760513 0.09898963570594788 0.308230459690094 0.07364404946565628 -1.3809820413589478 0.1777040660381317 -0.21822920441627502 -0.8452480435371399 0.20679518580436707 0.1668362021446228 0.2923266589641571 0.12930047512054443 -0.7054999470710754 -0.15748238563537598 -0.4037884771823883 0.017871297895908356 -0.7308677434921265 -0.47492995858192444 -0.05518633872270584 0.40463173389434814 0.24385716021060944 -0.034944962710142136 -0.03217092528939247 -0.3845824897289276 0.207331120967865 0.25497695803642273 0.10805951803922653 0.23361752927303314 -0.09272988140583038 -0.1783357709646225 0.1495697945356369 0.1436859518289566 -0.34821686148643494 -0.30599135160446167 -0.3164040148258209 -0.06751210242509842 0.1955205649137497 0.022178970277309418 0.2625439465045929 0.14553439617156982 -0.4143538475036621 0.5966073870658875 -0.5230820178985596 0.37766698002815247 0.3080548644065857 
-0.3798396587371826 -0.216230571269989 0.0958852618932724 0.20956803858280182 0.5352966785430908 -0.1293666660785675 -0.056681595742702484 -0.2791309356689453 0.5135279297828674 -0.48410871624946594 -0.2813658118247986 -0.9748050570487976 -0.12181058526039124 -0.20162111520767212 -0.08248501271009445 -0.33343279361724854 -0.11186079680919647 0.8673089146614075 0.6728383898735046 0.23807038366794586 0.07531081885099411 0.09192168712615967 -0.2736009955406189 -0.12467791140079498 0.3993687927722931 0.0031668096780776978 -0.18587560951709747 0.679558515548706 0.28876692056655884 0.18833425641059875 -0.39099380373954773 -0.4038209319114685 0.16555573046207428 -0.04751617833971977 0.31844794750213623 0.6490373611450195 -0.30813068151474 0.08231667429208755 0.11996077001094818 -0.1596607267856598 -0.028384380042552948 0.12538744509220123 0.04697919264435768 0.15876758098602295 0.03752133995294571 0.1021716296672821 0.16249597072601318 0.03364340588450432 -0.5548716187477112 0.150410458445549 
-0.28693926334381104 -0.32874903082847595 -0.4650554358959198 0.313203364610672 0.45039573311805725 -0.18399345874786377 0.2622821629047394 0.010580256581306458 0.1652769297361374 -0.7332862615585327 -0.5523931384086609 -0.35091596841812134 -0.04087800905108452 -0.005208329297602177 -0.15300807356834412 -0.11846992373466492 0.027582168579101562 -0.3526289761066437 -0.06647979468107224 -0.1842132955789566 -0.07268552482128143 0.2590206265449524 -0.09624288976192474 -0.1435195803642273 0.265460729598999 0.19401507079601288 0.25067487359046936 0.47847244143486023 -0.23208652436733246 -0.18841509521007538 0.004202612675726414 -0.5379387140274048 -0.11289773136377335 -0.16875086724758148 -0.10488325357437134 -0.14881761372089386 -0.27041083574295044 0.3622872531414032 -0.17906756699085236 -0.26095494627952576 0.09266680479049683 -0.14193561673164368 -0.07973914593458176 -0.44388896226882935 0.26250550150871277 -0.612514317035675 -0.3062363266944885 0.1787344515323639 -0.08480308949947357 0.023897916078567505 
0.2612069845199585 -0.26058438420295715 0.239142045378685 0.260000616312027 -0.11731287837028503 -0.3705161213874817 0.13189540803432465 -0.2454272210597992 0.1760942041873932 0.6675888895988464 0.013937615789473057 -0.24755489826202393 0.4729553163051605 -0.006417382042855024 0.25514358282089233 0.01432726625353098 0.23001252114772797 0.14704522490501404 0.32617679238319397 0.17253561317920685 0.18860547244548798 0.3732772469520569 0.47590959072113037 0.027587613090872765 0.037171244621276855 0.04867979884147644 0.10865509510040283 0.8096911311149597 0.2379825860261917 -0.18108409643173218 0.34719783067703247 -0.5166025757789612 -0.40161341428756714 -0.14985258877277374 -0.09158138185739517 0.05854104086756706 0.004970161709934473 -0.0071683223359286785 0.38877496123313904 0.07928227633237839 0.3056381046772003 0.22290048003196716 -0.22349399328231812 0.2299162745475769 -0.18410955369472504 0.3022816777229309 -0.10998450219631195 0.4709118604660034 0.04770490527153015 0.06975000351667404 
0.29833099246025085 -0.20250467956066132 -0.17427678406238556 0.06750373542308807 0.34808456897735596 0.044592518359422684 -0.3584205210208893 0.1046103909611702 0.35333573818206787 -0.33656764030456543 0.2472679167985916 -0.41667529940605164 -0.8656690716743469 -0.1957317590713501 0.26718732714653015 0.17157845199108124 0.3237765431404114 -0.10953506082296371 0.3318701684474945 -0.18847940862178802 -0.02278636209666729 -0.37779566645622253 0.21542230248451233 0.30910786986351013 0.1430031806230545 -0.09627237915992737 -0.05595460161566734 0.3366650640964508 0.02073252759873867 0.15543866157531738 0.17454880475997925 -0.014702307991683483 0.040713656693696976 -0.1325875073671341 -0.2842271029949188 0.5155626535415649 0.007006581872701645 -0.31625229120254517 0.20566122233867645 -0.1426515132188797 -0.3048039972782135 0.006032534409314394 0.04225744307041168 0.5100528001785278 0.030842434614896774 -0.6038551330566406 0.5215413570404053 -0.2581617832183838 0.1399504542350769 0.22429384291172028 
-0.010152610950171947 -0.22843673825263977 -0.7242783904075623 -0.317911833524704 0.12205267697572708 -0.34275200963020325 0.26310116052627563 -0.23846550285816193 0.4842524230480194 -0.31125351786613464 0.4231136441230774 0.02857147343456745 -0.17341288924217224 -0.15078657865524292 -0.05820886045694351 0.3073740303516388 -0.13213065266609192 -0.031152358278632164 0.22145938873291016 -0.2210901528596878 0.12429391592741013 -0.07600042223930359 -0.3023938536643982 0.3167043924331665 0.11898726224899292 0.2905575931072235 -0.3451745808124542 -0.022189272567629814 -0.05466177314519882 0.11391603946685791 -0.05090644210577011 -0.44265344738960266 0.07331203669309616 0.13452091813087463 -0.12512218952178955 0.43262937664985657 -0.6119899749755859 0.7959451079368591 0.10064375400543213 0.07615143060684204 0.2664381265640259 -0.13464677333831787 0.049182575196027756 -0.38807788491249084 0.35203462839126587 -0.718256413936615 -0.18660159409046173 -0.08406277745962143 -0.310796856880188 0.036186058074235916 
0.17549680173397064 -0.728042483329773 0.29674819111824036 -0.27991393208503723 -0.03314957767724991 -0.21221816539764404 -0.8043001294136047 0.03777524456381798 0.42762425541877747 -0.22011026740074158 -0.05481499806046486 -0.01281053852289915 -0.03245985135436058 0.4950089752674103 0.024659836664795876 -0.012338587082922459 -0.042123470455408096 0.11393139511346817 -0.4870778024196625 0.08761531114578247 -0.06334751099348068 0.18887875974178314 0.2273685783147812 -0.2871742844581604 -0.14369171857833862 0.08984370529651642 -0.05751918628811836 0.27216511964797974 -0.6292861104011536 0.08286657184362411 0.30425912141799927 -0.12389978766441345 0.2606772780418396 -0.26655974984169006 -0.13810141384601593 0.3385173976421356 -0.08747116476297379 -0.11284580826759338 -0.3649664521217346 -0.17569975554943085 -0.09312727302312851 -0.07532604783773422 -0.20178186893463135 0.5989974141120911 -0.4388408958911896 0.1492944210767746 -0.1967446357011795 -0.49756380915641785 0.131300151348114 0.09411432594060898 
-0.11200271546840668 -0.1403183937072754 -0.5706613659858704 0.06721355020999908 0.4107685387134552 0.009782930836081505 -0.24502119421958923 0.040999673306941986 -0.44692379236221313 -0.9879640936851501 -0.21213655173778534 -0.3584982454776764 -0.8551250100135803 0.39077746868133545 0.14593294262886047 0.14521057903766632 -0.1215813010931015 -0.5771102905273438 0.013087413273751736 -0.08048277348279953 -0.13328081369400024 -0.6841337084770203 -0.43438753485679626 0.10888297110795975 0.11827799677848816 0.23227079212665558 0.017407076433300972 0.10377753525972366 -0.17446255683898926 0.024382876232266426 -0.09997586160898209 0.19333568215370178 0.3848990499973297 -0.3567468523979187 -0.10439024120569229 -0.2718144953250885 -0.16152678430080414 0.13332773745059967 -0.2912115752696991 -0.0724441334605217 0.029221661388874054 -0.19442546367645264 -0.17673763632774353 0.21060872077941895 -0.11566833406686783 -0.9671221375465393 0.07131126523017883 -0.19342836737632751 -0.06447186321020126 -0.16562052071094513 
0.39795148372650146 -0.0021929373033344746 0.5036685466766357 0.15610387921333313 -0.0861114114522934 -0.059356532990932465 0.05622921511530876 0.1079413965344429 0.14559660851955414 0.7040640711784363 0.20482322573661804 0.060594722628593445 0.6348487734794617 -0.09890419244766235 0.1475481539964676 -0.034580666571855545 0.07213722914457321 0.43911346793174744 -0.030070938169956207 0.19371505081653595 -0.141375333070755 0.10544615983963013 0.35213005542755127 0.13828635215759277 -0.08815458416938782 -0.03362341597676277 -0.027441607788205147 0.6919418573379517 -0.026427727192640305 -0.03780544921755791 0.32189708948135376 0.062446534633636475 -0.0908719077706337 -0.00789477489888668 0.23377364873886108 0.12894558906555176 0.3843349814414978 -0.525463342666626 0.2698763906955719 -0.044499821960926056 -0.25055012106895447 0.23551125824451447 -0.05503039062023163 -0.37839534878730774 -0.21324977278709412 0.6424094438552856 -0.08525297045707703 0.10095382481813431 0.2190513163805008 0.1748560518026352 
-0.04596822336316109 0.3500174283981323 -0.3112882077693939 0.09899440407752991 -0.3754020631313324 -0.17806394398212433 0.3997284770011902 -0.36390504240989685 -1.288029670715332 0.833537757396698 -0.3877975642681122 0.11740412563085556 0.3753359019756317 -0.05911726877093315 -0.30522817373275757 0.08885583281517029 -0.164655864238739 -0.857614278793335 -0.27293869853019714 -0.20741885900497437 -0.43984732031822205 -0.15572431683540344 0.3615487813949585 -0.40282586216926575 -0.11771439760923386 0.08538319915533066 -0.17262758314609528 -0.5430312752723694 -0.3005290925502777 -0.12605494260787964 0.18160176277160645 0.47351494431495667 -0.33496373891830444 -0.014507082290947437 0.013766828924417496 -1.5934243202209473 0.8980638980865479 -0.31747353076934814 -0.258441686630249 0.5948727130889893 0.28363314270973206 0.01828877255320549 -0.015322771854698658 -0.6701895594596863 0.083095021545887 -0.10919974744319916 -0.045366931706666946 0.1972672939300537 -0.017498614266514778 -0.0982394888997078 
0.22248737514019012 0.04290015622973442 -0.13862065970897675 -0.26054152846336365 -0.20926328003406525 -0.05512534826993942 0.14164799451828003 -0.1328599900007248 0.06894252449274063 0.11383730173110962 -0.062250927090644836 0.33906090259552 -0.09458469599485397 0.29267364740371704 -0.17066296935081482 0.33685359358787537 1.9349888589204056e-06 0.009587409906089306 -0.3244776427745819 -0.26099076867103577 0.25647857785224915 0.3089931011199951 -0.12977728247642517 0.15779440104961395 -0.4815077483654022 0.2952386140823364 -0.03696995601058006 -0.5613797307014465 -0.20450247824192047 0.04849421977996826 -0.0865442231297493 0.6012793779373169 -0.18693801760673523 0.1637946367263794 -0.0222286619246006 0.35818788409233093 -0.018099993467330933 -0.06646673381328583 -0.1718759983778 0.28646478056907654 0.21186576783657074 -0.23617476224899292 0.3016493022441864 -0.2429596334695816 -0.04140516743063927 -0.37422963976860046 0.4013071656227112 -0.3132876753807068 0.11874526739120483 0.02117125876247883 
0.10347244888544083 -0.7460975646972656 0.2089083045721054 -0.018301483243703842 0.4293024241924286 -0.3147227168083191 -0.3633303642272949 -0.26226726174354553 0.68593829870224 -0.7908296585083008 0.10623187571763992 -0.1802196055650711 -0.13473452627658844 0.3733624517917633 0.06902486085891724 0.05932769179344177 -0.07881992310285568 0.1992591768503189 0.12729009985923767 -0.07860822230577469 0.24227026104927063 0.24495668709278107 0.2031211107969284 0.002936369040980935 0.3254490792751312 0.0464642308652401 0.20515161752700806 0.7116180658340454 -0.2380780577659607 0.05757356807589531 0.3169536590576172 -0.9067744612693787 0.22598184645175934 -0.3222288489341736 -0.20118644833564758 0.3530071973800659 -0.35401651263237 -0.030671274289488792 -0.20398367941379547 -0.017517078667879105 0.0674491748213768 -0.3085523545742035 -0.05162820965051651 0.4072785973548889 0.4869338274002075 -0.40176841616630554 0.07948338240385056 -0.4000914394855499 0.2290773093700409 0.12045762687921524 
0.033484864979982376 0.17179574072360992 -0.49364691972732544 0.38305988907814026 0.30281567573547363 0.12440863996744156 0.23689807951450348 -0.033835310488939285 -0.734021008014679 0.19825808703899384 -0.2066490352153778 0.07527609914541245 -0.29377979040145874 -0.6476023197174072 -0.0914466604590416 -0.10738155990839005 -0.06524505466222763 -0.6672284603118896 0.16305169463157654 -0.19203051924705505 0.06549219787120819 -0.6830693483352661 0.4011310338973999 -0.20763349533081055 0.1915164738893509 -0.5080117583274841 -0.10183536261320114 0.24124711751937866 0.32737240195274353 0.141060471534729 0.3309262692928314 0.28014910221099854 -0.38538146018981934 0.03015265055000782 -0.26282355189323425 -0.6875472664833069 -0.06808403134346008 0.14188478887081146 0.2907608151435852 0.5473760962486267 0.16010861098766327 0.276626318693161 0.005762466229498386 -0.10872629284858704 0.7682878971099854 -0.9892293214797974 0.006376632954925299 -0.05221571773290634 -0.26985880732536316 -0.047934889793395996 
-0.5764917135238647 0.03360038623213768 -0.13172827661037445 -0.12963111698627472 0.12089553475379944 -0.05470765754580498 0.14152488112449646 -0.5042011141777039 -0.023928098380565643 -0.7147358059883118 0.011236507445573807 0.1409757286310196 -0.2695722281932831 0.08247381448745728 -0.35384857654571533 0.031129686161875725 -0.35852721333503723 -0.25095945596694946 -0.19414860010147095 -0.07087782770395279 -0.013415027409791946 -0.5093075037002563 -1.1645857095718384 0.04142358899116516 -0.07685394585132599 0.3277547061443329 -0.5309123396873474 -0.9514784812927246 0.029905056580901146 0.09801974147558212 -0.4426722228527069 -0.22037066519260406 0.3470761179924011 0.22129961848258972 -0.3403433561325073 -0.16554729640483856 -0.21762718260288239 -0.04170294478535652 -0.2870475649833679 -0.14792972803115845 0.05031522363424301 -0.13191989064216614 0.4310881793498993 -0.7573773264884949 0.007695547305047512 -0.3314380645751953 0.42437711358070374 -0.24211639165878296 -0.14686933159828186 0.02084631659090519 
0.2695203125476837 -0.07539743185043335 0.24466577172279358 0.13563111424446106 -0.17055855691432953 -0.05930473282933235 0.17614072561264038 -0.13909967243671417 0.18760617077350616 0.18172411620616913 0.6713744401931763 0.11755891889333725 0.3397667706012726 0.05601108819246292 0.26533186435699463 -0.042244039475917816 -0.23291757702827454 -0.3226170539855957 0.26364538073539734 -0.2050323188304901 -0.29481053352355957 -0.08446657657623291 0.24710990488529205 0.38238394260406494 -0.09028893709182739 0.16266486048698425 0.2862388789653778 0.9234945774078369 -0.14564664661884308 -0.21669580042362213 0.33933502435684204 0.30411195755004883 -0.21740098297595978 -0.4607762098312378 0.09776519238948822 0.2374160885810852 0.16100390255451202 -1.6375935077667236 0.11077111959457397 -0.15222451090812683 -0.3563654124736786 0.11312306672334671 -0.30952024459838867 0.49493736028671265 -0.37422963976860046 0.3808414936065674 0.253229558467865 0.44482654333114624 0.46466219425201416 0.11267804354429245 
-0.15100154280662537 0.07275992631912231 0.37713760137557983 0.2832220792770386 0.17879363894462585 -0.20307692885398865 0.0016332808881998062 -0.3729552626609802 0.763876736164093 0.5823590755462646 -0.339799702167511 -0.7175151705741882 0.4982839822769165 -0.6652014851570129 -0.10738004744052887 -0.2999865710735321 -0.07066363096237183 1.2055723667144775 0.3768389821052551 0.08933943510055542 0.3257896602153778 0.4566815197467804 0.4700782299041748 -0.014443115331232548 0.2462710440158844 -0.014835924841463566 -0.4238918721675873 1.5553691387176514 0.17844338715076447 -0.01729937270283699 0.5852627754211426 -0.16834726929664612 0.2794216275215149 0.15984554588794708 0.15755239129066467 0.5577820539474487 -0.057112086564302444 0.38225996494293213 0.3796827793121338 -0.2818763554096222 -0.028865616768598557 0.3343324661254883 -0.1461697816848755 -0.5863671898841858 0.2096293717622757 0.7719916105270386 -0.07166179269552231 0.44909054040908813 0.06287096440792084 -0.04777762293815613 
0.018726831302046776 0.03390646353363991 -0.19499534368515015 0.16035614907741547 0.28799086809158325 0.012559044174849987 0.1578456163406372 -0.14917221665382385 -0.47981637716293335 1.2936640977859497 -0.3812698721885681 -0.1488376259803772 0.2766232490539551 -0.5535136461257935 -0.17987313866615295 -1.2274000644683838 -0.2521071135997772 0.06290678679943085 0.6815383434295654 0.03567797690629959 0.05322332680225372 -0.11644607037305832 0.3030116856098175 -0.18812420964241028 0.5021337270736694 -0.4647811949253082 -0.07991773635149002 0.1851789802312851 0.3289332687854767 0.018526555970311165 -0.4229200780391693 -0.08519051223993301 -0.2631204426288605 0.10055112093687057 -0.1674344539642334 -0.6859518885612488 -0.11192838847637177 0.21792325377464294 -0.011588389053940773 0.30119210481643677 0.2340901792049408 0.1565323770046234 -0.017132500186562538 0.09844730794429779 0.5282812714576721 -0.14493446052074432 -0.11287527531385422 0.4612451493740082 -0.8500595688819885 0.15893837809562683 
-0.30763620138168335 0.07542010396718979 -0.3700740933418274 0.15274882316589355 -0.18192383646965027 -0.21814554929733276 0.07276124507188797 -0.2822290062904358 -0.5007887482643127 -1.4773030281066895 0.18876691162586212 0.019941141828894615 -0.6908413171768188 0.4935644268989563 0.03713012859225273 0.4733180105686188 -0.10982832312583923 -1.1386960744857788 -0.5947604179382324 -0.42302149534225464 -0.0959044098854065 -0.021780362352728844 -0.4692976474761963 -0.06416407227516174 -0.13861237466335297 0.45750248432159424 0.23491939902305603 -0.09530680626630783 -0.5021916031837463 -0.027661673724651337 0.09416600316762924 0.04409288614988327 -0.12962612509727478 -0.09437009692192078 -0.28380563855171204 -0.5354219079017639 -0.005883846431970596 -0.20657509565353394 -0.5230743288993835 0.01917266473174095 -0.05731246992945671 -0.15624111890792847 -0.01687423698604107 -0.013349520973861217 0.2917520999908447 -0.2929876148700714 0.5254928469657898 -0.5307692885398865 0.18900920450687408 0.007638206705451012 
-0.07672303915023804 -0.10265755653381348 -0.1286046802997589 0.08908192813396454 0.005975403357297182 -0.1790601760149002 -0.11582718044519424 -0.11411051452159882 0.4114108085632324 -0.3593844771385193 0.11906447261571884 0.10070449858903885 -0.07016810774803162 0.052676137536764145 -0.005095292814075947 -0.11201528459787369 -0.2176699936389923 0.2675112783908844 -0.0005828796420246363 0.07451824843883514 0.24926422536373138 0.2624146044254303 0.3596189022064209 0.30599960684776306 -0.22550107538700104 0.11781415343284607 -0.12158975005149841 0.7458488345146179 0.11023569107055664 0.10853895545005798 0.35122936964035034 -0.34992435574531555 -0.08457659184932709 0.025809509679675102 -0.17438443005084991 0.36092129349708557 -0.5846215486526489 0.5866221785545349 0.46136370301246643 0.016365591436624527 0.19393876194953918 0.026018211618065834 -0.042951177805662155 0.44236573576927185 0.21808578073978424 -0.27609193325042725 -0.3532247841358185 -0.17224231362342834 0.0633975937962532 0.08184707909822464 
0.03197134658694267 -0.23474660515785217 0.21210481226444244 0.05509204417467117 -0.3962711691856384 -0.27405351400375366 0.09289849549531937 -0.09457426518201828 -0.8460338711738586 1.2124837636947632 -0.34284356236457825 0.08136703819036484 0.851622998714447 0.007283275481313467 -0.12953373789787292 -0.17993947863578796 0.13674019277095795 -0.04224872216582298 -0.46311575174331665 -0.19890828430652618 -0.40607210993766785 -0.04761272296309471 0.0329456701874733 -0.07377740740776062 -0.05418132245540619 -0.18564781546592712 0.05433938652276993 -0.4546215534210205 -0.42474883794784546 -0.1179194226861 -0.248882457613945 -0.3701493442058563 -0.06811456382274628 -0.031616467982530594 -0.14459076523780823 -0.8186482191085815 0.4182448983192444 -0.6691741347312927 -0.2615184485912323 0.25563889741897583 0.02470330148935318 -0.280112624168396 -0.08074592798948288 -0.6670253276824951 -0.16900184750556946 0.6233401894569397 -0.4249265491962433 0.2840651869773865 -0.22002142667770386 -0.28547433018684387 
0.387788325548172 -0.08435781300067902 -0.2226542979478836 -0.2067866325378418 -0.2689835727214813 0.008108912967145443 0.12277025729417801 -0.1369752734899521 -0.3689810335636139 0.1916295737028122 0.33486467599868774 0.06610731780529022 0.20136380195617676 0.2994118928909302 0.18122972548007965 0.2593958377838135 0.05393606424331665 -0.5351916551589966 -0.29982173442840576 0.10928282886743546 -0.24685414135456085 -0.09946829825639725 0.020655855536460876 -0.003743840614333749 -0.023256894201040268 0.36862239241600037 0.23265349864959717 -0.17114530503749847 -0.241952583193779 -0.29408326745033264 0.2977653741836548 -0.08529295772314072 -0.28498759865760803 -0.41362252831459045 0.030175909399986267 -0.5048346519470215 0.3432460427284241 -0.19722674787044525 -0.23558005690574646 0.061036061495542526 0.05328899249434471 -0.14038817584514618 -0.5297661423683167 0.25208961963653564 -0.2076852023601532 -0.144473135471344 0.17971402406692505 0.0899389237165451 0.35974955558776855 -0.424334853887558 
0.025697750970721245 -0.06492520123720169 -0.32870692014694214 0.08542667329311371 0.2113940715789795 0.3167896866798401 -0.06732261925935745 -0.11344792693853378 0.39090755581855774 -0.6398054957389832 0.49560150504112244 0.050725873559713364 -0.6727403402328491 -0.0701136663556099 -0.018162159249186516 -0.044329751282930374 0.11150332540273666 -0.15853890776634216 0.11570663005113602 -0.2873971164226532 -0.09164988249540329 0.012627886608242989 -1.147459864616394 -0.03343505784869194 0.027083082124590874 0.2790029048919678 0.2546541392803192 -0.7972713708877563 -0.05397992581129074 0.21943046152591705 -0.3461620807647705 -0.16314972937107086 0.17099440097808838 0.19590027630329132 0.38043928146362305 0.2501527965068817 -0.19791191816329956 0.8004587888717651 -0.1807515174150467 0.022774141281843185 -2.3888875148259103e-05 0.006271881051361561 0.2350732684135437 0.14726175367832184 0.4349716603755951 -0.7479870915412903 0.28384917974472046 -0.36667904257774353 -0.3641946613788605 -0.06982091069221497 
0.18167278170585632 0.2782146632671356 -0.5491206645965576 0.23123355209827423 -0.08513443171977997 -0.04992920905351639 0.1436796635389328 -0.03219861909747124 -0.2932995855808258 0.10268046706914902 -0.05335491895675659 -0.012606143020093441 -0.35002997517585754 -0.15188725292682648 -0.09703277051448822 0.2922760248184204 -0.12300795316696167 -0.632721483707428 -0.053275562822818756 -0.14612992107868195 0.020629948005080223 -0.6494596600532532 0.2601170837879181 -0.4283501207828522 0.13636252284049988 0.14675071835517883 -0.2367495447397232 0.005590950604528189 -0.06528138369321823 0.013766882941126823 0.13436691462993622 0.08700381219387054 -0.07438258826732635 -0.14196380972862244 0.11773718148469925 -0.3662199079990387 0.3552235960960388 -0.19704149663448334 -0.019464025273919106 0.3525548279285431 0.1667800396680832 -0.020001746714115143 -0.06635503470897675 0.19266299903392792 0.037516020238399506 -0.7557093501091003 -0.2923714220523834 0.10100997239351273 -0.02516833133995533 0.003259537508711219 
0.05212879180908203 0.10019776225090027 0.2906002402305603 -0.11838378757238388 -0.176497220993042 -0.06180362403392792 0.009186520241200924 0.4236578047275543 -0.6677975654602051 1.205261468887329 -0.14648376405239105 0.40339943766593933 0.5096338987350464 -0.11232364922761917 0.25433874130249023 -0.38844913244247437 0.19039985537528992 0.35415419936180115 0.1672896295785904 0.3173103630542755 -0.1972975879907608 0.11235684156417847 0.426099956035614 0.0013661483535543084 -0.30914729833602905 -0.46322301030158997 0.23999862372875214 -0.183786541223526 -0.08714213222265244 -0.28556370735168457 0.04879990220069885 0.2250548154115677 -0.1918133944272995 -0.09938333928585052 0.03410886600613594 -0.4456896185874939 0.4578791558742523 -0.31952226161956787 0.14938007295131683 0.028390098363161087 -0.2688358724117279 -0.10485954582691193 -0.38537275791168213 -0.20520329475402832 -0.10029484331607819 0.6325912475585938 -0.5395156145095825 0.20717649161815643 -0.06022385135293007 -0.23274347186088562 
0.09860537946224213 -0.13420675694942474 -0.09716522693634033 -0.4295087158679962 -0.1677042692899704 0.030233273282647133 -0.03570886701345444 0.19943758845329285 0.03356648609042168 1.3920619487762451 -0.3359260559082031 0.19728979468345642 0.5297098159790039 -0.06094028055667877 -0.21149760484695435 -0.25762972235679626 -0.07896643877029419 0.33889859914779663 -0.15182028710842133 0.02712242491543293 -0.05460861325263977 0.5538443326950073 0.0484459213912487 -0.1798807680606842 -0.10612329095602036 -0.11253329366445541 0.023084422573447227 -0.48554694652557373 -0.1116347536444664 -0.1152958869934082 -0.1924286186695099 0.04249238222837448 -0.33215799927711487 0.1541144996881485 -0.07694225013256073 -0.22063681483268738 0.37833157181739807 0.7447498440742493 -0.0006365390727296472 0.22320884466171265 0.2809552550315857 -0.34593597054481506 0.12238436937332153 -0.7108563184738159 -0.1136859878897667 0.6528738141059875 -0.6196823120117188 0.46270355582237244 -0.5134605765342712 -0.15535421669483185 
0.3064761757850647 0.4665936827659607 0.08502142131328583 0.10648690164089203 -0.23538509011268616 -0.0484183132648468 0.468275785446167 0.3136623501777649 -0.09846911579370499 -0.2448163479566574 0.32620173692703247 0.12403678894042969 -0.0903031975030899 -0.12664659321308136 -0.010330000892281532 0.2862464189529419 0.04259675741195679 -0.46147412061691284 -0.20471632480621338 -0.12248659133911133 -0.025921432301402092 0.06164172291755676 -0.15740281343460083 0.3887706398963928 -0.2278553992509842 0.037851277738809586 0.16181081533432007 0.4931090176105499 0.15572232007980347 0.06529685854911804 0.3441334068775177 0.35076993703842163 0.021057499572634697 -0.013110821135342121 -0.10242059826850891 0.010366551578044891 0.17150217294692993 0.1503237932920456 0.5540595054626465 -0.20385195314884186 -0.30243125557899475 0.2881793677806854 -0.016158707439899445 -0.6576205492019653 -0.18588082492351532 0.30645039677619934 0.3592112362384796 0.5006088018417358 0.5155044794082642 -0.08445774763822556 
0.4843529760837555 0.2918897867202759 0.5676941871643066 -0.21751680970191956 -0.6473188400268555 -0.534629225730896 -0.6128017902374268 0.25257381796836853 -0.5624161958694458 0.7278375029563904 -0.1684739738702774 0.5069560408592224 0.35195887088775635 -0.22377866506576538 -0.0035948138684034348 0.2959694564342499 -0.080795519053936 0.5077711939811707 -0.12512290477752686 -0.1804976761341095 0.3013652265071869 0.4913810193538666 2.1115660667419434 0.17621560394763947 -0.6012521982192993 -0.3342265486717224 -0.09404171258211136 0.7100067138671875 0.028863295912742615 -0.08694351464509964 1.1553539037704468 0.9715784788131714 -0.9539077877998352 -0.025548219680786133 -0.5612825155258179 -0.28694888949394226 0.44072291254997253 -1.2500205039978027 0.902662992477417 0.3274723291397095 -0.1539243459701538 -0.12988223135471344 -0.29781782627105713 0.45203909277915955 -0.5904989838600159 0.7779253125190735 0.21718300879001617 0.298293799161911 0.9119629859924316 0.16894161701202393 
0.0948534682393074 0.03436989709734917 -0.6996563673019409 -0.1039758175611496 0.3038668632507324 -0.03209511935710907 0.06473903357982635 0.313799113035202 -0.29445531964302063 -0.02784876525402069 0.3174371123313904 0.2374335527420044 -0.21971508860588074 -0.18951116502285004 0.23060397803783417 -0.12930543720722198 0.0471968837082386 0.19290705025196075 0.3959370255470276 -0.033425312489271164 -0.19568948447704315 -0.39144545793533325 -0.17937524616718292 0.0796554908156395 0.1586112082004547 0.16687139868736267 -0.028559602797031403 -0.49848857522010803 -0.09537722170352936 -0.0319707952439785 -0.4449353516101837 -0.38097304105758667 0.08855772018432617 0.13813020288944244 -0.23014895617961884 -0.0833214670419693 -0.17932914197444916 0.3370857238769531 -0.22107994556427002 0.08813632279634476 0.274239718914032 -0.25327104330062866 0.09731844067573547 0.269458532333374 0.3756571412086487 -0.6094507575035095 -0.25767946243286133 -0.22944507002830505 -0.6529857516288757 0.06909127533435822 
-0.04632894694805145 0.13243110477924347 0.6054419279098511 0.12325605005025864 -0.283343106508255 -0.2527256906032562 0.021909285336732864 -0.20528653264045715 -0.7717211246490479 1.7663623094558716 -0.42859458923339844 0.12942208349704742 1.198809027671814 -0.05683464556932449 -0.20782096683979034 -0.15880854427814484 -0.09093180298805237 0.45975250005722046 -0.19878634810447693 0.1571681648492813 -0.19269759953022003 0.2955482602119446 0.7747713327407837 -0.35000908374786377 -0.04147126153111458 -0.34489691257476807 -0.0002661869511939585 -0.42572021484375 0.15232302248477936 0.0951969251036644 -0.033006150275468826 0.034127868711948395 -0.3231048285961151 0.013879045844078064 -0.10554798692464828 -0.7714759111404419 0.5494653582572937 -0.8460769653320312 0.03523577004671097 0.45409873127937317 0.12096072733402252 0.049710504710674286 -0.11542757600545883 -0.41072970628738403 -0.024597518146038055 1.0642377138137817 -0.5717082023620605 0.25514766573905945 -0.1430569291114807 0.15793955326080322 
-0.06729239225387573 0.06351064145565033 -0.829563558101654 -0.00846328679472208 -0.16350752115249634 0.07454764097929001 -0.36641159653663635 -0.35090088844299316 0.09616179764270782 -0.7686963081359863 0.5117911696434021 -0.07213381677865982 -0.7944177389144897 0.04626939073204994 0.10263386368751526 0.008487884886562824 0.2873491048812866 0.04625299945473671 -0.09452196955680847 -0.1366603821516037 -0.34488436579704285 -0.06608837097883224 -0.09470229595899582 0.47992968559265137 -0.2202778309583664 -0.1265818029642105 0.26543471217155457 -0.20106133818626404 -0.06372855603694916 -0.4961239993572235 -0.12070507556200027 -0.17269690334796906 -0.8723555207252502 -0.25189676880836487 0.04254510626196861 0.14982816576957703 -0.30884987115859985 0.5874353051185608 -0.22690553963184357 -0.09371791034936905 -0.26295235753059387 -0.5125300884246826 -0.0005819465150125325 0.22889241576194763 0.1937853991985321 -0.38333016633987427 0.17553827166557312 -0.4402529001235962 -0.12786167860031128 -0.5089706182479858 
-0.24049879610538483 0.16632522642612457 0.3134756088256836 -0.1578940451145172 0.10059992223978043 0.036255042999982834 0.3940601944923401 -0.22818724811077118 -0.2495950311422348 -0.8432864546775818 -0.10258391499519348 0.043787769973278046 -0.2073129564523697 0.1820193976163864 -0.15565870702266693 0.3290427327156067 -0.02177303470671177 -0.5769683718681335 0.05501652508974075 -0.31343141198158264 -0.14591340720653534 -0.20408396422863007 -0.8816127181053162 -0.4103715717792511 0.14496934413909912 0.22181564569473267 0.005894821602851152 -0.6101723313331604 -0.32372042536735535 0.0348123162984848 -0.11428840458393097 -0.3581518530845642 0.12361253052949905 0.10480489581823349 -0.17941579222679138 -0.1916799694299698 0.21093550324440002 -0.5105347037315369 -0.08659752458333969 -0.2853201925754547 -0.16379393637180328 0.055143918842077255 0.09679323434829712 -0.2662600576877594 0.09797079861164093 -0.11947163194417953 0.767139732837677 0.03578593581914902 0.29140505194664 -0.20039145648479462 
-0.01247903611510992 -0.265299528837204 -0.04565289616584778 -0.5625320672988892 -0.21621441841125488 -0.012320887297391891 -0.32194486260414124 0.28463974595069885 0.22429263591766357 0.9633949995040894 -0.3658672869205475 0.2638615667819977 0.5515030026435852 0.07223984599113464 0.04423723742365837 -0.08518554270267487 -0.137204110622406 0.8340023756027222 0.07084675133228302 0.01218286994844675 0.23098096251487732 0.3914658725261688 0.13128051161766052 -0.058161698281764984 -0.22482827305793762 -0.17482396960258484 -0.15062487125396729 -0.24407462775707245 -0.06939198076725006 0.06193319335579872 -0.3564321994781494 -0.30505383014678955 -0.06205993518233299 0.060619283467531204 0.015016994439065456 0.27955254912376404 0.03285697475075722 0.6555166244506836 -0.23872284591197968 0.37588775157928467 0.227080836892128 -0.5572531819343567 0.0012004245072603226 0.6442326307296753 -0.34142565727233887 0.1346421092748642 -0.6233001947402954 0.11559247970581055 -0.41237178444862366 0.056499287486076355 
0.2325761616230011 -1.3209795951843262 -0.6870772838592529 -0.124111607670784 0.11141670495271683 -0.22487540543079376 0.1345127671957016 0.4249320924282074 0.4427338242530823 0.9741546511650085 -0.3329537808895111 -0.02176159992814064 0.3861922323703766 0.05955582484602928 0.25071364641189575 -0.09929658472537994 0.3210035562515259 -0.354782372713089 -0.5544854998588562 -0.07923343777656555 0.11343802511692047 0.3178907632827759 -0.27714666724205017 -0.06962870806455612 0.17078879475593567 0.0413859486579895 0.3513801693916321 -0.019939785823225975 0.11841567605733871 -0.4566209316253662 -0.13925319910049438 -0.9399390816688538 -0.025796763598918915 -0.9199905395507812 0.0574074387550354 -0.03589765727519989 -0.2353218048810959 0.9499458074569702 -0.29428020119667053 0.06833229959011078 0.061954107135534286 -0.23582181334495544 -0.8883151412010193 -0.6442083716392517 -0.019220327958464622 -0.22250469028949738 -1.1741739511489868 0.020618416368961334 -0.3561972379684448 -0.7248173356056213 
0.07336633652448654 0.12671725451946259 0.02904355153441429 0.04461294040083885 0.12460651993751526 0.09165884554386139 0.1347530484199524 0.2264644354581833 -0.38684242963790894 0.9898101687431335 -0.17530812323093414 0.07672044634819031 0.23503653705120087 -0.44951924681663513 -0.12485626339912415 -0.5621012449264526 -0.028980938717722893 -0.06659787148237228 0.3635134994983673 0.057451482862234116 0.0745440274477005 0.12184341996908188 0.08883310109376907 0.17253930866718292 -0.0048323217779397964 -0.30979982018470764 0.09277859330177307 -0.0389905720949173 0.13237610459327698 0.1736774891614914 -0.16051651537418365 -0.11167164891958237 -0.06350231170654297 -0.013677679933607578 -0.27979010343551636 -0.36496517062187195 0.0033510876819491386 0.1627705991268158 -0.0007750738295726478 0.2014334797859192 -0.08305101841688156 0.07775267213582993 0.023714125156402588 -0.18606406450271606 0.3424263596534729 0.23342706263065338 -0.1937703788280487 0.28407445549964905 -0.43199676275253296 0.047618452459573746 
0.12917791306972504 0.29311612248420715 0.15322941541671753 -0.050780050456523895 -0.4920794367790222 0.09949636459350586 0.23667925596237183 -0.10309088230133057 -0.11764924973249435 -0.12845870852470398 -0.2031947523355484 0.12531395256519318 0.11047136038541794 -0.11749835312366486 -0.10878247022628784 -0.15735676884651184 0.024072570726275444 -0.05265812948346138 -0.08592245727777481 -0.17368894815444946 -0.218894362449646 0.02915085107088089 -0.6766930818557739 0.18752728402614594 -0.0611368864774704 0.10189958661794662 -0.08688782155513763 -0.900726854801178 -0.20695064961910248 0.035597093403339386 -0.20444943010807037 0.18052206933498383 0.04957401379942894 0.11126384884119034 -0.21499153971672058 -0.27471286058425903 0.07323887199163437 -0.05892767012119293 0.03400334343314171 -0.35454797744750977 -0.09902995079755783 0.07169657945632935 0.08167345821857452 -0.3615368902683258 -0.1259266883134842 0.561839759349823 0.615256130695343 0.002803918207064271 0.06778101623058319 -0.18841637670993805 
-0.140343576669693 0.2668313682079315 -0.20404550433158875 0.007759716361761093 0.17775653302669525 0.09900308400392532 0.2733859717845917 0.2904585301876068 -0.32678380608558655 0.4327743351459503 -0.13108594715595245 0.20365199446678162 0.20351023972034454 -0.11911697685718536 -0.1753847450017929 -0.0660218894481659 0.08598098158836365 -0.21008308231830597 -0.02383453957736492 -0.047305863350629807 -0.01769971288740635 -0.07252179086208344 -0.43186965584754944 -0.08744478970766068 0.008870855905115604 0.06390085816383362 -0.0862925574183464 -0.8925066590309143 0.04830877482891083 0.18793444335460663 -0.32010459899902344 0.2600410282611847 -0.10393283516168594 0.20710954070091248 -0.23190520703792572 -0.540252149105072 0.1682712435722351 -0.17297324538230896 -0.2876654863357544 -0.18930163979530334 -0.0026988573372364044 -0.13087055087089539 0.05476471036672592 -0.39492711424827576 0.2982743978500366 0.5038869380950928 0.15243732929229736 0.1153201013803482 -0.2173842191696167 0.16024717688560486 
-0.31954699754714966 -0.14081470668315887 -0.46737992763519287 -0.12206583470106125 0.14109505712985992 0.008025371469557285 -0.10607638210058212 -0.09401775151491165 1.1901564598083496 -0.4393729865550995 0.21171942353248596 -0.13436643779277802 0.3359662592411041 -0.19455218315124512 -0.035480476915836334 -0.2052455097436905 -0.27709969878196716 0.35388264060020447 0.020857425406575203 -0.04737437143921852 0.2858206629753113 0.37880396842956543 -0.38779276609420776 0.29342177510261536 -0.036194197833538055 -0.025027263909578323 0.07060355693101883 0.21592497825622559 0.15059643983840942 0.03987104818224907 -0.06839336454868317 -0.4947430193424225 0.322335809469223 -0.14988082647323608 0.1747310906648636 1.0008597373962402 -1.1286580562591553 0.08536860346794128 -0.10132116824388504 -0.5399864912033081 -0.0030947227496653795 0.1811407208442688 0.0029841004870831966 0.051142461597919464 0.04642573744058609 0.09617864340543747 0.10808678716421127 -0.043271709233522415 0.03289375454187393 -0.017046533524990082 
-0.3358036279678345 0.35829561948776245 -0.6979843974113464 -0.45008209347724915 -0.014630701392889023 0.04456636682152748 -0.004900277126580477 -0.27018269896507263 0.03567503020167351 -0.15860195457935333 -0.017535587772727013 0.3626406788825989 -0.6237244606018066 0.16898736357688904 -0.21984432637691498 0.6227360963821411 -0.21635425090789795 -0.6461490392684937 -0.7656810879707336 -0.3447584807872772 0.12350814044475555 0.08418795466423035 0.6162711977958679 0.16767659783363342 -0.7183278799057007 0.18044903874397278 0.03814496472477913 -0.03741634264588356 -0.4500311017036438 0.0671539157629013 0.2425716668367386 0.7625282406806946 -0.46837756037712097 -0.010720308870077133 -0.31683939695358276 -0.09010372310876846 0.3838123679161072 -0.05087200924754143 -0.6330491900444031 0.32330411672592163 0.18262909352779388 -0.46819329261779785 0.11800836771726608 -0.16095660626888275 -0.24788878858089447 -1.0911128520965576 0.4536873698234558 -0.673809289932251 0.1808876246213913 -0.02018667943775654 
0.00886549148708582 -0.9078871011734009 0.3020560145378113 -0.2471640408039093 0.007819545455276966 0.010210729204118252 -0.22877123951911926 0.028518659994006157 0.8361735939979553 -0.4538387954235077 0.184616357088089 0.09102554619312286 0.00041393612627871335 -0.09854651242494583 0.6018134355545044 -0.3460727632045746 -0.11536721140146255 0.7279058694839478 0.03305507451295853 -0.15439248085021973 0.1817680150270462 0.348494291305542 0.0762476697564125 0.362994909286499 0.038845211267471313 -0.21077944338321686 0.23892785608768463 0.2189306914806366 -0.14636002480983734 0.06990735232830048 -0.014731894247233868 -0.8784881830215454 0.26943662762641907 -0.11949427425861359 0.07543481141328812 1.0529320240020752 -0.9495783448219299 0.4531455636024475 0.11169619858264923 0.1608573943376541 -0.10751476138830185 -0.0711839571595192 -0.05086790397763252 2.4497249126434326 -0.16247594356536865 -0.3167777359485626 -0.24189096689224243 -1.1734410524368286 -0.11091470718383789 -0.07836856693029404 
0.01038120687007904 -0.056493259966373444 0.4598604142665863 -0.19761496782302856 0.029108533635735512 -0.08798610419034958 0.009040987119078636 0.15070664882659912 -0.5410928130149841 1.2722225189208984 -0.43037816882133484 0.31606531143188477 0.7836947441101074 0.10561929643154144 -0.3242710530757904 -0.8162040710449219 -0.09521182626485825 0.5841407179832458 0.4454760253429413 0.2433856874704361 -0.06933899223804474 0.32784074544906616 0.09314461797475815 0.005810581613332033 0.09652266651391983 -0.19824758172035217 0.12296026945114136 -0.3903907835483551 0.2023753821849823 0.0028526384849101305 -0.24813443422317505 -0.12238060683012009 0.015415003523230553 -0.057408832013607025 0.11089090257883072 -0.22527045011520386 -0.13710492849349976 -0.1019451767206192 0.20819784700870514 -0.09044729918241501 -0.06647425889968872 0.10451477766036987 0.13319161534309387 0.08981209248304367 0.017831234261393547 0.5323566794395447 0.05359327793121338 0.4525004029273987 -0.3507402837276459 -0.013139455579221249 
-0.09487603604793549 -0.3492571711540222 0.3087581992149353 0.055442772805690765 0.3989696204662323 -0.08224483579397202 -0.21361254155635834 -0.29888734221458435 0.7339141964912415 -0.7798606157302856 0.051630791276693344 -0.15604932606220245 0.0706804171204567 0.18168678879737854 0.1291392296552658 0.07081009447574615 0.06859228760004044 0.06315947324037552 0.1883186399936676 -0.21227914094924927 0.26827332377433777 0.19987617433071136 -0.1470697820186615 -0.09598738700151443 0.2402859330177307 0.34451577067375183 -0.06004517525434494 1.032808780670166 -0.09231182932853699 0.015983855351805687 0.2550116181373596 -0.5638926029205322 0.24594372510910034 -0.023468881845474243 -0.005891566164791584 0.5243335962295532 -0.5516825318336487 0.25033625960350037 0.07373104244470596 -0.3395264446735382 0.015645692124962807 -0.05024903640151024 0.07714404910802841 -0.10567647218704224 0.011492653749883175 -0.14549627900123596 0.21519169211387634 -0.05087175965309143 0.38043394684791565 -0.06511074304580688 
0.06264704465866089 -0.7669135332107544 -0.45933085680007935 -0.6189181208610535 -0.0265284925699234 -0.07622721046209335 -0.3634796738624573 0.1815304309129715 -0.14900687336921692 0.16610810160636902 0.17736732959747314 0.15097729861736298 0.08450470864772797 -0.025478318333625793 -0.152433842420578 -0.14593367278575897 0.12644276022911072 0.5330109000205994 0.5520573854446411 0.056514617055654526 0.04408324882388115 0.15905138850212097 0.2424069195985794 0.13900749385356903 -0.17670413851737976 0.14352473616600037 0.30449965596199036 0.01964661478996277 -0.08550377190113068 -0.05672100558876991 -0.10998415946960449 -0.7863471508026123 -0.4038088619709015 -0.09247829020023346 0.06866181641817093 -0.012670757248997688 -0.24868178367614746 2.0658671855926514 0.0006605959497392178 0.3967469334602356 0.2781851589679718 -0.8495627641677856 -0.0572027750313282 0.3629511892795563 -0.3295201063156128 -0.04839466139674187 -0.41929277777671814 0.22369039058685303 -0.44830235838890076 -0.3573734760284424 
0.4948771595954895 -1.1793391704559326 -1.0136139392852783 -0.11086031049489975 -0.26785165071487427 -0.1380894035100937 -0.5122209787368774 0.6345403790473938 -0.2712321877479553 2.4013257026672363 -0.37725284695625305 0.09186458587646484 0.883562445640564 -0.026020999997854233 0.8621417880058289 -0.38318949937820435 0.6423071026802063 0.702786922454834 -0.12894368171691895 0.6587026715278625 -0.9192242622375488 0.026218971237540245 0.09580390900373459 -0.525609016418457 -0.03253337740898132 -0.5372756123542786 0.5380577445030212 -0.12883444130420685 0.13848264515399933 -0.8934693336486816 -0.32652077078819275 -0.11741206049919128 -0.6280726194381714 -1.1786882877349854 0.33158209919929504 -0.3763059675693512 0.29874810576438904 -2.303560733795166 -0.6567224860191345 0.1270551085472107 0.030061224475502968 -0.1412123739719391 -1.7713638544082642 0.07934077829122543 -0.890788733959198 -0.34615838527679443 -1.8971408605575562 0.4925902783870697 -0.21908806264400482 -0.975279688835144 
-0.1529313027858734 -0.10124518722295761 0.028288766741752625 -0.19411681592464447 -0.48871251940727234 -0.24219849705696106 0.046105049550533295 -0.4010467231273651 0.42809802293777466 0.17564091086387634 -0.1610931009054184 -0.04398232325911522 0.350647509098053 -0.3992823362350464 -0.20042568445205688 -0.07158830761909485 -0.4582797586917877 0.23074354231357574 -0.22595736384391785 -0.15230701863765717 0.34180396795272827 0.38951605558395386 0.16280432045459747 0.40018734335899353 -0.19723305106163025 -0.16992397606372833 -0.371584951877594 0.2888263165950775 0.0048598735593259335 0.22305268049240112 0.06708724796772003 -0.02079278603196144 -0.07941875606775284 0.045223336666822433 -0.21570608019828796 0.44152259826660156 -0.5124981999397278 0.1857687532901764 0.19664518535137177 -0.027673380449414253 0.045835163444280624 -0.11853455007076263 0.21810919046401978 -0.5074065923690796 0.17673656344413757 0.5122277140617371 -0.14302845299243927 0.06813503056764603 0.15394364297389984 -0.08855773508548737 

-0.24404418468475342 -0.7425269484519958 -0.5498340725898743 0.298572301864624 -0.486272394657135 0.4607521593570709 0.6105329990386963 0.30623888969421387 0.6634134650230408 0.6262438297271729 0.41719260811805725 -0.30748412013053894 0.5296961069107056 0.5915721654891968 0.4141054153442383 0.6435317993164062 -0.4399367570877075 0.6151706576347351 -0.3187161386013031 -0.40225422382354736 0.33637285232543945 0.4295833706855774 -0.3664819598197937 0.5094431638717651 -0.26635318994522095 0.28171873092651367 0.22754307091236115 -0.9286980032920837 0.4347502291202545 -0.365898460149765 -0.5458121299743652 -0.5601945519447327 -0.5647182464599609 -0.6677526235580444 0.6242353916168213 -0.47516608238220215 0.49178266525268555 -0.6728144288063049 0.5154818892478943 -0.19778764247894287 -0.4914688169956207 -0.14651252329349518 -0.2543533444404602 -0.4587833881378174 -0.7909432649612427 -0.47768187522888184 0.4015996754169464 -0.5438474416732788 0.4860785901546478 -0.2644674479961395 
BIAS:
0.48660287261009216 0.834685206413269 0.3291876018047333 0.14559639990329742 -1.1960450410842896 -0.012011827901005745 0.18782846629619598 -0.1090562641620636 -0.9602463841438293 0.07817840576171875 -0.1323375105857849 0.5467485189437866 0.12401938438415527 -0.10426682978868484 -0.44593575596809387 0.6058614253997803 -0.42887330055236816 -0.4536733627319336 -0.7065165042877197 -0.27235767245292664 -0.1910862922668457 -0.03733944147825241 0.5824928283691406 -0.04751800000667572 -0.47328734397888184 -0.1401509940624237 0.028824834153056145 -0.17361904680728912 -0.00925824698060751 -0.039451539516448975 0.6224934458732605 0.78598952293396 -1.6871671676635742 0.5076100826263428 -0.5807957649230957 -0.7165336012840271 0.6987110376358032 -0.778663158416748 0.21836543083190918 0.41039544343948364 0.20136839151382446 0.2904556095600128 0.12326935678720474 0.17854295670986176 -0.5715324878692627 0.2282886505126953 0.3256547749042511 0.46000075340270996 0.5059704780578613 0.07935135066509247 

0.046204905956983566 -0.07612903416156769 -0.2485673427581787 0.16454598307609558 0.03388594463467598 0.032182808965444565 -0.04590582102537155 -0.2876394987106323 -0.006511603482067585 0.12154761701822281 -0.003765740664675832 -0.03073197416961193 0.0541212372481823 0.02505740337073803 0.010149920359253883 0.21175630390644073 0.17855298519134521 -0.02143089845776558 0.2906639277935028 0.14834019541740417 -0.059211619198322296 -0.06275767087936401 0.1735742688179016 0.016809333115816116 0.008142936043441296 -0.08103980869054794 0.035342488437891006 0.07401610165834427 0.08410999178886414 -0.22052991390228271 -0.08024592697620392 0.24007222056388855 0.34265220165252686 0.06659884750843048 0.040149979293346405 -0.15553121268749237 0.09244514256715775 -0.10209368914365768 -0.14359381794929504 0.01635489985346794 0.07379497587680817 0.049906957894563675 0.09640152007341385 0.17874640226364136 -0.3084675073623657 -0.05705876648426056 -0.045657310634851456 0.06515638530254364 -0.34224531054496765 -0.05497055873274803 

0.023121008649468422 