0
6                  30                  30                  1
8.252813339233398 0.8958734273910522 0.4321559965610504 -0.13571873307228088 189.8113555908203 3.3642680644989014 
-1.3327234983444214 -1.5274773836135864 0.09107261896133423 -12.014565467834473 48.59950637817383 -0.5050534605979919 
1.0 
0.0 
WEIGHT:
-0.1063535287976265 -0.3928138315677643 0.6044553518295288 0.585762083530426 1.3854951858520508 2.8242530822753906 
0.9448196887969971 -1.3670779466629028 0.2898617088794708 -0.27848246693611145 -1.319150447845459 -0.8213050365447998 
-0.4613974988460541 -0.8471241593360901 -1.056769847869873 -1.479934811592102 2.5302894115448 0.43213316798210144 
-1.6756917238235474 -1.2718366384506226 -1.6899677515029907 0.21728730201721191 -2.717390775680542 0.04299827292561531 
1.4197747707366943 0.8357468247413635 0.5312758088111877 0.4234097898006439 -0.8064191341400146 -0.03764206916093826 
1.2526788711547852 0.9473375082015991 -1.5657237768173218 1.0995107889175415 -1.143283724784851 0.3763974606990814 
-1.0584534406661987 -0.30884167551994324 -0.16965223848819733 0.9498013854026794 0.7107399106025696 -1.0634726285934448 
-0.8638281226158142 -1.8334403038024902 0.3656558692455292 -0.2701736092567444 -1.5525140762329102 0.08252531290054321 
-1.628410816192627 0.7977445125579834 1.30029296875 1.9882439374923706 -0.07021774351596832 2.077579975128174 
-0.050706539303064346 -0.7817502617835999 1.152562141418457 0.14116427302360535 -1.3193438053131104 1.2332782745361328 
-0.5724194645881653 1.3619906902313232 -0.166734978556633 0.17396923899650574 1.6633315086364746 0.8504302501678467 
4.34867525100708 1.6669995784759521 1.3251525163650513 -1.2800294160842896 0.5935051441192627 0.7774083018302917 
0.29489949345588684 0.97157883644104 1.8600143194198608 -0.9526002407073975 1.0022848844528198 -0.9004842042922974 
-0.4146876633167267 -0.28877484798431396 -0.5116382837295532 0.9454400539398193 0.4957037568092346 -0.5089523792266846 
2.848540782928467 0.8265586495399475 -2.2315738201141357 0.1951804757118225 0.5446308255195618 -0.2405841201543808 
0.023119427263736725 -0.9156862497329712 -1.3837860822677612 -2.0492637157440186 -0.14634837210178375 0.10018374025821686 
-0.2645873725414276 -0.9842695593833923 -0.652801513671875 -0.8164080381393433 2.5611629486083984 -2.017047166824341 
0.9967251420021057 0.4523959159851074 -0.38718974590301514 0.231540247797966 2.1525802612304688 0.47548040747642517 
1.7215170860290527 2.22186279296875 -0.4473746716976166 1.5294981002807617 -1.5614737272262573 1.2140920162200928 
0.7238384485244751 -0.5852347612380981 -2.2555959224700928 -0.7857497930526733 -0.8408496975898743 -0.8111086487770081 
-0.31195908784866333 -0.7535143494606018 1.1386796236038208 -1.2720071077346802 0.4013526141643524 -0.9937161207199097 
1.4384636878967285 0.6748670339584351 -0.17872586846351624 -0.5000680685043335 0.04686138406395912 -1.4357432126998901 
-0.8622649908065796 0.08474244922399521 -0.3612488806247711 1.2037630081176758 0.9932650923728943 -0.7758874297142029 
0.5738078951835632 1.0488650798797607 0.45334866642951965 2.634477138519287 -1.3546069860458374 -0.11205299943685532 
0.6620482802391052 -0.06879870593547821 1.2062681913375854 -0.3505338430404663 -0.033751603215932846 -1.9726784229278564 
-0.7339269518852234 -1.902580738067627 -0.2518725097179413 -0.5763399600982666 1.3161702156066895 1.0710456371307373 
0.14221720397472382 -1.320762276649475 -1.0329352617263794 -0.21168343722820282 -2.1204748153686523 0.1253855675458908 
-0.5275358557701111 0.11482293158769608 0.5635650753974915 2.6661088466644287 -1.1720560789108276 -0.10306088626384735 
-0.2748412489891052 -0.11686874181032181 -1.1839332580566406 0.36546897888183594 0.2587445378303528 -0.06404130160808563 
2.731567621231079 0.605792760848999 -0.06982064247131348 -1.4995936155319214 -0.911522626876831 0.9659135937690735 

-0.7161613702774048 0.21369896829128265 -1.2117993831634521 1.2878602743148804 -0.7113953828811646 0.7605371475219727 -0.1362675577402115 0.9445239901542664 -0.6790106892585754 -1.257112979888916 0.26198330521583557 -1.3922585248947144 -0.32436123490333557 0.8320823311805725 0.5750531554222107 0.961130678653717 -0.7010231614112854 0.13606904447078705 -0.5646438002586365 1.480520486831665 -0.01752404309809208 -1.1077113151550293 0.41205933690071106 -1.4031487703323364 -1.9546973705291748 0.10815826803445816 0.7382978796958923 -0.016203224658966064 -0.5480814576148987 -0.12636475265026093 
0.31356140971183777 0.4469500184059143 0.6409382820129395 1.193863868713379 -0.025458214804530144 1.8863774538040161 -0.6952765583992004 -0.34620627760887146 -0.37220022082328796 -0.7289620041847229 -1.1220718622207642 -0.5027164220809937 -0.8943020701408386 0.05998123437166214 1.1730989217758179 0.9087598323822021 -0.023059038445353508 -0.3202444612979889 1.101314663887024 1.893236756324768 -1.2957956790924072 0.3726440370082855 -0.28821414709091187 0.6347225904464722 -0.5175186395645142 -0.18220503628253937 1.2472549676895142 0.5433107614517212 1.050758957862854 0.21884582936763763 
-0.695220947265625 -0.6710581183433533 0.9316644072532654 -0.6553905010223389 0.06751512736082077 0.6371919512748718 0.693297803401947 -1.157889723777771 -1.2244783639907837 -1.1207256317138672 -0.13683846592903137 -0.4092525541782379 -0.6326372623443604 0.44183820486068726 0.641817033290863 -0.6945969462394714 0.3168245851993561 0.28457462787628174 0.003908558748662472 0.010686702094972134 -0.5418112874031067 0.5732733011245728 0.6012241244316101 0.8356044888496399 0.4783858358860016 -0.234346404671669 -0.28906044363975525 0.4931144416332245 1.015576720237732 -1.0822089910507202 
-0.03992361202836037 0.3041497468948364 -1.9813228845596313 1.0991827249526978 -0.5474709272384644 -0.14827843010425568 0.06888873130083084 1.0249543190002441 -0.08134595304727554 1.546362280845642 -0.4848633408546448 -1.9095183610916138 -0.757103681564331 0.8749554753303528 -1.310570478439331 -0.6343798637390137 -0.5377871990203857 -0.6248213052749634 -0.20341724157333374 -1.5416010618209839 -0.16904614865779877 -0.9431913495063782 0.13705149292945862 0.24085621535778046 -0.6052602529525757 -0.022274455055594444 0.7723110914230347 1.2261583805084229 -0.34353122115135193 -0.649247407913208 
0.2373640239238739 -1.3142354488372803 -1.2176188230514526 0.8863455653190613 -0.5183595418930054 0.30096152424812317 0.022296542301774025 0.24845217168331146 1.8421204090118408 1.7324601411819458 0.053792066872119904 -2.5490360260009766 -1.342535376548767 0.7330729365348816 -0.5990281701087952 -2.4505844116210938 -1.4963724613189697 -0.9161708354949951 -0.10444242507219315 -0.2353493869304657 -1.410688877105713 -0.6680791974067688 0.14493028819561005 2.223644971847534 -1.5820868015289307 -2.002408266067505 0.49468690156936646 2.7051689624786377 -0.2063181847333908 -1.4645953178405762 
-0.840260922908783 0.661875307559967 1.0876191854476929 1.3303632736206055 0.023188317194581032 1.9387073516845703 0.025950945913791656 -0.11548119783401489 -0.2747456133365631 0.9836623072624207 -1.4866971969604492 -1.4673151969909668 -2.09775710105896 -0.42499980330467224 -0.2256336659193039 0.03992374986410141 1.2464226484298706 -1.3059862852096558 1.5774095058441162 1.5146044492721558 -1.1959550380706787 -0.5588143467903137 -0.5746039152145386 1.6943004131317139 -1.154054880142212 -0.6162325739860535 3.5064404010772705 0.40875154733657837 1.0238709449768066 -0.163847878575325 
-2.1373586654663086 1.3423926830291748 -0.40251028537750244 -0.00018369083409197628 -0.08748288452625275 0.41611048579216003 0.9968615174293518 0.18457111716270447 -0.7862949967384338 -0.7448570728302002 -0.837518572807312 0.2407929003238678 0.13536478579044342 0.7412305474281311 1.0651189088821411 -0.7187612652778625 1.1408483982086182 -0.4164287745952606 1.6269879341125488 0.8045585751533508 0.4808814525604248 1.1561914682388306 0.42129871249198914 0.6528931856155396 0.746818482875824 -0.024834271520376205 0.001659192144870758 0.2718544602394104 -0.09365102648735046 0.0022367096971720457 
-0.4004995822906494 1.4107770919799805 0.6512772440910339 1.4338215589523315 0.3153884708881378 1.4793658256530762 -1.5120271444320679 0.30961379408836365 -0.5474474430084229 0.2953202724456787 -2.1303529739379883 0.062426138669252396 -0.7651359438896179 -0.218283548951149 1.241839051246643 0.7764134407043457 -0.20753167569637299 -0.8574186563491821 0.8340203166007996 1.6890052556991577 -0.6054949760437012 0.256086528301239 -1.2398957014083862 0.1381905972957611 -0.8590646982192993 -0.2505169212818146 2.3677384853363037 0.6714173555374146 0.4428742229938507 0.5093598961830139 
-0.7722662687301636 1.5728970766067505 -0.24932587146759033 1.6195918321609497 -0.03816818818449974 1.065737247467041 -0.30717605352401733 1.0774604082107544 -0.18938592076301575 1.577939748764038 -1.6774671077728271 -0.8272382616996765 -1.3841676712036133 -0.29795005917549133 -0.5499028563499451 -0.3825647234916687 0.23376509547233582 -1.1518269777297974 0.7055301666259766 1.2093818187713623 -0.20128287374973297 -1.3491572141647339 -1.180295467376709 0.4044691026210785 -1.3941352367401123 -0.4357106387615204 2.5870940685272217 0.0076975529082119465 0.4916379451751709 -0.02007243223488331 
-1.6741575002670288 -1.4940736293792725 -0.2911534607410431 0.6419364809989929 0.6180071234703064 1.8741389513015747 -1.9668949842453003 -1.9409607648849487 0.8225269913673401 -0.9456788301467896 0.32715359330177307 0.14914540946483612 -0.18013997375965118 -1.3019664287567139 1.0915452241897583 0.22854699194431305 0.13733093440532684 0.35432538390159607 1.5547598600387573 1.3936080932617188 -0.46660947799682617 0.9755831360816956 -1.6303907632827759 0.5343502759933472 -0.27220019698143005 -0.43862277269363403 -0.3798387050628662 0.015695806592702866 -0.6172053217887878 0.49348971247673035 
-0.1406266838312149 0.25789979100227356 -1.435630202293396 1.9134865999221802 -0.4858335852622986 0.8587056994438171 0.08114513754844666 0.6198829412460327 1.2211984395980835 1.3412339687347412 -0.3881855905056 -1.8128342628479004 -1.8350621461868286 0.8128530979156494 -0.10498595982789993 -0.586998462677002 -0.9030908942222595 0.1619633138179779 -0.36250969767570496 0.17743456363677979 -1.1481211185455322 -0.9068529009819031 0.214237779378891 0.8889265060424805 -1.760217547416687 -0.052635662257671356 1.2547770738601685 3.0752415657043457 0.10804104059934616 -0.6427439451217651 
-0.4883863627910614 -1.0560047626495361 0.5893533825874329 1.0897194147109985 0.32242968678474426 1.7243010997772217 0.4202973246574402 -0.19623981416225433 -0.4979877471923828 -1.6272541284561157 0.4411180913448334 -0.5524628758430481 -0.813139021396637 0.940355122089386 1.6863617897033691 1.3379626274108887 -0.24312695860862732 0.6975587010383606 0.2087642401456833 2.2429795265197754 -0.4156605303287506 0.24986985325813293 0.5319339632987976 -0.14495450258255005 -1.4516938924789429 -0.4561421275138855 0.15334157645702362 -0.3525581955909729 0.4601055383682251 -0.10609099268913269 
-1.2619303464889526 0.18634659051895142 -0.8368133902549744 0.7227550745010376 -0.3673644959926605 0.4468769133090973 0.16731411218643188 0.1259099543094635 -1.1775753498077393 -1.4536365270614624 0.33730030059814453 -0.640694797039032 0.06369437277317047 0.652167797088623 1.0206139087677002 0.8574217557907104 -0.06473550200462341 0.6013469696044922 -0.5332759618759155 1.3542340993881226 0.23724880814552307 0.010028012096881866 0.5718364119529724 -1.2911304235458374 -0.3223913908004761 0.37331056594848633 0.08721347153186798 -0.7254990339279175 -0.1982136070728302 -0.24643993377685547 
-1.029335856437683 2.339218854904175 -0.3224391043186188 0.9990879893302917 -1.0270296335220337 0.32828646898269653 -0.8906131982803345 1.1278042793273926 -0.39054253697395325 0.7878056764602661 -2.302643060684204 0.010214422829449177 -2.8113975524902344 -0.9546512961387634 0.39804941415786743 0.8815681338310242 0.049951039254665375 -1.7309696674346924 0.5868999361991882 1.9008311033248901 -0.2944135367870331 0.22120574116706848 -1.4602177143096924 -0.46559056639671326 -1.0098158121109009 1.2397972345352173 3.1544389724731445 -0.3617590665817261 0.05421578139066696 0.4946412146091461 
0.6648997664451599 0.6181463599205017 0.41920870542526245 -0.7432540655136108 0.14731797575950623 -1.1649222373962402 0.059122927486896515 0.3335421681404114 -0.3066155016422272 0.3042844235897064 -0.2909708321094513 0.6586458683013916 0.6675699949264526 -0.44627851247787476 -0.7898675203323364 0.4559471309185028 -0.6578598618507385 -0.5252639055252075 -1.0101573467254639 -0.7843044400215149 0.543460488319397 0.14519557356834412 -0.09542008489370346 -0.23497888445854187 1.202445387840271 -0.26015278697013855 -0.41437166929244995 -0.6030411124229431 -0.2589546740055084 0.14325721561908722 
-1.7091107368469238 1.2444247007369995 0.4109240174293518 0.6319941878318787 -0.14524786174297333 0.34480932354927063 -1.9407289028167725 0.39137300848960876 0.4329308569431305 0.8448665142059326 -1.0319108963012695 0.09712725132703781 -0.2321491688489914 -2.944911241531372 -0.3424791693687439 0.6429675817489624 0.49059590697288513 -2.0853846073150635 0.7409659624099731 0.960662841796875 0.5362356901168823 0.7428606748580933 -2.894313097000122 1.2560876607894897 0.8193827271461487 0.07358744740486145 1.409378170967102 0.9708585739135742 -0.5414795875549316 0.4329039454460144 
0.4684063494205475 -1.5899560451507568 3.031249523162842 0.10741038620471954 -0.6547890901565552 -0.340241402387619 0.42357203364372253 0.2819201350212097 1.3221715688705444 -0.8459235429763794 0.2648739516735077 -1.6500122547149658 -1.338440179824829 0.23554033041000366 -1.1953318119049072 -0.6367135643959045 0.021823227405548096 -0.6019564867019653 -0.11543930321931839 -1.942779541015625 -0.33764001727104187 -0.5159600377082825 0.14536073803901672 0.6521137356758118 -2.1816344261169434 0.9890713691711426 -0.7645920515060425 1.4261234998703003 0.8478723168373108 -1.6814568042755127 
-0.6767463684082031 0.13929849863052368 -1.0770200490951538 1.1893084049224854 -0.11972013860940933 0.10863201320171356 0.4017057716846466 0.6006852388381958 -0.16641750931739807 -0.42982304096221924 0.13454104959964752 -0.8402941823005676 0.01714673824608326 0.5698477029800415 0.4296639561653137 0.5235455632209778 0.20982280373573303 -0.036588676273822784 -0.338495671749115 0.8789016604423523 0.28634560108184814 -0.04658934101462364 0.3015568256378174 -0.6159634590148926 -0.25446146726608276 0.23321087658405304 0.3844796419143677 0.20691341161727905 -0.1100863441824913 -0.16412432491779327 
0.7184469103813171 -0.7301450967788696 0.4961567521095276 -0.2897401750087738 0.3614843487739563 1.390634536743164 -0.852963387966156 -1.3377841711044312 1.1489096879959106 -0.27615275979042053 0.27820828557014465 0.01733449473977089 -0.379480242729187 -0.6002450585365295 0.615324854850769 -1.0344836711883545 0.038117293268442154 0.5949140191078186 1.4772003889083862 -0.05967772752046585 -0.44731730222702026 0.8655076026916504 -0.2703119218349457 1.7646337747573853 0.4139654040336609 -0.5346028208732605 -0.1552649587392807 1.160506248474121 0.43414241075515747 -0.13727407157421112 
-1.5636416673660278 -0.9933076500892639 1.075358271598816 1.3209975957870483 0.057691577821969986 0.9885562062263489 0.2016647905111313 0.25712698698043823 -1.5271373987197876 -1.7384074926376343 0.3664643168449402 -1.3263530731201172 -1.47823166847229 0.36521482467651367 1.7832012176513672 1.3577258586883545 -0.14504386484622955 0.012686782516539097 -1.0540151596069336 2.8115336894989014 -0.326463907957077 -0.09604496508836746 -0.07100973278284073 -0.9686228036880493 -1.8890115022659302 0.23673292994499207 0.6565650701522827 -1.8406078815460205 0.5402229428291321 -0.34452494978904724 
-2.8872392177581787 1.2590651512145996 0.20314104855060577 1.039975643157959 -0.19657669961452484 0.7798108458518982 -1.2962831258773804 -0.010988831520080566 -0.6685439348220825 -1.3589345216751099 -0.7195860743522644 -0.5148500800132751 -1.0569838285446167 -0.8150995969772339 0.8218637704849243 -0.056403931230306625 -0.12187368422746658 -1.561549425125122 0.169389545917511 1.8038691282272339 -0.44293633103370667 0.6029226183891296 -1.17134428024292 1.349831461906433 -0.06090862303972244 -0.03850577026605606 1.3693186044692993 0.33331921696662903 0.18893757462501526 -0.019925542175769806 
0.942747950553894 -1.3061327934265137 -0.626163125038147 0.3262661099433899 -0.5010225176811218 0.4045168161392212 -1.3037147521972656 -0.013262143358588219 0.12336340546607971 0.2492433339357376 0.36301419138908386 -0.4417085349559784 -0.6478301286697388 -0.9991025924682617 -0.12120093405246735 0.5976794362068176 -0.9281561970710754 0.19536930322647095 0.19498558342456818 -0.8471604585647583 -0.3227134943008423 -0.2108861356973648 -1.4881223440170288 -0.1845795065164566 -1.1364026069641113 1.2468942403793335 0.04748717322945595 -0.2546602487564087 -1.0655853748321533 0.46246129274368286 
1.6199300289154053 0.050429817289114 1.1215661764144897 -0.8451603651046753 0.47562330961227417 0.012117213569581509 0.16110406816005707 0.3188319206237793 0.4165958762168884 1.0504449605941772 0.20676586031913757 0.989432156085968 0.324236661195755 -0.3585198223590851 -0.5899331569671631 0.4741787612438202 0.02808227576315403 0.42236408591270447 0.6499861478805542 -1.3119187355041504 0.39569875597953796 0.09029794484376907 0.21089249849319458 0.6225823760032654 0.8367471098899841 0.791799008846283 0.14706209301948547 0.24026091396808624 0.5135365724563599 0.6583037972450256 
-2.143625020980835 0.8159253001213074 -0.2609776258468628 1.016446590423584 -0.8979888558387756 0.47696954011917114 -0.510260820388794 0.8744714856147766 -1.0938907861709595 -0.34951525926589966 -0.20331604778766632 -0.6504220962524414 -0.6099148988723755 -0.5850942134857178 0.47201836109161377 1.123425841331482 0.4808211028575897 -0.4641459584236145 0.3932969868183136 1.689854621887207 0.4073641300201416 -0.7910500764846802 -1.113020658493042 -0.33233779668807983 -1.2633626461029053 0.2989042103290558 1.431907057762146 -0.7964615821838379 -0.4073031544685364 0.02025715261697769 
-1.0986040830612183 -0.8961801528930664 -0.7762249112129211 0.6503420472145081 -0.6039310097694397 0.21004542708396912 -0.13553711771965027 0.42826852202415466 -0.9169682264328003 -1.0203461647033691 0.5342792272567749 -0.6800631284713745 -0.055973753333091736 -0.0035680122673511505 0.4566352367401123 1.147789478302002 -0.34954753518104553 0.8016775846481323 -0.6005247831344604 0.6758646965026855 0.04963584244251251 -1.243949294090271 -0.2534714639186859 -1.7800145149230957 -1.7507457733154297 0.38165009021759033 0.10698392987251282 -1.4019514322280884 -0.5933699011802673 -0.02568531036376953 
0.03184155002236366 0.9406648278236389 0.1679491400718689 -0.5970442295074463 0.5734441876411438 -0.10424690693616867 -0.35697638988494873 -0.1992487758398056 -0.8095152974128723 0.20265188813209534 -0.029598716646432877 0.9145780205726624 0.6849492788314819 -0.5793488621711731 0.02706010267138481 0.8891326785087585 -0.31382906436920166 -0.030383873730897903 -0.468903511762619 0.7182260155677795 0.8164597153663635 0.4718950688838959 -0.1884283423423767 -0.15196436643600464 1.364968180656433 -1.0016844272613525 0.0725274533033371 -0.43583598732948303 -0.06946111470460892 0.7191076278686523 
-0.03851485252380371 1.9011269807815552 -0.9090223908424377 0.8895334005355835 0.5933624505996704 -0.6728900671005249 0.4659494161605835 1.4573545455932617 1.2837762832641602 2.94730281829834 -0.7351244688034058 -0.10332135111093521 0.41709843277931213 -0.16531787812709808 -1.348465085029602 -0.15199576318264008 -0.6613407731056213 -2.159440040588379 -0.3819330632686615 0.31122887134552 0.9032729864120483 -0.2946259677410126 0.14199836552143097 1.0907843112945557 0.622103214263916 -0.8517850637435913 0.3662548065185547 0.5184531211853027 -0.429412841796875 0.49046242237091064 
-0.8807287812232971 -0.614504337310791 0.42175814509391785 1.1435620784759521 0.2920857071876526 1.683801293373108 0.2509738504886627 -0.12198218703269958 -0.546661376953125 -1.5268949270248413 0.4340263605117798 -0.4892919957637787 -0.7952867150306702 0.5052126049995422 1.480567216873169 1.1514053344726562 0.0976436510682106 0.8450419902801514 0.21046382188796997 1.9404582977294922 -0.441442608833313 -0.027810849249362946 0.43884673714637756 -0.17523689568042755 -1.2541847229003906 -0.3012158274650574 0.2416037768125534 -0.5298714637756348 0.5309730768203735 0.15716101229190826 
-0.7769900560379028 -1.3788899183273315 0.43697884678840637 1.8733243942260742 -0.7912324666976929 0.7255911827087402 0.7209210991859436 0.08270236849784851 -0.5131222009658813 -1.6440283060073853 0.7575591802597046 -1.3611178398132324 -0.9862549901008606 1.4383026361465454 1.656908392906189 0.9407588243484497 -0.02321889065206051 1.0239408016204834 -2.0063271522521973 2.912438154220581 -0.41652941703796387 -1.1117805242538452 1.1432960033416748 -1.1873061656951904 -2.571866273880005 -0.6223976612091064 0.35931846499443054 -0.07942108809947968 0.5591662526130676 -0.38621973991394043 
-0.14155761897563934 -0.07399947941303253 -0.41356217861175537 -0.1484987586736679 -0.10411891341209412 0.012339760549366474 -0.15989577770233154 0.1904834657907486 0.2462572306394577 -0.1525014340877533 0.26074883341789246 -0.23032896220684052 -0.02452361024916172 -0.15577088296413422 0.11245587468147278 0.003805088112130761 -0.030213408172130585 -0.011955693364143372 0.25321534276008606 0.03569556400179863 0.18468785285949707 0.2973935306072235 -0.014720597304403782 -0.11047296971082687 0.05217398703098297 0.227633535861969 0.16496925055980682 -0.02090645395219326 0.007287426386028528 0.035389289259910583 

-1.4370708465576172 1.2160125970840454 0.8033462166786194 -1.6109330654144287 1.5563889741897583 1.397573709487915 -1.0979701280593872 1.018967628479004 1.4495238065719604 -1.6453741788864136 -1.460178017616272 2.0372793674468994 -0.8713611960411072 -2.139296531677246 1.039335012435913 -1.4804774522781372 1.6424938440322876 -0.2926226854324341 0.9297634959220886 2.5663528442382812 -1.3118051290512085 -1.2863984107971191 1.4510911703109741 -1.4967950582504272 -1.252821445465088 0.9220008254051208 1.7721457481384277 1.590123176574707 1.937180519104004 -0.0012718264479190111 
BIAS:
0.8694785833358765 -0.7282087206840515 -0.8748917579650879 1.1261645555496216 0.02898496575653553 1.3269453048706055 0.5892331600189209 -0.13311469554901123 0.3735876977443695 -0.5295574069023132 0.7348043918609619 -0.6488708853721619 -0.49854862689971924 0.9014927744865417 1.2342066764831543 0.9769129157066345 -0.8786795735359192 0.920680582523346 -0.16920629143714905 1.0232946872711182 -0.7832099199295044 -0.7158441543579102 0.9221554398536682 -0.6176101565361023 -1.7425167560577393 -0.02520214393734932 0.31278401613235474 0.15420664846897125 0.19487275183200836 -0.14327646791934967 

0.4668711721897125 -0.06644243001937866 -0.0663808137178421 0.2619835138320923 -0.5177053213119507 -0.6153302788734436 0.022469140589237213 0.09101981669664383 -0.33020585775375366 0.1433786153793335 0.08345979452133179 0.5543529391288757 0.41477569937705994 -0.7281347513198853 0.2699040174484253 -0.2961828410625458 -0.3302946090698242 0.22085493803024292 0.07255224138498306 0.1971445232629776 -0.5812586545944214 0.15097516775131226 -0.08971306681632996 0.07688907533884048 0.5062550902366638 0.22965270280838013 0.33667653799057007 0.34435492753982544 0.6171823143959045 -0.04265446960926056 

0.12577785551548004 