2
4                  50                  50                  1
7.9462738037109375 0.7676657438278198 0.5171197652816772 185.2633056640625 
-0.8327097296714783 -1.4346227645874023 0.10144034028053284 55.98910140991211 
0.3957952558994293 
3.1090286229426533e-24 
WEIGHT:
-0.3803751766681671 -0.5401229858398438 -1.337755560874939 1.4391489028930664 
-0.07052404433488846 4.216477394104004 -1.7920749187469482 1.5033526420593262 
0.17088691890239716 1.5788780450820923 0.031713441014289856 -1.0348496437072754 
0.8876227140426636 -0.5261862277984619 -4.141256332397461 -3.023817777633667 
1.0549280643463135 -0.8617992997169495 -1.122391939163208 0.6347377300262451 
3.1289520263671875 -1.5479629039764404 2.169663190841675 2.215794801712036 
-1.1495482921600342 1.182593822479248 -1.636499047279358 1.0202457904815674 
-0.3741112947463989 0.5811059474945068 0.9063995480537415 1.7804101705551147 
0.8065204620361328 -0.5610954761505127 -1.6149653196334839 0.5465858578681946 
-0.98026442527771 -1.1120108366012573 1.1737507581710815 0.3153702914714813 
-0.37539777159690857 0.8728632926940918 1.7952320575714111 -0.28677213191986084 
0.5325790047645569 -0.6335411071777344 0.6860271096229553 -0.4549298584461212 
-0.9368171095848083 0.8635899424552917 -2.2572147846221924 -0.3028692603111267 
-0.374540776014328 -0.5863759517669678 -1.828658103942871 -1.564044713973999 
2.0631556510925293 1.4754551649093628 -1.5773205757141113 1.2723090648651123 
2.399629831314087 -0.5363006591796875 0.7375363111495972 -0.9838492274284363 
2.8588743209838867 1.8697311878204346 -1.7028909921646118 -0.5884661674499512 
-0.6901792287826538 0.5301374197006226 2.185990810394287 0.8580730557441711 
-2.831780433654785 2.029195785522461 -0.6555574536323547 -0.694681704044342 
2.0630290508270264 -1.3431658744812012 2.002514123916626 -2.4680562019348145 
-0.5559981465339661 -1.7941982746124268 4.344852924346924 -0.11787281185388565 
-0.18409016728401184 -0.5612945556640625 -1.1008527278900146 -1.8889776468276978 
1.199753999710083 -1.0025050640106201 -2.6744654178619385 -0.5310883522033691 
0.1951162964105606 -0.41808778047561646 -0.9479880928993225 0.8038344979286194 
0.9878033399581909 -0.014937208034098148 0.8940544128417969 -0.7930891513824463 
-0.7533905506134033 0.7552351355552673 0.46722984313964844 0.09662342071533203 
1.888993740081787 0.961188018321991 1.8008341789245605 0.18243195116519928 
0.3529176712036133 -0.5641127228736877 0.2588746249675751 1.3901337385177612 
-1.0684537887573242 2.010690927505493 1.208502173423767 1.103191614151001 
-0.020438581705093384 -0.08473339676856995 0.44062861800193787 -1.8482164144515991 
-0.6900984644889832 0.5098872780799866 -0.5035713315010071 -1.1284568309783936 
0.8164863586425781 1.686163067817688 -1.1599355936050415 1.0225943326950073 
1.8550865650177002 1.3168238401412964 -0.4684445261955261 0.9702165722846985 
-0.7155395150184631 1.3673851490020752 -1.8728891611099243 0.840877890586853 
0.9948962926864624 -1.1585378646850586 -1.1460707187652588 1.077011227607727 
-0.3677065968513489 0.3155025243759155 -1.95409095287323 -0.012621335685253143 
-0.08064237982034683 -0.07795152068138123 -0.30963587760925293 0.7453648447990417 
2.170337438583374 -0.7343941926956177 -0.7598960995674133 -0.8920204639434814 
-0.9836744666099548 0.8709215521812439 0.5030930638313293 0.190767303109169 
-1.7981380224227905 -0.7151466012001038 -0.8623828291893005 1.2627344131469727 
-0.1251710057258606 1.6574050188064575 -0.0017735363217070699 -0.12752623856067657 
-0.3839990794658661 -0.258314311504364 0.7450276017189026 -0.3987051844596863 
0.8690258264541626 -1.0297493934631348 0.9811676740646362 -2.276177406311035 
2.182095766067505 1.1619030237197876 1.8903733491897583 0.8514055013656616 
0.6214675903320312 0.03560470789670944 0.6317797899246216 -0.7260543704032898 
2.6403658390045166 0.9016311168670654 0.1981717199087143 2.2698493003845215 
1.7000279426574707 -1.2953755855560303 -2.2935285568237305 0.015489448793232441 
-1.0366424322128296 -0.10183566063642502 0.5402237176895142 -1.4849234819412231 
-0.6444356441497803 0.801371693611145 -0.8534377217292786 0.09427575767040253 
2.4521756172180176 -0.8831438422203064 3.593897581100464 1.7820990085601807 

-0.5131226778030396 0.04649652540683746 0.7354199290275574 0.16953015327453613 -0.5941540002822876 0.41080668568611145 0.04816563054919243 0.2705518305301666 -0.6627111434936523 0.31032997369766235 0.4716256260871887 0.13206489384174347 -0.9735584259033203 -0.5409684777259827 -0.4262637495994568 0.7083731293678284 0.22546401619911194 1.5973854064941406 0.363911896944046 0.4057583212852478 0.5342680215835571 -0.4596077501773834 -2.441678762435913 -0.17089572548866272 0.616386890411377 0.4313199520111084 -0.012102948501706123 -0.008125882595777512 0.848543643951416 0.38124504685401917 0.20160649716854095 -0.0941319540143013 0.05863479524850845 -0.6390227675437927 -0.5493338704109192 -0.41260698437690735 -0.1025034710764885 -0.41666078567504883 0.5857146382331848 -0.19508633017539978 0.11188904941082001 0.20369283854961395 0.4111216068267822 0.16450171172618866 0.16144698858261108 -0.39877796173095703 -1.59147047996521 0.16035093367099762 -0.6388954520225525 1.2244874238967896 
-0.31191202998161316 -0.03901265561580658 0.296369731426239 -0.7882684469223022 -0.15526388585567474 0.5479460954666138 0.3348996937274933 0.3330869972705841 -0.07602083683013916 0.17720694839954376 0.10506255179643631 0.09041665494441986 -1.0874645709991455 -0.5829344987869263 -0.5713167786598206 0.6459004282951355 -0.7964696884155273 0.3460770845413208 -0.8390428423881531 1.0164333581924438 0.2678777575492859 -0.24187235534191132 -1.399906873703003 -0.49548882246017456 0.5570887923240662 -0.04749360680580139 1.3916348218917847 0.47073403000831604 0.1887706220149994 -0.09896189719438553 -0.10992231220006943 -0.40110474824905396 -1.0906718969345093 -0.28865328431129456 -0.2380513697862625 -0.9655919075012207 -0.2421039640903473 -0.5022755861282349 0.08927404880523682 -0.6067885756492615 0.45893168449401855 -0.08496101200580597 0.3421013355255127 1.1309198141098022 0.1815033107995987 0.07675635814666748 -0.9200119972229004 -0.13859422504901886 0.015477553009986877 0.6638256311416626 
-0.4697553515434265 -0.7769271731376648 0.4541417360305786 -2.4335713386535645 -0.40564626455307007 0.01191793568432331 -0.23647980391979218 0.13145582377910614 -0.047361407428979874 0.03303105756640434 -0.09947706013917923 0.23455873131752014 -1.238632321357727 -0.33112502098083496 -0.6003860831260681 0.2844572365283966 -0.43012499809265137 0.7523274421691895 -0.288444459438324 0.5887051820755005 0.2982824444770813 -0.31244274973869324 -2.420881986618042 -0.3927890360355377 0.691967785358429 0.04664342850446701 0.5695327520370483 0.09012128412723541 -0.4360755681991577 -0.3222981095314026 -0.08378379046916962 -0.20071066915988922 -0.6862006783485413 -1.4050885438919067 -0.46382269263267517 -0.8567609190940857 -0.28381937742233276 -0.2310371994972229 0.15609484910964966 -0.3367365896701813 0.19265027344226837 0.23235926032066345 -0.5432820916175842 0.4106142222881317 0.07620997726917267 0.12133495509624481 -1.1242866516113281 0.11189217865467072 -1.1328023672103882 1.6110661029815674 
0.09752927720546722 0.03834512084722519 0.0105043426156044 -0.0395260825753212 -0.14111654460430145 -0.04322317615151405 0.06197294592857361 0.14669346809387207 -0.06680134683847427 0.014555912464857101 -0.08352366089820862 0.01626199297606945 -0.03374230116605759 -0.0294553954154253 0.060729335993528366 -0.08980192989110947 0.07316228002309799 -0.20451155304908752 0.26288047432899475 0.1410718858242035 -0.0009660335490480065 -0.07452590763568878 0.20602433383464813 -0.059135552495718 -0.12484446913003922 -0.09095688909292221 0.020659327507019043 0.07540863752365112 0.07033102959394455 -0.06679246574640274 -0.09713683277368546 0.05949050188064575 -0.14332549273967743 -0.12113315612077713 0.02853340469300747 -0.11827326565980911 -0.13937179744243622 0.09976387768983841 0.131195530295372 -0.0888054147362709 0.003879793453961611 0.0681033656001091 -0.0856243371963501 -0.08739118278026581 0.10807395726442337 -0.004621058236807585 0.04908764362335205 0.02369469776749611 -0.2013143002986908 0.10881474614143372 
-0.6907385587692261 -2.0872063636779785 0.6050810217857361 -7.111882209777832 0.23619967699050903 -1.3299204111099243 0.35906529426574707 -1.7289760112762451 0.5396491289138794 -0.5880160331726074 -0.42491185665130615 0.38341349363327026 -0.3672267496585846 1.333950400352478 -0.5183068513870239 2.264279365539551 -1.3578875064849854 -1.2407100200653076 -0.24603791534900665 0.7042220830917358 -0.36886468529701233 1.58990478515625 -0.965057373046875 -0.6486307978630066 2.087918996810913 -0.6857928037643433 1.2217131853103638 -1.5352703332901 -1.1290595531463623 -0.060429610311985016 0.12926045060157776 0.3087318539619446 -0.7452806234359741 -0.18549132347106934 0.5341173410415649 -1.1181576251983643 -0.9008235931396484 -0.23689697682857513 -0.5859386920928955 -1.2955931425094604 -0.24498982727527618 0.2262881100177765 0.502711296081543 0.626576840877533 -0.2288319617509842 -1.7361388206481934 0.6646591424942017 -0.21441973745822906 -0.9168059229850769 -2.7908642292022705 
-0.9331133961677551 0.25518831610679626 -0.2451080083847046 -0.6219224333763123 -0.5905048251152039 -1.1654680967330933 -0.3655146658420563 -1.689955472946167 -0.07258816063404083 -0.24374622106552124 0.09588623046875 0.6784581542015076 -1.0039299726486206 0.3432021141052246 0.2295176088809967 1.089159607887268 0.43778854608535767 -0.5699293613433838 -0.20780830085277557 0.47526347637176514 0.17585603892803192 -0.26845401525497437 -0.11512362957000732 -0.535498857498169 1.0997724533081055 -0.3231508135795593 0.6054354906082153 -1.4104907512664795 -0.2250109761953354 0.38238802552223206 0.3681182563304901 0.29611825942993164 1.0079231262207031 -0.7338694334030151 -0.07946090400218964 -0.5641371011734009 -0.5415910482406616 0.5917011499404907 0.09610971808433533 -0.4310144782066345 0.28558212518692017 0.5169629454612732 0.6842010617256165 0.18286988139152527 0.25512340664863586 0.7243937253952026 -0.437313973903656 0.4086412191390991 -1.0614680051803589 -2.0391123294830322 
0.27022677659988403 0.07678626477718353 0.0841439962387085 0.28167909383773804 0.19134555757045746 0.3009946644306183 0.4712121784687042 -0.31952935457229614 0.2618098556995392 -0.3933403789997101 -0.26863789558410645 -0.3008420765399933 0.4870136082172394 0.35275736451148987 0.10424500703811646 1.5053932666778564 0.745625376701355 -0.5928897261619568 0.044784922152757645 -0.380337119102478 -1.0062766075134277 0.5429297685623169 0.5474658608436584 0.12072207033634186 -0.08403412997722626 -0.2457512766122818 -0.19614747166633606 -0.19044913351535797 -1.3042726516723633 0.11148985475301743 0.6382845640182495 0.30000224709510803 -0.009515363723039627 0.11379840970039368 0.3553299903869629 0.38303256034851074 0.019255880266427994 0.8892552256584167 -0.5605176687240601 1.162495493888855 -0.01973000168800354 -0.42884960770606995 0.7551066875457764 -0.7813138365745544 -0.30452466011047363 0.1501830667257309 0.59935462474823 -0.18468381464481354 0.36057284474372864 -0.024187104776501656 
-0.04776367172598839 0.6085570454597473 0.6724370121955872 -0.8175762295722961 -0.00770724518224597 0.31705325841903687 0.19150474667549133 0.3924520015716553 -0.5887465476989746 0.3808664083480835 0.4795616865158081 -0.01878439262509346 -0.1214640736579895 -0.8072401881217957 -0.28352469205856323 0.7617982625961304 -0.13081681728363037 0.8698914647102356 0.0739305317401886 1.3431793451309204 0.33206167817115784 -0.34017738699913025 -0.9509506225585938 0.13304531574249268 0.7947443723678589 0.46647214889526367 0.6140438914299011 0.24227043986320496 0.8417186737060547 0.454328715801239 -0.24540536105632782 -0.257755309343338 0.12878963351249695 0.15146486461162567 0.0296933576464653 -0.019841231405735016 0.07844700664281845 -0.6643811464309692 0.48692786693573 0.06987164914608002 0.0413023866713047 -0.05864780396223068 0.5974332094192505 0.5141833424568176 0.434077650308609 0.5155813694000244 -0.3803916275501251 0.016793962568044662 0.19942258298397064 0.5080788731575012 
0.13143453001976013 0.07091760635375977 -0.11962836235761642 0.08959949761629105 -0.16639742255210876 -0.06697304546833038 -0.12989045679569244 -0.06505744159221649 0.055517904460430145 -0.039445724338293076 -0.08161153644323349 -0.21593999862670898 0.05005131661891937 -0.19963407516479492 -0.047866735607385635 -0.009965975768864155 -0.05127561837434769 -0.10490043461322784 0.07345236092805862 0.11277291178703308 0.02914389781653881 -0.006557868793606758 -0.01789822243154049 -0.1118873730301857 -0.034152328968048096 -0.02694990299642086 -0.09513847529888153 0.11623603850603104 0.10654526948928833 -0.10819119960069656 -0.048925962299108505 0.18065893650054932 -0.010432582348585129 -0.19793681800365448 -0.10016428679227829 0.036847855895757675 -0.055659059435129166 0.03855214640498161 0.016148272901773453 0.04610971733927727 0.08230369538068771 -0.09283129870891571 -0.009166921488940716 -0.007913615554571152 0.06854838877916336 0.027139874175190926 0.09750290960073471 0.0658826008439064 -0.08330744504928589 0.13817773759365082 
-0.2762407064437866 -1.1955511569976807 0.08312520384788513 -1.8923670053482056 -0.16236671805381775 3.052595376968384 0.16280405223369598 0.060705579817295074 -0.19492176175117493 -1.8011951446533203 -0.37750503420829773 -0.9581491351127625 -1.9494296312332153 0.3713209927082062 -2.4361648559570312 2.3932347297668457 -0.2292940616607666 -0.9833109378814697 -3.9089670181274414 1.0104659795761108 -0.7575786709785461 0.2526395618915558 -1.066932201385498 -0.8099098205566406 1.6613699197769165 -0.5067726373672485 1.2930692434310913 0.4481394290924072 -0.9200766682624817 -0.4804930090904236 0.5304327607154846 -1.446205973625183 0.6723808646202087 -2.31958270072937 -0.2298187017440796 -1.4347141981124878 -0.6418607234954834 0.6587165594100952 -0.8308066129684448 0.33427220582962036 0.9622186422348022 -1.9016540050506592 -0.23519615828990936 1.3841222524642944 -0.3301560878753662 0.8948458433151245 -0.8676919937133789 -0.9476040005683899 -0.5966575741767883 2.2043514251708984 
-0.013958451338112354 0.3507940471172333 -0.7199971675872803 0.11852560192346573 -0.073113352060318 -0.30139783024787903 -0.1782773733139038 -0.8970056772232056 0.27707844972610474 -0.4530196785926819 -0.45660194754600525 -0.03349811211228371 0.5161451697349548 0.21867944300174713 0.5021727085113525 0.2629900872707367 1.4151066541671753 -0.4189999997615814 -1.0034111738204956 -1.2502864599227905 -0.7611904740333557 0.29745256900787354 0.20609606802463531 0.01544585544615984 -0.2918326258659363 -0.6081004738807678 0.2862475514411926 -0.4557356536388397 -0.6555368900299072 -0.3362908363342285 0.06718741357326508 0.704552173614502 0.7373755574226379 0.4610559940338135 0.05842093750834465 0.1004532128572464 -0.15908564627170563 0.3779132664203644 -0.859755277633667 0.6347612738609314 0.5678377747535706 -0.011131723411381245 -0.2105952352285385 0.03390812128782272 -0.9906037449836731 0.5187722444534302 0.20556822419166565 -1.5136946439743042 0.5074140429496765 -0.5578686594963074 
0.14189653098583221 -0.07579169422388077 0.16031238436698914 -0.045616310089826584 -0.03534618765115738 -0.08867644518613815 0.025722188875079155 0.01021476462483406 -0.1499413549900055 0.033060770481824875 0.09764425456523895 -0.08159366250038147 -0.020215453580021858 0.003200675593689084 -0.02739601396024227 -0.0909135565161705 0.03476613759994507 0.06868636608123779 -0.039367061108350754 -0.06931573897600174 -0.026841146871447563 0.07272202521562576 0.08122928440570831 -0.14997835457324982 -0.057979486882686615 0.07170337438583374 0.022695213556289673 0.02209603600203991 -0.10042031109333038 -0.10526715219020844 0.04712977632880211 0.004660835489630699 -0.04146239161491394 0.054948460310697556 0.10613207519054413 0.06320376694202423 -0.09058716893196106 -0.049492865800857544 -0.169096440076828 -0.02558724768459797 0.006058898754417896 0.06898879259824753 0.18765898048877716 -0.020770547911524773 0.08447067439556122 0.0964289978146553 0.03364548459649086 -0.10324554890394211 -0.04992862790822983 0.08743037283420563 
0.5381446480751038 0.9892837405204773 2.2115554809570312 -0.7294188737869263 -3.0917391777038574 -0.6049964427947998 2.642221450805664 -2.631988048553467 -1.550884485244751 -2.9403152465820312 -0.4357481896877289 0.6738013029098511 1.3761556148529053 0.6450035572052002 0.24268144369125366 0.27372655272483826 2.8389906883239746 -0.33470436930656433 2.1460835933685303 0.8796036839485168 -1.0796828269958496 -3.0183279514312744 -1.4518136978149414 -1.9659233093261719 2.9014182090759277 -0.25287169218063354 1.5911072492599487 -1.2928918600082397 -2.685803174972534 -0.4312034249305725 0.7931854128837585 2.571402072906494 1.3369749784469604 1.8267008066177368 -3.2466886043548584 -1.2545477151870728 -1.2778443098068237 -1.3151737451553345 -0.9431536197662354 1.1630364656448364 13.828668594360352 0.43388670682907104 -0.8519494533538818 0.48222824931144714 -0.397190660238266 -0.840103030204773 -2.3195512294769287 -0.5395722985267639 0.8818549513816833 1.5208841562271118 
-0.4931943118572235 -0.18666328489780426 0.7827634811401367 0.30770421028137207 -0.1853574961423874 0.41366493701934814 -0.5697057247161865 0.3194391429424286 -0.7588455677032471 -0.08605971932411194 0.48913145065307617 -0.48583996295928955 -0.2448403388261795 0.1726505011320114 -1.0057471990585327 1.2331832647323608 -0.1325569897890091 0.9021254777908325 0.4048317074775696 0.6810073852539062 0.3327212929725647 -0.6438778638839722 0.0727573111653328 -0.1900845617055893 0.7898421883583069 0.50044846534729 0.20596715807914734 -0.07223541289567947 0.21168644726276398 0.4195217192173004 0.16948799788951874 -0.8733602166175842 -0.5473040342330933 -0.49178197979927063 -0.6070640087127686 -0.049927543848752975 0.16526292264461517 0.368274986743927 0.43639877438545227 -0.5290052890777588 -0.0060663833282887936 -0.6556183695793152 0.6468582153320312 0.12225255370140076 0.3320804834365845 -0.4364168643951416 -0.2951103448867798 0.4485441744327545 -0.27195581793785095 1.402000069618225 
-0.871648371219635 -3.518817186355591 -0.7810777425765991 -1.8081055879592896 -0.3079357147216797 1.148392677307129 0.31107690930366516 -1.9108943939208984 0.4402799606323242 0.3105645477771759 -0.3059287369251251 0.6628854870796204 -1.214226245880127 -0.46118369698524475 -0.8688781261444092 1.8247228860855103 0.24898526072502136 0.21381741762161255 -1.6417635679244995 1.0305176973342896 0.7353535890579224 -0.05614052712917328 -0.9636254906654358 -0.6503194570541382 1.2996454238891602 -0.4234662652015686 0.9401454329490662 -1.2196629047393799 -1.720813274383545 -0.314014196395874 -0.260799765586853 0.060380153357982635 -0.8435221910476685 -1.3262594938278198 -0.5318210124969482 -1.4029713869094849 -0.7153289914131165 1.5685781240463257 -0.46550044417381287 -0.2402118444442749 -0.4134814441204071 0.30009332299232483 0.3101576268672943 1.272531270980835 -0.35141846537590027 0.05161416903138161 -0.01056200172752142 -0.08990650624036789 -1.5490951538085938 2.4936752319335938 
-2.349186897277832 -0.15037554502487183 1.5025569200515747 -0.8285049796104431 -1.5251294374465942 -4.389054298400879 -0.6919099688529968 -0.07984181493520737 -0.5183060169219971 -1.170776128768921 -0.026101520285010338 0.13914678990840912 -0.42777711153030396 -1.4899059534072876 0.6899330615997314 -3.5826447010040283 1.9749948978424072 -0.38708382844924927 -0.30986836552619934 -3.9644217491149902 -1.2451057434082031 -0.7070335149765015 -1.8940954208374023 -0.9915889501571655 -0.5513328313827515 -0.11590490490198135 1.2158888578414917 -0.3532012701034546 1.1099125146865845 0.22702063620090485 -0.217537522315979 1.9853428602218628 1.2927601337432861 -0.1565447598695755 -1.8166677951812744 -0.9399619698524475 -0.5980165600776672 -3.513643980026245 0.1385231614112854 -2.0000808238983154 4.785581111907959 0.3433019816875458 -2.3769874572753906 1.0336353778839111 0.26256632804870605 -0.033698808401823044 -2.1782662868499756 -0.558620810508728 -0.043174222111701965 -3.7410647869110107 
0.20572234690189362 -0.14252394437789917 -1.899082899093628 -0.4499385952949524 0.4315936863422394 -0.6906231641769409 -0.6093260645866394 0.17009659111499786 0.12419718503952026 0.3468756079673767 0.2432412952184677 -0.17716264724731445 -0.25772714614868164 -0.773901641368866 0.6453008055686951 -0.5469132661819458 -0.652118444442749 -0.4625479280948639 -1.9990187883377075 -1.038245439529419 0.08430678397417068 -1.243863821029663 0.2961503267288208 0.42859551310539246 -0.7076359987258911 0.24558022618293762 0.3675403892993927 0.5121172070503235 -0.4012581408023834 -0.5006487965583801 -0.8143593668937683 0.3058515787124634 0.8058597445487976 0.16930001974105835 0.2295607030391693 0.18160320818424225 0.4952596426010132 -0.32999762892723083 0.34745776653289795 0.03131905570626259 -0.879004180431366 -0.27251046895980835 -0.18535366654396057 0.5347464680671692 -0.09496644884347916 1.2725434303283691 0.4856003522872925 -0.2964971363544464 0.3395552337169647 -1.0062413215637207 
-0.9064090251922607 -0.33431097865104675 0.5666364431381226 0.05598744750022888 -0.9829850196838379 -1.5509672164916992 0.07324273139238358 -0.564632773399353 -0.1368074268102646 0.017984522506594658 -3.058025598526001 0.42516326904296875 0.26489493250846863 0.610769510269165 -0.3170424997806549 -0.49563494324684143 0.607577919960022 0.4244854748249054 -6.395579814910889 -0.9915452599525452 0.02161727286875248 2.233579635620117 -0.14214161038398743 -1.0633310079574585 -0.08850135654211044 -2.3106021881103516 0.308567613363266 -7.913057327270508 -0.7571835517883301 0.7218538522720337 1.8869277238845825 0.2225489318370819 -0.24489550292491913 -0.10557256639003754 -1.2751880884170532 -0.4705457389354706 -1.0750508308410645 0.13318444788455963 -0.7986987829208374 -2.3131279945373535 -2.431795597076416 0.11466816812753677 -0.04608115553855896 0.25350216031074524 -0.7083332538604736 -1.2403686046600342 -0.6152159571647644 -2.1736226081848145 -0.02309878170490265 0.5588897466659546 
0.5128139853477478 -0.19182702898979187 -0.8633005023002625 0.07600655406713486 0.2752854824066162 0.7470201849937439 0.02686052955687046 0.007906393148005009 0.4024070203304291 0.5883871912956238 0.45107901096343994 0.36602434515953064 -0.3439560830593109 0.020599935203790665 0.029463069513440132 -0.4915459454059601 -1.2107752561569214 0.2753656208515167 0.15823185443878174 0.5865834355354309 0.9179480075836182 -0.037149038165807724 -0.00525228027254343 0.28530293703079224 -0.23712308704853058 0.2614491581916809 -1.075475811958313 0.19088472425937653 -0.5443186163902283 -0.2518640160560608 0.1051873192191124 0.324344277381897 -0.46286189556121826 -0.20636150240898132 0.5775986909866333 0.1505422592163086 0.21890200674533844 -0.16657915711402893 -0.2046751081943512 -0.10371724516153336 -0.9339959621429443 0.5173242688179016 0.09145187586545944 -0.6694655418395996 0.09766330569982529 0.10166706144809723 0.6018996834754944 0.4733775556087494 -0.6287493109703064 0.20072536170482635 
-0.00910200085490942 1.1704599857330322 3.053469181060791 -2.6885030269622803 -0.8481769561767578 -1.6460806131362915 -0.9473053812980652 -0.8669238686561584 -1.2347769737243652 -0.026274338364601135 -0.8663010001182556 1.1745660305023193 0.47033485770225525 0.7721962928771973 0.8271862864494324 -2.0692555904388428 1.6472768783569336 -0.19054313004016876 2.5623154640197754 -2.6380116939544678 -0.17997127771377563 0.30603253841400146 -1.1470067501068115 -0.4935639500617981 -0.5339137315750122 -0.6181238889694214 0.0550856813788414 -0.6887136697769165 -0.6061335206031799 -2.9520511627197266 0.850669264793396 2.196631908416748 1.8011250495910645 -0.6771538853645325 -0.5433908700942993 -0.22210930287837982 -0.41779470443725586 -2.0290799140930176 0.0007027678657323122 -0.20790357887744904 3.232992649078369 1.489031434059143 -3.0704941749572754 0.4542202055454254 -2.470799207687378 -0.9153992533683777 -1.213531732559204 1.2666455507278442 -0.4691540002822876 -2.683534860610962 
0.44934454560279846 -0.25745514035224915 0.48466581106185913 -0.04152093455195427 0.17843864858150482 0.1469462513923645 1.018510341644287 -0.008566578850150108 0.7316109538078308 0.353573203086853 -0.4352127015590668 0.2510710060596466 0.3589344024658203 0.4405990242958069 0.15158389508724213 0.8274819850921631 1.0719432830810547 0.17509175837039948 0.4567551612854004 0.07453048229217529 -0.10652407258749008 0.8195245862007141 0.3619130253791809 -0.017995906993746758 0.09554290026426315 -0.22630366683006287 0.7014558911323547 -0.024131953716278076 -0.7426738739013672 0.1419309377670288 0.6947156190872192 0.4239708483219147 0.5631324648857117 0.352998286485672 0.3432846665382385 0.12341184169054031 -0.1411372721195221 0.552863597869873 -0.17728115618228912 1.2084561586380005 0.7495664954185486 0.3223884105682373 0.08011707663536072 0.02704560197889805 -0.8605393171310425 -0.738033652305603 0.285746693611145 -0.5754834413528442 0.49586161971092224 -0.2474980354309082 
0.45796650648117065 0.12108886241912842 0.10214359313249588 0.12993544340133667 0.10454545170068741 0.026285972446203232 -0.0022844432387501 0.5466597676277161 0.009456107392907143 0.03832433372735977 -0.09140194952487946 -0.4897809326648712 0.25861966609954834 -0.5940800905227661 0.5096582174301147 0.04273108020424843 0.46183064579963684 -0.07620159536600113 -0.4444870054721832 0.20782417058944702 -0.3090194761753082 -0.6563474535942078 0.11918176710605621 0.27102652192115784 -0.30194559693336487 0.24523021280765533 0.49403321743011475 0.4312705099582672 0.18342602252960205 -0.6778220534324646 -0.4814121723175049 -0.095737524330616 1.135040044784546 0.3255247175693512 0.1797608584165573 0.14574110507965088 0.21717411279678345 0.3577815592288971 0.022083163261413574 0.25109216570854187 -0.06681197136640549 -0.45640477538108826 -0.8613249063491821 0.8890990614891052 -0.11189735680818558 1.0465532541275024 0.15564671158790588 -0.5003212094306946 0.4989692270755768 0.2090214341878891 
-1.0053545236587524 -0.8064720034599304 -1.2410459518432617 -8.66378116607666 -0.6577891707420349 3.0201339721679688 0.3451918065547943 -1.314044713973999 0.546879231929779 -0.28182703256607056 -0.40494653582572937 0.7858137488365173 -0.4884045124053955 1.0663011074066162 0.18108563125133514 1.3333544731140137 -0.02356833778321743 0.0069388337433338165 -0.7619268894195557 0.9281939268112183 0.056597791612148285 1.0478384494781494 -2.2505524158477783 -1.2328897714614868 1.5224119424819946 -0.503567636013031 0.5837415456771851 -0.5828068852424622 -1.4214417934417725 -0.05055784434080124 0.6817097663879395 0.5695326924324036 0.3786659836769104 -0.5263303518295288 -0.4969179630279541 -1.4889589548110962 -1.3207265138626099 -0.9277095198631287 -0.1769908368587494 -0.2525746822357178 -0.34813740849494934 0.6160383820533752 0.30704495310783386 0.12555673718452454 0.19238941371440887 -0.239846870303154 -0.75901198387146 -0.22195923328399658 -1.0042604207992554 0.6072538495063782 
-1.214680790901184 -0.5839723348617554 0.9193284511566162 -0.9277014136314392 -0.9400483965873718 0.7840257287025452 -0.18958155810832977 0.2632848024368286 -0.33679988980293274 -1.255827784538269 0.3021308481693268 -0.14085572957992554 -2.7351908683776855 -0.18875986337661743 -0.5266819596290588 2.254855155944824 0.747721791267395 0.9953246116638184 -0.5048505663871765 0.3669064939022064 -0.42057037353515625 0.1088477224111557 -2.141932487487793 -0.841065526008606 2.4704012870788574 0.2216726690530777 1.829033613204956 0.10901542752981186 0.9244340062141418 0.14561672508716583 0.02027740888297558 -0.2425684928894043 -0.22880619764328003 -1.331664800643921 -1.304168701171875 -1.206821322441101 -0.36635202169418335 0.7314256429672241 0.0920080691576004 -0.6972510814666748 1.25802481174469 -0.4745863080024719 -0.02356122061610222 1.4603431224822998 0.2977909743785858 0.3529198467731476 -1.592118740081787 -0.4710228443145752 -0.4487031400203705 2.1525521278381348 
-1.717697024345398 0.7342657446861267 1.3679592609405518 -0.30900245904922485 -1.141789197921753 -2.121858835220337 0.7631362080574036 -0.8311079144477844 -1.2968968152999878 -2.539885997772217 -0.38131633400917053 -0.4809129238128662 0.6068150997161865 -0.37048739194869995 0.5102742910385132 -1.0907450914382935 1.564415693283081 -0.1872069090604782 -0.217628613114357 0.6142167448997498 -3.008099317550659 -0.8134254217147827 -0.8129326701164246 -0.6916331648826599 0.928752064704895 -0.34123846888542175 2.1760523319244385 -1.1255981922149658 -0.11405198276042938 -0.1387619525194168 0.7761825919151306 0.7710648775100708 1.2792426347732544 0.6821976900100708 -2.060666084289551 -0.4388448894023895 -0.49679768085479736 -0.41484078764915466 -0.022090155631303787 -0.231149360537529 4.713939666748047 -0.44279974699020386 -2.3618314266204834 1.334556221961975 -0.324134886264801 0.03061455301940441 -1.0872251987457275 -1.7264611721038818 0.9469954371452332 -1.0869548320770264 
0.07956919819116592 -0.02840139903128147 0.03828725591301918 -0.029622621834278107 0.03402043879032135 -0.10976704210042953 -0.06890875846147537 -0.027517616748809814 -0.009884676896035671 -0.09333206713199615 -0.03060031868517399 -0.0878954529762268 -0.05234437808394432 0.09315100312232971 -0.013447512872517109 -0.08820611238479614 0.008881387300789356 0.04251362383365631 0.07301494479179382 0.03976945951581001 0.007139003369957209 -0.13625919818878174 0.052459098398685455 0.07945945113897324 -0.05109701305627823 0.1199190765619278 -0.05152003467082977 0.04322880879044533 -0.072267547249794 0.00981953740119934 0.10459309816360474 0.07372459769248962 0.036110758781433105 -0.0357041135430336 0.06627999246120453 -0.13619321584701538 -0.06363599002361298 -0.025400791317224503 0.07646117359399796 0.011443854309618473 0.04339524731040001 -0.09326454997062683 0.08094055950641632 0.004062433261424303 0.05549836903810501 0.045999228954315186 -0.018694300204515457 -0.09459090977907181 -0.08426941931247711 0.0483529306948185 
-0.5188924670219421 -0.3587677776813507 0.43617454171180725 -0.33322373032569885 -0.3101651966571808 0.36255791783332825 -0.5992832183837891 0.290507435798645 -0.5208282470703125 -0.00997127965092659 0.5763163566589355 -0.09354323148727417 -1.1486536264419556 -0.18809014558792114 -1.0748260021209717 0.30655595660209656 -0.5191698670387268 1.0013997554779053 0.4909297227859497 0.6948638558387756 0.34632256627082825 0.01037566177546978 -1.1418004035949707 -0.3201623857021332 0.6231772303581238 0.4672163724899292 0.2170451283454895 -0.30915939807891846 0.2393476814031601 0.44760555028915405 -0.02681255154311657 -0.7489131689071655 -1.2948778867721558 -1.4150906801223755 -0.528740644454956 -0.1878819763660431 0.04082293435931206 -0.6606948375701904 0.5588553547859192 -0.39088961482048035 -0.003954099025577307 -0.21565861999988556 0.29574549198150635 0.2897907793521881 0.3522077202796936 0.19005820155143738 -0.6837259531021118 0.3977908790111542 -0.5491361618041992 1.3004202842712402 
-1.8426610231399536 -0.5938937664031982 1.2517988681793213 -1.2158052921295166 -0.7453542947769165 -2.268660545349121 -0.14258846640586853 -0.3591064512729645 0.01855483278632164 -1.0206999778747559 -0.00870432611554861 -0.6694377064704895 -0.7340044975280762 -0.37538155913352966 0.0260477215051651 0.4517109990119934 0.8190662860870361 0.24758592247962952 0.2313479483127594 -0.3772083520889282 -1.6461125612258911 -0.46254652738571167 -0.8381958603858948 -0.6711828112602234 0.503358781337738 -0.2643550932407379 1.244204044342041 -0.0431438684463501 0.0851244106888771 -0.019091879948973656 -0.2885998487472534 0.20097163319587708 0.8648797273635864 -1.2355185747146606 -0.8805188536643982 -0.6405086517333984 -0.2690953314304352 -0.60878586769104 -0.2659856677055359 -0.5169472694396973 2.996110200881958 -0.31869447231292725 0.004135368391871452 0.8805091977119446 0.06178819388151169 -0.20066846907138824 -1.3143960237503052 -0.4208420515060425 -0.12992042303085327 -1.6280014514923096 
-2.039621353149414 -0.007273802068084478 0.446228951215744 -1.7058593034744263 -0.7476710081100464 0.2838664948940277 -0.19531312584877014 -0.166121244430542 -0.34781113266944885 -0.4648575484752655 0.1740206480026245 0.20471715927124023 -0.06942275911569595 -0.06846122443675995 0.44659796357154846 0.6320551633834839 0.0943484827876091 -0.06449083238840103 -0.2304963767528534 0.3865216374397278 0.013028368353843689 -0.1152419000864029 -0.23133672773838043 -0.6541197299957275 0.8510180115699768 0.06122862920165062 1.6966434717178345 -0.24814918637275696 -0.352496474981308 0.05254797264933586 -0.054154910147190094 -0.05884702876210213 1.698956847190857 -0.3846287429332733 -1.4930977821350098 -0.8298859596252441 -0.3707897663116455 0.1797468662261963 0.10986274480819702 -0.45755812525749207 0.7013823986053467 -0.0521053746342659 0.43747103214263916 1.3784860372543335 0.10526035726070404 0.1869642585515976 -0.9377350211143494 -0.1865181028842926 0.06192898750305176 1.4539233446121216 
0.05539312586188316 0.000572102318983525 0.20901459455490112 -0.04084721952676773 -0.03252149373292923 -0.0019453896675258875 -0.05065752938389778 -0.11119528114795685 0.10709425061941147 -0.05839357525110245 0.0560908317565918 -0.12001688033342361 -0.013133571483194828 0.0013296876568347216 -0.10587340593338013 -0.031353168189525604 0.06540560722351074 -0.05801966413855553 -0.06794264167547226 0.11276257038116455 0.03215031325817108 -0.02524580992758274 0.05319729074835777 0.04042927175760269 -0.08081419765949249 -0.1377943605184555 0.022702330723404884 0.13615216314792633 0.02307935431599617 -0.02251446805894375 0.08168940246105194 0.1674274504184723 0.04867726191878319 -0.05748340114951134 -0.07513248920440674 -0.05363765358924866 -0.021303750574588776 -0.2218969315290451 0.03624352067708969 -0.03756840527057648 -0.03763112798333168 -0.13221779465675354 -0.13741238415241241 -0.20833207666873932 0.01178903691470623 0.020408254116773605 0.029241520911455154 0.0045857843942940235 -0.29262781143188477 0.017954468727111816 
0.5942190289497375 0.3735167384147644 -0.10238464176654816 0.16712917387485504 0.3524106442928314 -0.03684737905859947 -0.21217696368694305 0.5647731423377991 -0.23346860706806183 0.25503212213516235 0.11623019725084305 -0.6818739175796509 0.0725882276892662 -0.609679102897644 0.20494918525218964 -0.9085742831230164 -0.27604028582572937 0.22159908711910248 -0.07394392788410187 -0.3182400166988373 0.023120544850826263 -0.8827043771743774 0.2402626872062683 0.49959591031074524 -1.0064716339111328 0.350420743227005 -0.38371512293815613 0.7315540909767151 0.7672533392906189 -0.396382212638855 -0.6914994120597839 -0.5512562394142151 0.270943284034729 0.298953115940094 0.38809043169021606 0.4998985230922699 0.5138995051383972 -0.5541698336601257 0.28705647587776184 0.08242969214916229 -0.32666295766830444 -0.4052054286003113 -0.7398788928985596 0.26211872696876526 -0.13073205947875977 0.595977246761322 0.24244661629199982 -0.09975693374872208 0.5731532573699951 0.18839269876480103 
0.03867955505847931 -0.03426223248243332 -0.04409634321928024 0.0787312462925911 0.09914204478263855 -0.07848131656646729 -0.07369913905858994 -0.06491293758153915 0.020858215168118477 0.09129905700683594 0.018147384747862816 0.08394274860620499 0.11412403732538223 -0.01757691241800785 0.09507111459970474 -0.05619965121150017 0.033658042550086975 0.020353274419903755 0.11328861862421036 0.030016260221600533 -0.08698558807373047 -0.10220783203840256 0.0377165824174881 -0.04069433733820915 -0.0069832587614655495 -0.11700195074081421 0.00703385891392827 0.03035002015531063 0.15963619947433472 -0.06198444589972496 -0.08673279732465744 -0.017500508576631546 -0.117706298828125 -0.11800098419189453 -0.12637199461460114 -0.05370059236884117 -0.05764587223529816 -0.06878422945737839 -0.15042644739151 0.08262046426534653 0.01776021532714367 -0.09496593475341797 0.06432826817035675 -0.012445244006812572 0.05325523018836975 0.10655119270086288 -0.05487902835011482 -0.009882643818855286 -0.055971257388591766 0.1540524959564209 
-0.9936131834983826 -0.1182035282254219 -0.5311786532402039 -2.028167963027954 -0.40358129143714905 1.3356300592422485 -0.0906020924448967 0.20240208506584167 0.21971449255943298 0.1909599006175995 0.15870290994644165 0.9840987324714661 -1.8043757677078247 0.4283154308795929 -0.3362082242965698 1.2228846549987793 -1.7072347402572632 0.6565079689025879 -1.033955454826355 2.0239429473876953 0.6402349472045898 0.5672243237495422 -1.326805591583252 -0.7045313715934753 1.2106359004974365 -0.20926149189472198 1.3144326210021973 -0.09199867397546768 0.20627517998218536 -0.15449684858322144 -0.061873625963926315 -0.2569998800754547 0.24673937261104584 -0.8651238679885864 -0.22738203406333923 -1.431767463684082 -0.4236108362674713 -0.41896310448646545 -0.13193248212337494 -0.31220152974128723 -0.0699678584933281 0.5358889102935791 0.6582916975021362 1.0503231287002563 0.17037062346935272 0.08590341359376907 -0.8397385478019714 -0.06750214844942093 -0.9202856421470642 1.869884967803955 
0.057665325701236725 -0.045979566872119904 -0.03172941878437996 0.0392974354326725 -0.09861419349908829 0.009259611368179321 0.04860757291316986 0.00676991231739521 0.01477277185767889 0.053605444729328156 0.0074117169715464115 -0.013591354712843895 0.0854019746184349 -0.010567842982709408 0.04762496054172516 0.011995318345725536 -0.07401443272829056 0.09785366803407669 -0.18625961244106293 -0.18762610852718353 -0.022947857156395912 -0.007182186469435692 -0.08668031543493271 0.12433402985334396 0.18449901044368744 -0.08216208964586258 0.11692234873771667 -0.10127269476652145 -0.04549689218401909 0.16470478475093842 0.0533825159072876 -0.1203930452466011 0.1355912983417511 -0.03851362690329552 0.045881371945142746 0.05549032986164093 0.15508587658405304 -0.019747784361243248 -0.03959190845489502 -0.07079724222421646 0.005332954693585634 0.09539385885000229 0.07042348384857178 -0.07829681038856506 0.038946110755205154 0.05343702435493469 -0.10877770185470581 -0.013212338089942932 0.1778980791568756 -0.07171189039945602 
0.5361685752868652 0.2191144824028015 -0.33294451236724854 0.16931572556495667 0.5326512455940247 0.030313964933156967 -0.506984293460846 0.5619223713874817 -0.22240813076496124 0.2366083711385727 0.002865963615477085 -0.7625181674957275 0.04365675896406174 -0.6457812190055847 0.11018501222133636 -0.8736012578010559 -0.45175889134407043 -0.04848042130470276 -0.4083564877510071 -0.19388337433338165 -0.12197154760360718 -0.8174490332603455 0.15100690722465515 0.3333577513694763 -0.9956875443458557 0.20405687391757965 -0.22769148647785187 0.9545227885246277 0.5615240335464478 -0.2896284759044647 -0.6048092842102051 -0.6045346260070801 0.03754888102412224 0.1370420604944229 0.33828648924827576 0.24933572113513947 0.5330142378807068 -0.3378447890281677 -0.084042988717556 -0.001515872310847044 -0.4305492341518402 -0.5442901849746704 -0.7787973880767822 0.15449707210063934 0.1611694097518921 0.5419397950172424 0.25085368752479553 -0.20430219173431396 0.3017148971557617 -0.004077460616827011 
0.23568835854530334 -0.1109405979514122 -1.223940372467041 -0.1970456838607788 -0.08244038373231888 -0.8884545564651489 0.8384894132614136 -0.8072751760482788 0.8680073618888855 -0.27054545283317566 -1.3665260076522827 0.3632185757160187 0.1767256259918213 0.4629553556442261 0.1756426841020584 -0.2299828827381134 -1.0391548871994019 -0.34785008430480957 -0.588524580001831 -0.35007190704345703 -0.9756093621253967 0.05712421238422394 0.2640433609485626 -0.28417110443115234 -0.32857707142829895 -0.9763620495796204 -0.36150646209716797 -0.16247646510601044 -1.1497009992599487 -1.374624490737915 0.5623868107795715 0.5046378970146179 -0.03355308249592781 0.18994468450546265 0.1365712285041809 -0.25926369428634644 -0.3213864266872406 0.0776178240776062 -0.20026305317878723 0.43748658895492554 -0.07977599650621414 0.3000369369983673 -1.604504942893982 -0.7315362691879272 -1.9357036352157593 -0.055675290524959564 0.06276105344295502 -0.10760288685560226 0.12162884324789047 -0.5878949761390686 
-0.5389951467514038 -0.42307668924331665 -0.20912913978099823 -2.7815563678741455 -0.6567598581314087 0.604154646396637 -0.5756304264068604 -0.08525829762220383 1.2530754804611206 -0.026018749922513962 -0.6435878872871399 1.0622053146362305 -0.6256226301193237 -0.535724937915802 -0.26120805740356445 -0.7237294316291809 0.10375244170427322 0.8185880184173584 -0.9370203018188477 -0.03557099774479866 0.45606622099876404 0.24002401530742645 -2.318289279937744 -0.4957966208457947 -0.32230398058891296 -0.5935640931129456 -0.10823991149663925 -0.38235270977020264 -1.3798664808273315 -1.4566816091537476 0.36458250880241394 0.43649712204933167 -0.1906798630952835 -0.7344977259635925 -0.41994571685791016 -1.1047027111053467 -0.6541723012924194 -0.6700119972229004 0.005965861026197672 -0.349420428276062 0.6717299818992615 0.8388587832450867 -1.3668879270553589 0.04917149245738983 -0.6058483123779297 -0.20977851748466492 -1.6701916456222534 0.029679380357265472 -0.5404350757598877 2.3969573974609375 
0.08582746237516403 -0.45099306106567383 -0.3482173979282379 -0.7572158575057983 -0.18586327135562897 0.5287878513336182 0.030971089377999306 0.09250704199075699 1.313056230545044 -0.12089554220438004 -2.1944973468780518 -0.013805235736072063 -0.05999142676591873 0.6065875887870789 -0.04846100136637688 -0.5588061809539795 0.28116536140441895 0.4160107672214508 0.21737809479236603 -0.7040026783943176 0.16828623414039612 0.21830549836158752 -2.1415083408355713 -0.3140392601490021 -0.6906570792198181 -0.5037596821784973 -0.1938607543706894 0.038237180560827255 -0.12378542870283127 -2.5650908946990967 0.6463724374771118 0.90656578540802 0.537507176399231 -0.2164618819952011 -0.27607375383377075 -0.5639650821685791 -0.17909616231918335 -0.1288837343454361 -0.14732347428798676 -0.04240156337618828 0.44817155599594116 0.06424372643232346 -2.1298434734344482 -0.0008518924005329609 -1.7197999954223633 -0.49063897132873535 -0.5071121454238892 -0.5738703012466431 -0.024712806567549706 2.6017792224884033 
0.4237118065357208 -0.04558536782860756 -0.8149494528770447 -0.1222466230392456 0.2490825206041336 0.5447903275489807 -0.16925087571144104 0.34584832191467285 0.36223456263542175 0.2775075137615204 -0.4186488389968872 -0.007228809874504805 0.11592241376638412 -0.41091442108154297 0.6318952441215515 0.2321544885635376 0.9525213837623596 -0.06406500935554504 -1.5320847034454346 -0.8912457227706909 -0.518439769744873 -0.23962484300136566 0.28212109208106995 0.22778387367725372 -0.5305701494216919 -0.22202280163764954 0.3326965272426605 0.48378750681877136 -0.21747082471847534 -0.5995191931724548 -0.5782953500747681 0.6979770064353943 1.0926222801208496 0.09345661103725433 0.4958454668521881 0.026745351031422615 0.2038586288690567 0.3566025197505951 -0.2605196535587311 0.8671073913574219 -0.08115845173597336 0.10368932783603668 -0.7533944845199585 0.25960487127304077 -0.6343269944190979 0.458412766456604 0.18513146042823792 -1.4347271919250488 0.21234136819839478 -0.04317384958267212 
-0.6144433617591858 0.217347651720047 0.18860794603824615 -0.6117297410964966 -0.9134415984153748 -0.02157280035316944 0.22587177157402039 0.46570104360580444 -0.7602577805519104 0.10161152482032776 0.13613571226596832 0.3017607629299164 -1.4109522104263306 -0.7190525531768799 -0.572775661945343 0.49827852845191956 0.11401703208684921 2.0606908798217773 0.0839754045009613 0.6845361590385437 0.5632014870643616 -0.06724483519792557 -4.755908489227295 -0.5315663814544678 0.44611644744873047 0.3128593862056732 0.3592973053455353 -0.1983545869588852 1.2534364461898804 -0.03328248858451843 0.006919283419847488 -0.0502215214073658 -0.07889755815267563 -0.4828917384147644 -0.7939971685409546 -0.6959713101387024 -0.24354371428489685 -0.4336353540420532 0.6171310544013977 -0.04625159129500389 0.16826729476451874 0.3174505829811096 0.09505453705787659 0.15533959865570068 -0.24073387682437897 -0.22583608329296112 -2.5778751373291016 -0.06258449703454971 -0.50652015209198 1.3265366554260254 
-0.5508596301078796 -0.8743798732757568 1.2110015153884888 0.27089616656303406 -0.5323047637939453 -0.43378815054893494 0.0652417466044426 -0.28184381127357483 -0.1367572546005249 0.04112831875681877 0.18221110105514526 0.42115747928619385 -0.4017539620399475 0.3693535029888153 -1.1697733402252197 1.2463523149490356 0.7999577522277832 1.6050978899002075 0.5414197444915771 0.6259034872055054 0.09891682118177414 0.4773484766483307 -1.1026607751846313 -0.29209426045417786 1.3303015232086182 0.08689931035041809 1.1487499475479126 -0.6094291806221008 0.5833003520965576 0.2166428416967392 -0.3244629502296448 -0.17373333871364594 -1.1222552061080933 -0.8999530673027039 -0.6485133767127991 -0.37723788619041443 -0.1564273089170456 0.6898029446601868 0.3034268319606781 0.45578399300575256 0.7236027717590332 0.2624000906944275 0.14515578746795654 1.16920006275177 0.16107961535453796 -0.8862974643707275 -1.119983196258545 0.40837350487709045 -0.3604065775871277 1.1352577209472656 
0.04600049555301666 -0.3501342535018921 0.5638617873191833 0.3322668969631195 0.0019952869042754173 0.4071376621723175 -0.050698354840278625 0.07054689526557922 0.23180672526359558 -0.5629733204841614 -0.6344111561775208 -0.5632293224334717 -0.037340279668569565 -0.1511022001504898 0.39478832483291626 0.1940128654241562 0.8349966406822205 -0.2901350259780884 -0.6459258198738098 0.16672417521476746 -0.7815291881561279 -0.5963433384895325 0.39447838068008423 0.08743491768836975 -0.12085339426994324 -0.040995996445417404 0.8110101819038391 0.548043429851532 -0.46796873211860657 -0.6027401685714722 -0.28675949573516846 -0.0467313677072525 1.4258863925933838 0.08465957641601562 0.08227454125881195 -0.18222957849502563 0.0001696001272648573 0.7251840233802795 -0.03135651722550392 -0.45056432485580444 -0.016812089830636978 -0.6439762115478516 -0.8737043738365173 0.833511471748352 -0.08435533195734024 0.3930085003376007 0.11719830334186554 -0.8826836943626404 0.26017263531684875 0.7529872059822083 
-0.6708221435546875 0.20229656994342804 0.3909758925437927 -0.4082850515842438 -0.873862087726593 -0.038012195378541946 0.11569827795028687 0.17285288870334625 -0.35738852620124817 -0.08742472529411316 0.0991295576095581 0.3115246891975403 0.051635898649692535 -0.1670328676700592 -0.39417585730552673 -0.9201752543449402 -0.41076862812042236 1.653954267501831 1.155449628829956 0.13117453455924988 -0.0034138590563088655 0.16203095018863678 -4.382749080657959 -0.5223893523216248 0.26859554648399353 0.21801257133483887 0.10248056054115295 -0.08279506862163544 0.8150596618652344 0.11029578745365143 0.49346923828125 0.0312667079269886 -0.5248487591743469 -0.025032714009284973 -0.7269951105117798 -0.4901503622531891 -0.17049604654312134 -1.950666904449463 0.6262573599815369 -0.23808419704437256 0.4360416829586029 0.4909626245498657 -0.2737261652946472 0.2635202407836914 0.29217302799224854 0.0671156644821167 -2.9989044666290283 0.16978037357330322 -0.32314804196357727 0.4505784511566162 
0.2189745306968689 0.4550325274467468 -0.5392976999282837 -0.3178645074367523 0.012168947607278824 -0.7273335456848145 -0.006238492205739021 0.12120946496725082 0.1565392017364502 0.04579370468854904 -0.12262780219316483 -0.17966295778751373 0.4427279233932495 0.10618045926094055 0.38692495226860046 -0.9949817061424255 -0.4051257371902466 0.0356062576174736 0.5966054201126099 -1.7117483615875244 -0.6757205128669739 0.07441230118274689 0.0045746006071567535 0.18608197569847107 -0.8176278471946716 0.0788797065615654 0.5366485714912415 0.1676061749458313 0.7182281017303467 -0.3250276744365692 0.2080053836107254 0.3956185579299927 0.6662225127220154 0.2094736248254776 0.05696452036499977 0.16073773801326752 0.010816563852131367 -0.6304331421852112 0.3946704566478729 0.4755741357803345 0.7637973427772522 -0.032749712467193604 -0.7093735933303833 0.6198076009750366 -0.476508766412735 0.2819936275482178 0.0029254863038659096 -0.3511914014816284 0.553637683391571 -0.5087706446647644 
-0.035288479179143906 0.03219468519091606 -0.1383858621120453 0.02425183355808258 -0.07122562825679779 -0.004548031371086836 -0.09999033808708191 -0.04476373642683029 -0.12394418567419052 -0.09608635306358337 -0.15114082396030426 0.029423702508211136 -0.016298189759254456 -0.055707041174173355 -0.06639022380113602 -0.032371699810028076 0.025241808965802193 0.07016976177692413 -0.12372615933418274 0.056539446115493774 0.027538778260350227 0.029378563165664673 0.04300791025161743 0.053747959434986115 -0.13507916033267975 0.0697806179523468 0.056320272386074066 0.1316564530134201 0.11014161258935928 -0.031006118282675743 -0.11652297526597977 0.09337212890386581 -0.21673329174518585 -0.008376737125217915 -0.0617775097489357 0.10249803960323334 -0.09880765527486801 0.020756669342517853 -0.1279110461473465 0.07868695259094238 0.15470461547374725 0.010976061224937439 0.02330465242266655 0.057734012603759766 0.10244135558605194 0.01663006842136383 0.04497566819190979 0.06257744878530502 0.2066999077796936 -0.031610921025276184 
0.04029384255409241 0.00530945835635066 0.17833676934242249 -0.024515938013792038 -0.09512621909379959 0.009944573976099491 0.012029934674501419 0.002242770977318287 0.0050423587672412395 -0.0032937226351350546 -0.0009451492223888636 0.11826452612876892 -0.036725401878356934 -0.10476455837488174 -0.06972083449363708 0.04951568692922592 -0.0624348446726799 -0.13817499577999115 0.13467977941036224 0.006073909346014261 0.07938607782125473 0.019578061997890472 0.20887765288352966 -0.0009619883494451642 -0.16395345330238342 0.04981279373168945 -0.005379147361963987 0.12067946791648865 -0.10918568819761276 -0.06664078682661057 0.1260266900062561 0.11696315556764603 -0.014998764730989933 -0.03511590138077736 0.09762827306985855 -0.02127215825021267 -0.16995543241500854 -0.02057391032576561 0.09856178611516953 -0.06916256248950958 0.05821738392114639 -0.020558569580316544 0.0062505281530320644 -0.07535821199417114 -0.019791053608059883 0.061816778033971786 -0.06870009005069733 -0.14602407813072205 -0.14442963898181915 0.01303132064640522 
0.7876559495925903 -0.04172905161976814 0.7400633096694946 0.2736646234989166 0.3243018090724945 -1.2139955759048462 0.4391324520111084 -0.25587353110313416 0.7661817073822021 -0.23029740154743195 -1.4125231504440308 -0.09239914268255234 0.4052639901638031 0.28026190400123596 0.34441813826560974 -0.41950976848602295 0.9337304830551147 -0.8056526780128479 -0.15635384619235992 0.6408154368400574 -1.2588003873825073 0.17650562524795532 0.5998802185058594 0.27055636048316956 -0.48489218950271606 -1.1357845067977905 -0.3299148380756378 -0.05115772783756256 -1.0834077596664429 -0.9247429370880127 -0.025979531928896904 0.032125748693943024 0.9170323610305786 0.2637704014778137 0.5606504678726196 0.5133211016654968 0.11220637708902359 0.5687171816825867 -0.7185608744621277 0.7537857294082642 0.3711329996585846 0.11760922521352768 -1.5175211429595947 0.4818192720413208 -0.49231162667274475 0.32323941588401794 0.3703424036502838 -0.1430744230747223 0.3985080122947693 -2.005000591278076 
-0.026679011061787605 -0.0016560221556574106 0.006128313019871712 -0.02602730132639408 -0.03507013991475105 -0.029677201062440872 -0.1029069572687149 -0.04789534583687782 0.05148956552147865 0.056392084807157516 -0.1759890913963318 -0.1097065731883049 -0.16542351245880127 -0.07598686963319778 0.0152185820043087 -0.12431943416595459 0.036522720009088516 -0.09157885611057281 -0.008668378926813602 0.1401984691619873 -0.03161189705133438 -0.09707940369844437 0.0632001981139183 0.10569947212934494 -0.21360845863819122 -0.023563796654343605 0.09058604389429092 -0.01186949573457241 0.07850517332553864 -0.022756533697247505 0.15726329386234283 0.137085422873497 -0.11574027687311172 -0.037981849163770676 0.07179216295480728 0.032414548099040985 0.039224859327077866 -0.06304562091827393 0.038551464676856995 -0.032403718680143356 0.13688991963863373 0.0008229248924180865 -0.004239157773554325 -0.02972245402634144 0.06745688617229462 -0.05214090272784233 0.023012764751911163 0.021775279194116592 -0.035955678671598434 0.08562659472227097 
0.37040984630584717 -0.16001784801483154 0.5621139407157898 0.5588757395744324 0.09845972806215286 -0.7884467840194702 0.014525555074214935 -0.11793194711208344 0.13743004202842712 -0.8815144300460815 -1.1613610982894897 -0.3932836949825287 0.3513261079788208 0.2185169756412506 0.4414082169532776 -0.978029727935791 0.7459894418716431 -0.8919103145599365 -0.6421867609024048 -0.6014368534088135 -1.6705061197280884 -0.07074838131666183 0.28797540068626404 0.01872161217033863 -0.4750640392303467 -0.7952532768249512 0.18056192994117737 0.6582024097442627 -0.4913082420825958 -0.27504199743270874 -0.3570452630519867 0.26834383606910706 1.2397656440734863 0.1180957704782486 0.2741753160953522 0.042093101888895035 0.00040977829485200346 0.5876581072807312 -0.6443206071853638 -0.6836307644844055 0.2171998769044876 -0.2306116372346878 -0.6862065196037292 0.5069950222969055 -0.1527382880449295 0.5295818448066711 0.156453937292099 -0.36127129197120667 -0.027845367789268494 -0.5498801469802856 
-0.27637168765068054 0.2486145794391632 1.3674107789993286 -0.26807746291160583 -0.9866311550140381 -1.0946323871612549 -0.16312366724014282 -0.09107028692960739 -0.2602783739566803 -0.5793465375900269 0.14764443039894104 -0.4864340126514435 0.14427009224891663 -0.4653470814228058 0.3858236074447632 -0.14083842933177948 1.6310324668884277 0.07195770740509033 0.6190065741539001 -1.440545678138733 -0.021726829931139946 0.08211203664541245 -0.17699863016605377 -0.5128470063209534 0.43201982975006104 0.09280813485383987 1.1766657829284668 0.18768084049224854 0.5403413772583008 0.21390056610107422 -0.17888475954532623 0.3259393572807312 0.08248963207006454 0.2536863386631012 -1.1582977771759033 -0.4345278739929199 -0.2670476734638214 0.35455089807510376 -0.05809847638010979 -0.6047452688217163 2.651292085647583 -0.19868798553943634 0.07975655049085617 1.1525520086288452 0.2207249402999878 -0.15362997353076935 -1.2827913761138916 -0.3020188510417938 -0.013712016865611076 0.40063250064849854 

-0.33742085099220276 0.48113390803337097 0.380941778421402 0.001531626912765205 -1.5618525743484497 -0.519432544708252 0.3862959146499634 -0.24448278546333313 0.0017448212020099163 -0.6381883025169373 0.28357887268066406 -0.0018858705880120397 -0.77494215965271 -0.38653233647346497 1.354177713394165 -0.7404574155807495 0.5587285757064819 -0.9540766477584839 -0.26133865118026733 0.5674106478691101 0.27178001403808594 -0.20023420453071594 -1.2811182737350464 0.7201855778694153 -0.4427647888660431 -2.3707703803665936e-05 0.44079825282096863 -0.9128594994544983 -1.2537556886672974 -0.00029563537100329995 -0.46467095613479614 -1.9089242414338514e-05 -0.6344485282897949 -0.0018836299423128366 -0.26033729314804077 0.23037883639335632 0.5634398460388184 0.47542351484298706 0.19533976912498474 -0.8156869411468506 0.3575153946876526 -0.23815396428108215 0.7917988300323486 0.2638094425201416 -0.0003493526892270893 0.0007571041351184249 -0.5745760798454285 -0.0008840708178468049 -0.1990988701581955 1.2349945306777954 
BIAS:
1.2938737869262695 -0.6888847947120667 -1.1255481243133545 0.5563332438468933 1.1447184085845947 0.002320870291441679 -0.07958739250898361 0.47200968861579895 0.36900627613067627 0.8047346472740173 0.035462845116853714 -0.6197401285171509 0.46859994530677795 -0.13991838693618774 -0.6473038792610168 -1.0731148719787598 -1.7031580209732056 -0.5549074411392212 -0.021488234400749207 -1.2462538480758667 -0.07605531811714172 -1.0815919637680054 1.2750130891799927 1.297914743423462 -1.1853832006454468 0.1766509711742401 -1.2083641290664673 0.7932459115982056 -0.5719467401504517 -0.4117485582828522 -0.5792145133018494 -0.7242575883865356 -0.739458441734314 0.34538760781288147 1.2140734195709229 1.1802488565444946 0.7602196335792542 -0.40489131212234497 -0.28700029850006104 1.1082652807235718 -1.0416738986968994 -0.37038344144821167 -0.47838783264160156 -0.9214709997177124 -0.3942509889602661 -0.12157392501831055 1.3162256479263306 -0.16111621260643005 0.12939180433750153 -0.796809732913971 

0.33800673484802246 -0.051848698407411575 -0.3293255567550659 0.04377362132072449 -0.6818729639053345 -0.12093669921159744 0.10624457150697708 0.39338499307632446 -0.027354301884770393 -0.538807213306427 -0.12078070640563965 -0.1369779407978058 -0.8695680499076843 0.4702826738357544 -0.8550760746002197 -0.48261186480522156 0.13825303316116333 -0.6921266913414001 0.24168747663497925 -0.9918293952941895 -0.5376633405685425 0.16333454847335815 -0.9444315433502197 0.061203669756650925 -0.42505693435668945 -0.11386179178953171 0.11951696127653122 -0.3586673438549042 -0.10721245408058167 0.10810710489749908 0.5650413632392883 -0.07851076871156693 -0.30450358986854553 0.02328409068286419 0.5909941792488098 -1.1713722944259644 -1.1237945556640625 -0.7330750823020935 -0.19813157618045807 0.009397127665579319 -0.1550702154636383 0.18716774880886078 -0.4279586672782898 -0.3289608359336853 -0.10377773642539978 -0.0015319200465455651 0.051249466836452484 -0.08862236887216568 0.014987166039645672 0.010448833927512169 

-0.019669659435749054 