1
6                  50                  50                  1
8.511852264404297 0.8976098299026489 0.4363403916358948 -0.1235443577170372 159.34375 3.44923734664917 
1.880854845046997 -0.5122594237327576 0.08641313761472702 -8.295815467834473 46.400691986083984 -0.1548682302236557 
4.338626384735107 
-3.4659676551818848 
WEIGHT:
-0.23212315142154694 -0.6581808924674988 0.29436126351356506 -0.7434137463569641 -0.491260290145874 0.15254835784435272 
0.46854540705680847 0.1408497393131256 -1.5040054321289062 0.10201466828584671 0.6698757410049438 0.7916293740272522 
-0.013011494651436806 -0.15422827005386353 0.5725146532058716 0.9954081773757935 0.5465120077133179 0.5563313961029053 
0.007600491866469383 -0.6615976095199585 0.4040795862674713 0.7869144678115845 0.5810759663581848 -0.6764530539512634 
-0.2511184811592102 -0.24810940027236938 -0.29169800877571106 0.17411355674266815 1.117159128189087 -0.3159874379634857 
-0.23030875623226166 0.5140894055366516 0.21437934041023254 -0.16313883662223816 -0.3752056658267975 -0.028689125552773476 
0.03569725528359413 1.0047669410705566 0.560992956161499 0.902625560760498 1.0962562561035156 -0.40858936309814453 
0.32118526101112366 -0.0058536166325211525 0.2897695004940033 0.26045799255371094 -0.36223363876342773 0.8085622191429138 
-0.7416821718215942 -0.49701595306396484 -0.35827919840812683 0.17704105377197266 0.7893662452697754 -0.47894465923309326 
0.5369812250137329 2.295102596282959 0.5523447394371033 -0.08651166409254074 -0.430835485458374 -0.9853910803794861 
0.9753981232643127 -0.6565881371498108 0.18379856646060944 0.49597275257110596 0.7660434246063232 0.17376364767551422 
0.10827653110027313 -1.1057415008544922 -0.3803371489048004 0.3167150020599365 0.3175804913043976 -0.2619611620903015 
0.2912697196006775 0.3750876486301422 0.14735668897628784 0.441115140914917 -0.4655037224292755 -0.16433696448802948 
-0.07127948850393295 -0.09634712338447571 0.24435357749462128 0.5297068357467651 -0.9569902420043945 0.18621253967285156 
-0.0847708135843277 0.6225616335868835 0.5415601134300232 -0.05878262594342232 -0.4709875285625458 0.6598198413848877 
-0.4762590229511261 -1.256050705909729 -0.06696975231170654 -0.2516712546348572 -1.190117597579956 -0.06133246421813965 
0.2202683389186859 -1.0556539297103882 0.03845791146159172 0.6378666162490845 0.32069557905197144 0.8207989931106567 
-1.3829314708709717 1.1059532165527344 0.44966068863868713 -0.6678044199943542 -1.5495418310165405 0.18428130447864532 
0.4836348593235016 1.318239450454712 0.4396343529224396 -0.28498372435569763 -0.42919236421585083 0.5428618788719177 
-0.43879345059394836 0.14180125296115875 -0.2640780210494995 0.668804943561554 -0.27882733941078186 -0.14602024853229523 
0.006552943028509617 -0.5083257555961609 -0.1675756275653839 -0.003446136834099889 0.2174197882413864 0.5867125391960144 
-0.6292012929916382 0.6763719320297241 -0.008996069431304932 0.12798069417476654 1.4008166790008545 -0.10281588137149811 
-0.42779624462127686 -0.3337136209011078 0.07317448407411575 0.7142208218574524 -0.20026321709156036 0.34071463346481323 
-0.87883460521698 0.19983449578285217 0.27284377813339233 -0.3692006766796112 0.044854581356048584 -0.2321755737066269 
-0.06468304246664047 -0.04187056049704552 -0.6114422082901001 0.8322354555130005 0.030799955129623413 -0.0033024302683770657 
-0.41042637825012207 -0.7807526588439941 -0.7780818939208984 1.4605613946914673 0.23274606466293335 -0.541664183139801 
-0.18698327243328094 -0.4998389482498169 -0.16657742857933044 0.8197075724601746 0.9061865210533142 -0.22030645608901978 
0.2782370448112488 -0.586296021938324 1.2370052337646484 0.6386207342147827 1.7125808000564575 1.3568671941757202 
-0.005165779963135719 -0.917855441570282 0.646661102771759 0.1934381127357483 -1.1426724195480347 0.7638968825340271 
0.37558621168136597 2.5571887493133545 -0.3911644220352173 -0.6930524110794067 0.3057180643081665 -0.26361462473869324 
-0.5981124639511108 0.7957214713096619 0.16430209577083588 -0.46129897236824036 -0.7600969076156616 -0.10015594214200974 
0.08505629748106003 -0.6652513742446899 -0.13129159808158875 0.042661458253860474 -0.9084488153457642 -1.4491831064224243 
0.4797033369541168 0.8282811641693115 -0.5303630828857422 -0.22069594264030457 -0.4484976828098297 -0.03814444690942764 
-0.9550690054893494 1.081976294517517 -0.1586882472038269 0.24398620426654816 -0.6816987991333008 0.9793579578399658 
0.5290858149528503 0.3980028033256531 -0.04103470221161842 0.22518032789230347 -0.19136694073677063 0.11158159375190735 
-0.2810328006744385 0.4796735942363739 0.013474206440150738 -0.25767678022384644 0.2954329550266266 0.7854076027870178 
0.6365026235580444 0.3894478678703308 -1.1823774576187134 -0.5504088401794434 0.40159177780151367 -0.5110881924629211 
0.4003075659275055 -0.9570276141166687 -0.19510112702846527 0.37191662192344666 0.37983548641204834 -0.05489788576960564 
-0.36903369426727295 0.7437763810157776 0.04679199308156967 -0.09957411885261536 0.5331667065620422 0.32650187611579895 
-0.6806801557540894 -0.9874082207679749 -0.01709148846566677 -0.8925649523735046 0.701704740524292 -0.8983716368675232 
-0.10811583697795868 -0.5729801058769226 -0.3361752927303314 -0.6994637846946716 -0.13237817585468292 0.1032334417104721 
-0.46643102169036865 0.16320504248142242 0.40436315536499023 0.49473893642425537 -0.5766247510910034 -0.32420459389686584 
-0.4338647127151489 -1.0560461282730103 -0.2850525379180908 0.1644541472196579 0.15070746839046478 -0.5239177942276001 
0.5539383888244629 -1.0010309219360352 0.30035093426704407 -0.7616302967071533 0.35417115688323975 0.7293165922164917 
0.1747736930847168 0.24949811398983002 -0.10915126651525497 0.37713301181793213 -0.5145840048789978 -0.21194113790988922 
0.33356794714927673 0.4362904131412506 0.28499171137809753 0.304963618516922 0.4388027489185333 -0.062005702406167984 
0.1722734570503235 -0.10640768706798553 0.4229685366153717 0.10641564428806305 -0.36676025390625 -0.4887562692165375 
0.22836986184120178 -0.29037654399871826 0.1923009306192398 0.7618019580841064 0.33473607897758484 -0.22792938351631165 
-0.3194226920604706 0.7076461315155029 0.4228058457374573 0.03010478988289833 0.42239832878112793 -0.21840323507785797 
0.21343658864498138 -0.598154604434967 -0.07040809839963913 0.8689959645271301 -0.15173478424549103 0.0557897686958313 

0.24295000731945038 -0.3835655450820923 0.06830624490976334 0.12975066900253296 0.025744380429387093 -0.1561831533908844 -0.39638131856918335 0.139885812997818 0.0011012799805030227 -0.1414365917444229 -0.13489483296871185 -0.18053089082241058 -0.045539867132902145 -0.07687677443027496 -0.5069399476051331 0.2398863583803177 0.08119773119688034 0.0449722483754158 -0.4192033112049103 -0.25692319869995117 0.039289772510528564 -0.08475138247013092 -0.15920710563659668 0.18376021087169647 -0.5913571715354919 -0.6862705945968628 -0.06874063611030579 0.0886426791548729 -0.39747828245162964 0.05687634274363518 -0.10663022845983505 -0.0739235207438469 -0.22983622550964355 -0.16502754390239716 -0.161230206489563 -0.1133245900273323 -0.36345234513282776 -0.17952582240104675 -0.000126271799672395 0.07188557833433151 0.19180308282375336 -0.1401348114013672 0.15294824540615082 0.019959941506385803 0.1353120654821396 -0.08232605457305908 0.1590474396944046 -0.07177624106407166 -0.17617017030715942 -0.19642513990402222 
0.1785934418439865 -0.23320187628269196 -0.020780857652425766 -0.11837584525346756 -0.09509466588497162 0.8806159496307373 -0.21353434026241302 -0.15842270851135254 0.08099854737520218 0.15798957645893097 -0.6229262948036194 0.19352050125598907 0.010367009788751602 -0.16319875419139862 0.1704062968492508 -0.04184623062610626 -0.15970036387443542 0.29820626974105835 0.22329305112361908 0.09680004417896271 -0.14567194879055023 -0.14527100324630737 -0.12150777131319046 0.3316066861152649 -0.13990122079849243 -0.2813352942466736 -0.15087158977985382 0.20273467898368835 0.09924837946891785 0.08585298806428909 0.3357657194137573 0.4560755789279938 0.27633097767829895 0.17855337262153625 0.10668482631444931 0.20594440400600433 -0.48718222975730896 -0.07750970125198364 0.07531679421663284 0.07129684835672379 0.047567106783390045 0.11586981266736984 -0.11921720206737518 0.1556585282087326 -0.14402465522289276 -0.2827972173690796 0.07520265877246857 -0.10544409602880478 0.6598594188690186 -0.06419545412063599 
-0.21884755790233612 0.5024876594543457 -0.10121612250804901 0.05442563071846962 0.48646464943885803 -0.2783448398113251 0.0418795570731163 0.10717445611953735 -0.08049247413873672 -0.23139868676662445 0.11844006925821304 0.305931955575943 -0.1079506203532219 0.011889939196407795 -0.19958136975765228 -0.11786285787820816 -0.04964062571525574 -0.4924343526363373 -0.004327037837356329 0.11549938470125198 0.18302151560783386 0.1337805539369583 0.12521561980247498 -0.4003843665122986 0.18530702590942383 0.17657580971717834 0.23062504827976227 0.31086379289627075 -0.020714344456791878 0.06292343884706497 -0.6495758295059204 -0.17871282994747162 0.14668035507202148 0.011744772084057331 0.16080015897750854 -0.07189527153968811 -0.12682124972343445 0.29248738288879395 0.08721867948770523 -0.21499687433242798 -0.0973828136920929 -0.07342051714658737 0.18344564735889435 -0.14997537434101105 0.03440244868397713 0.06718180328607559 -0.1762671023607254 0.16208885610103607 0.06940219551324844 0.03346927836537361 
-0.1587819755077362 0.21742185950279236 0.08941248059272766 0.16926734149456024 -0.4739069640636444 -0.787625253200531 -0.4388549029827118 0.09336961060762405 0.39000076055526733 -0.32946527004241943 0.5468425750732422 0.19391337037086487 0.1260761022567749 -0.08518584072589874 -0.23538388311862946 0.071565642952919 0.43463072180747986 -0.7149051427841187 -0.08033344149589539 -0.10556552559137344 0.37461939454078674 0.26492252945899963 0.16906492412090302 0.18701069056987762 0.09397054463624954 0.05908193811774254 -0.0800325870513916 -0.018614348024129868 -0.07490584999322891 -0.36827701330184937 -0.4350535571575165 -0.18868830800056458 -0.28813135623931885 -0.30994129180908203 -0.48867616057395935 0.2584117352962494 0.2840706706047058 0.21677064895629883 -0.10311739146709442 0.006082610692828894 -0.08238819986581802 -0.06244761496782303 0.4313223958015442 -0.05530514940619469 -0.02919379249215126 -0.054704662412405014 0.030379602685570717 0.21224720776081085 -0.8300899267196655 0.34428998827934265 
-0.15199236571788788 0.1261000782251358 -0.10160622000694275 -0.16132329404354095 0.17586423456668854 0.3336979150772095 -0.14961481094360352 -0.0373280830681324 -0.21669349074363708 0.24842828512191772 0.10855451226234436 0.45800384879112244 0.041826363652944565 -0.1779131293296814 -0.040813326835632324 -0.36610135436058044 0.19545133411884308 0.17573922872543335 -0.08459553122520447 -0.12032327800989151 -0.014953364618122578 -0.18856744468212128 0.12616199254989624 -0.03138865530490875 0.15912270545959473 -0.2310616821050644 -0.04544401168823242 0.46168822050094604 0.043665122240781784 0.13958851993083954 0.18038152158260345 0.01618586853146553 0.6309200525283813 -0.03804934397339821 0.19594570994377136 0.345723032951355 -0.06584122776985168 0.30296212434768677 0.31054604053497314 0.03067317232489586 -0.08512616157531738 -0.26111456751823425 0.03547816723585129 0.16345533728599548 0.03426564484834671 0.04278651997447014 0.02937176078557968 0.006476366426795721 0.25570279359817505 0.05452274531126022 
-0.2124849110841751 0.15606339275836945 0.025761662051081657 -0.27902817726135254 0.0037050670944154263 0.5572847127914429 0.4101066589355469 -0.06620224565267563 -0.08876863121986389 0.32487815618515015 -0.24775269627571106 -0.3323448598384857 0.10235002636909485 -0.09763431549072266 0.1426147222518921 -0.5221461653709412 -0.16396309435367584 -0.1826266199350357 0.22005729377269745 0.01787712424993515 -0.8166704177856445 0.299996018409729 0.05448373407125473 0.1775369644165039 0.03803733363747597 -0.11727479100227356 -0.21285931766033173 -0.39703938364982605 -0.11629169434309006 0.6204659342765808 0.047966860234737396 -0.3974997103214264 0.4043912887573242 0.2839643061161041 -0.15398351848125458 0.348025918006897 0.2787165939807892 -0.4070495665073395 0.6698862314224243 -0.09822268038988113 -0.17107592523097992 0.16199618577957153 -0.13146376609802246 -0.0030294631142169237 -0.033948659896850586 0.14696241915225983 -0.10011224448680878 -0.16660253703594208 0.8750342726707458 -0.10912594199180603 
-0.10180196911096573 -0.0007226624293252826 0.040506355464458466 -0.09897161275148392 0.025617355480790138 -0.17517705261707306 0.08528567105531693 -0.07204186916351318 0.06126870587468147 -0.02288224548101425 -0.06413917243480682 -0.031665004789829254 0.003527536056935787 0.06136045232415199 -0.05353901535272598 0.05388260260224342 0.03586883097887039 0.023886537179350853 0.08939036726951599 -0.10356704145669937 -0.09265465289354324 -0.021596534177660942 0.010397265665233135 0.09228586405515671 -0.027910379692912102 0.022477587684988976 -0.05457896366715431 -0.009300646372139454 -0.06955213099718094 -0.0063966307789087296 -0.03087441250681877 0.010230484418570995 -0.07414106279611588 0.006639908067882061 0.08271212130784988 0.03937912359833717 0.029473697766661644 0.1914464384317398 0.007966483943164349 0.005015076603740454 -0.041259702295064926 0.06847778707742691 -0.10185456275939941 0.0448993481695652 -0.004878910258412361 -0.05690028890967369 0.018113456666469574 -0.06021948158740997 -0.01254796702414751 0.08046122640371323 
-0.09127888828516006 0.24447913467884064 -0.011336657218635082 0.03838106617331505 -0.08063546568155289 0.13288834691047668 0.3024641275405884 -0.1587001383304596 0.00412463815882802 -0.1166747435927391 0.26220449805259705 0.2802557945251465 -0.07055402547121048 -0.18283581733703613 -0.3398192524909973 0.015286015346646309 0.09081753343343735 -0.2849847972393036 -0.05384514480829239 -0.15720456838607788 0.1261271983385086 0.35163480043411255 -0.17943468689918518 0.31195512413978577 -0.076365627348423 -0.14006347954273224 0.1877329796552658 0.31428685784339905 -0.2490382343530655 -0.06656043976545334 -0.14925827085971832 -0.5228554010391235 -0.16834095120429993 -0.32837966084480286 -0.26008686423301697 0.1323462724685669 0.1545739620923996 0.07794187217950821 -0.04880567267537117 -0.013731259852647781 -0.08408314734697342 -0.26173102855682373 0.13734938204288483 0.07204286754131317 -0.1441572904586792 0.09508603066205978 -0.040237873792648315 0.1530311107635498 0.5319808125495911 -0.15831103920936584 
-0.00950996670871973 -0.1523342728614807 -0.043612658977508545 0.018348414450883865 0.01880643516778946 0.0797015130519867 0.06131350249052048 0.02934824675321579 -0.016912715509533882 0.09298603236675262 -0.08469601720571518 -0.8706119656562805 0.04984121769666672 0.08881690353155136 -0.14900542795658112 0.01833849772810936 -0.22646161913871765 0.46151068806648254 -0.11588066071271896 0.01564669981598854 -0.16247303783893585 0.2683257460594177 -0.02878277376294136 -0.1958070993423462 -0.20115819573402405 0.005311738699674606 -0.2646470367908478 -0.13251414895057678 -0.25147947669029236 -0.07956196367740631 0.38905444741249084 0.07059238851070404 -0.3040483295917511 0.13459263741970062 0.04947279393672943 0.05875212326645851 -0.1722520887851715 -0.760432243347168 0.029625695198774338 -0.1617896556854248 -0.055440787225961685 0.0031009248923510313 -0.04504427686333656 -0.2513158619403839 0.0299125574529171 0.16959528625011444 0.03300284966826439 -0.019673289731144905 -0.20463472604751587 -0.2247793823480606 
1.022693395614624 0.2871864140033722 -0.14090214669704437 -0.12353947013616562 -0.0020724425558000803 0.14847631752490997 0.3685556650161743 -0.14891916513442993 -0.14378635585308075 0.45561736822128296 -0.5087181329727173 0.3378700017929077 -0.3195776641368866 -0.12084759771823883 0.12632447481155396 0.05331849306821823 -0.2359205037355423 0.13611014187335968 0.09227459877729416 0.11159233003854752 0.313048392534256 -0.021898280829191208 0.06838670372962952 -0.02807529829442501 -0.005061725620180368 -0.4755443036556244 -0.3657018840312958 0.25349074602127075 -0.43980589509010315 0.9861546158790588 -0.10491097718477249 -0.19560545682907104 0.6821157336235046 0.5934699177742004 0.48637452721595764 0.7975446581840515 -0.8361137509346008 -0.2946215271949768 0.8839024305343628 0.5958318710327148 0.8521846532821655 -0.4241175055503845 0.03075565956532955 0.28649669885635376 -0.24467156827449799 -0.17327681183815002 -0.4321081340312958 -0.3318612575531006 -0.14764048159122467 -0.17492981255054474 
0.08327283710241318 -0.206729456782341 0.20893241465091705 0.337860643863678 -0.25687527656555176 -0.5790027976036072 -0.18086259067058563 -0.07403761148452759 -0.07038000226020813 -0.5494270324707031 0.28175845742225647 0.6745251417160034 0.07692664861679077 -0.113813117146492 -0.18928629159927368 0.25670063495635986 0.48200950026512146 -0.45602551102638245 -0.407835453748703 -0.03387666866183281 0.6287457942962646 -0.19010016322135925 0.3379403054714203 0.23953574895858765 0.04080396890640259 -0.13042575120925903 0.22665399312973022 0.3095407783985138 0.5162913203239441 -1.4402879476547241 -0.32396867871284485 0.5693665742874146 -0.521521806716919 -0.18398596346378326 -0.25749891996383667 -0.366690456867218 0.05960093438625336 0.5928382873535156 -0.8096103072166443 0.3081686198711395 0.08645320683717728 -0.19924478232860565 0.2997211515903473 0.10649268329143524 -0.015571818687021732 -0.13652370870113373 0.14623677730560303 0.18003427982330322 -0.7529615759849548 0.3363659977912903 
-0.09992153197526932 0.031204042956233025 -0.06623341888189316 0.03413704037666321 0.008636287413537502 -0.10059159249067307 -0.6261472702026367 0.09986377507448196 -0.008191206492483616 0.28370335698127747 0.2859085202217102 0.02307603321969509 0.16675692796707153 -0.04002739116549492 -0.11575865000486374 0.12554368376731873 -0.028681432828307152 -0.0947221964597702 0.06283850967884064 -0.12168121337890625 -0.0035529343876987696 -0.10019057989120483 -0.08665389567613602 -0.3483394980430603 -0.03131682798266411 -0.14169545471668243 -0.0960087776184082 -0.23919330537319183 -0.23108762502670288 0.2522028982639313 0.03427503630518913 0.3406708538532257 0.028933215886354446 -0.08350490778684616 0.1711616963148117 -0.6720572113990784 0.2794053554534912 0.13173049688339233 -0.23622570931911469 0.09200286865234375 0.09264401346445084 -0.005102361552417278 -0.02209244854748249 0.1656804382801056 0.06842368841171265 0.1866065263748169 0.09551266580820084 0.048920389264822006 -0.24297218024730682 0.10802894830703735 
-0.14191126823425293 -0.37351536750793457 -0.1354113221168518 0.006722558755427599 -0.20484277606010437 0.04677699878811836 -0.3995194435119629 0.038732774555683136 -0.1066933125257492 0.2815611958503723 -0.004882533568888903 -0.8739538788795471 0.20633327960968018 0.056004609912633896 0.2843366861343384 0.04855502396821976 -0.4688367545604706 -0.025074679404497147 0.19478656351566315 0.1264079511165619 -0.4572541415691376 0.0179611723870039 -0.11377812176942825 -0.29893210530281067 -0.3357182443141937 0.31495335698127747 -0.36085355281829834 -0.46521082520484924 0.01768910512328148 0.7363857626914978 0.07421620935201645 -0.15144918859004974 0.39225703477859497 0.13160096108913422 0.1639898717403412 0.01651361584663391 0.04159775748848915 -1.0182924270629883 -0.10287198424339294 -0.22713685035705566 -0.09630922973155975 -0.004628632217645645 -0.2667684853076935 -0.2874692380428314 -0.0030410734470933676 -0.011453152634203434 0.02306293696165085 0.00795002281665802 -0.2578628361225128 -0.2612127363681793 
0.45632246136665344 0.5076778531074524 -0.052194416522979736 0.252206414937973 0.03767228126525879 -0.35573485493659973 -0.06996936351060867 0.02667343243956566 -0.46459096670150757 -0.7816207408905029 0.5354688167572021 0.04228263348340988 -0.106684111058712 -0.1689920425415039 -0.775442361831665 -0.010293707251548767 0.13316911458969116 0.07802889496088028 -0.18425555527210236 -0.4293976128101349 0.0643179640173912 -0.3148020803928375 -0.302950918674469 0.21594658493995667 -0.42565804719924927 -0.4216656982898712 -0.17606186866760254 -0.06844606250524521 -0.5110372304916382 -0.15644137561321259 -0.020461957901716232 0.7446056604385376 0.14094510674476624 -0.49152228236198425 0.39494189620018005 -0.23837049305438995 0.25892212986946106 0.13127665221691132 -0.051784589886665344 0.4368939995765686 0.6565271019935608 -0.18881358206272125 -0.15448272228240967 0.6530062556266785 -0.21083958446979523 -0.11601109057664871 -0.4210265278816223 -0.08778783679008484 -0.2240956723690033 -0.1693083643913269 
-0.03863893821835518 0.02532612532377243 0.010094777680933475 -0.0011505319271236658 -0.23604439198970795 0.05374549701809883 -0.26795145869255066 -0.037624113261699677 0.18023303151130676 -0.2938155233860016 -0.27299389243125916 0.11034397780895233 0.09851574897766113 -0.14692384004592896 0.03416145220398903 -0.046231094747781754 0.1164044514298439 0.24163733422756195 -0.03789900988340378 -0.13220590353012085 0.07419252395629883 0.4467960596084595 0.05912972614169121 0.5952250957489014 0.20899344980716705 0.01005148608237505 -0.04524032771587372 -0.08472885936498642 -0.15326741337776184 -0.022932955995202065 0.20004016160964966 -0.3087213337421417 -0.3255348205566406 0.1282576322555542 -0.23250894248485565 0.6564116477966309 -0.14621007442474365 0.12026713788509369 0.5083904266357422 -0.11581199616193771 -0.0855197161436081 -0.04544893652200699 0.2264985889196396 0.04024142026901245 0.0707637369632721 -0.06969607621431351 -0.0727657675743103 -0.026925109326839447 0.46756210923194885 -0.06413400173187256 
0.24469535052776337 0.12067010998725891 -0.43727079033851624 -0.18014104664325714 0.07738709449768066 0.9519926905632019 -0.29075294733047485 -0.5840646624565125 -0.1849166750907898 0.5545400381088257 -0.29052236676216125 0.35986432433128357 -0.10672570019960403 -0.5802164077758789 0.3571871817111969 -0.031302083283662796 0.32658711075782776 0.3257913589477539 0.452818363904953 -0.23621757328510284 -0.23119209706783295 -0.02583145536482334 -0.10187285393476486 0.05788794904947281 -0.08507731556892395 0.09017276018857956 0.15848609805107117 0.028284868225455284 -0.2943580150604248 0.4616835415363312 0.11725841462612152 0.1294223666191101 0.2906751334667206 -0.18148165941238403 -0.005621640477329493 0.08279814571142197 -0.6855830550193787 0.507644534111023 -0.3529388904571533 0.31480705738067627 0.3196447193622589 -0.36361974477767944 -0.022161994129419327 0.2653137743473053 -0.3823704123497009 -0.40106120705604553 -0.09472864121198654 -0.4653165340423584 0.40898361802101135 -0.22598429024219513 
0.18726181983947754 -0.4381275177001953 0.04984442889690399 0.14267639815807343 0.1287960708141327 -0.3464890122413635 -0.09604158997535706 0.15120476484298706 -0.05055460333824158 -0.4278692305088043 0.2243167906999588 0.24581293761730194 -0.12877801060676575 0.002410260960459709 -0.5288304090499878 0.3065703213214874 0.0740368589758873 -0.5460825562477112 -0.333258718252182 0.18786461651325226 0.2571195662021637 -0.1411680430173874 0.20905379951000214 -0.15157973766326904 0.17585822939872742 0.3023776412010193 0.14237669110298157 -0.06715370714664459 0.5659031271934509 -0.4640999734401703 -0.6845359206199646 0.15243984758853912 -0.4032498300075531 -0.2541399300098419 0.07769150286912918 -0.659621000289917 -0.031980741769075394 0.28292328119277954 -0.5406992435455322 0.19848668575286865 0.17051368951797485 0.015723569318652153 0.2832471430301666 0.3007957637310028 -0.11286064237356186 -0.0751539021730423 -0.05056113377213478 0.11701054871082306 -0.7332099676132202 0.20412684977054596 
0.15585704147815704 -0.05172239989042282 0.0379583016037941 -0.2476421743631363 0.17283110320568085 -0.1419360339641571 -0.23254984617233276 0.2489977926015854 -0.2621680200099945 -0.3517977297306061 0.20049326121807098 -0.20223234593868256 0.003182576969265938 -0.05100202187895775 0.020004337653517723 -0.21961545944213867 -0.12176531553268433 0.04674152284860611 0.005410203710198402 -0.14642074704170227 0.20896542072296143 -0.24928945302963257 -0.3514176607131958 -0.13550503551959991 -0.20040199160575867 -0.5823808908462524 -0.24731603264808655 -0.009379981085658073 -0.5908364653587341 -0.30727067589759827 -0.12757740914821625 -0.012596482411026955 -0.006640141364187002 0.11393041163682938 0.05923265218734741 0.1411229372024536 -0.12588432431221008 -0.09994301944971085 -0.03837409242987633 0.2501143217086792 0.29535558819770813 -0.2002878338098526 -0.12146209925413132 0.4538630545139313 0.20714901387691498 0.06191306561231613 0.060443323105573654 0.05285578593611717 -0.6543775200843811 -0.27110913395881653 
0.026446158066391945 -0.18719716370105743 -0.07277166843414307 -0.08616292476654053 0.4063870906829834 -0.1680045872926712 -0.06727419048547745 -0.011028757318854332 0.17376330494880676 -0.14909054338932037 -0.5633354783058167 -0.23202866315841675 -0.08544596284627914 0.16239102184772491 -0.16301372647285461 -0.024477316066622734 -0.1531180739402771 -0.11214973032474518 -0.3335849344730377 0.2703835666179657 0.06800775974988937 0.18428312242031097 0.098788782954216 0.15037234127521515 -0.021631158888339996 0.21260491013526917 0.16079463064670563 -0.4667508602142334 -0.06881526857614517 0.01517172995954752 0.036103084683418274 0.07468320429325104 -0.13265442848205566 0.27267125248908997 0.08892293274402618 -0.09210186451673508 -0.4988057017326355 -0.13382457196712494 -0.14264370501041412 0.2598431408405304 0.08368410915136337 0.030374538153409958 -0.08963220566511154 -0.2513648271560669 0.08779563009738922 -0.11292185634374619 0.04366783797740936 -0.05544644221663475 0.45399266481399536 -0.17195530235767365 
-0.2082642912864685 0.14679884910583496 0.2285730391740799 -0.01743820123374462 -0.04017691686749458 -0.1950531005859375 0.3987742066383362 0.31711652874946594 -0.02043231949210167 -0.039014145731925964 0.31680062413215637 -0.13237264752388 0.19124598801136017 0.02870456874370575 -0.0399472713470459 -0.14703984558582306 0.006321395747363567 -0.08279729634523392 0.13070940971374512 0.28318968415260315 -0.05710481479763985 0.24830910563468933 0.20479080080986023 -0.412412166595459 -0.010044359602034092 0.026102451607584953 0.1519014537334442 -0.06724131852388382 0.19761653244495392 -0.1408061683177948 -0.022892003878951073 -0.24936001002788544 -0.08795809000730515 0.24605326354503632 0.05328194051980972 -0.5650184154510498 0.13617146015167236 -0.1579478681087494 -0.24815091490745544 -0.24532854557037354 -0.12920312583446503 0.035973306745290756 0.030454568564891815 -0.29909762740135193 0.17537696659564972 0.2284979522228241 -0.007739018648862839 0.12368830293416977 -0.004374989774078131 0.0017345346277579665 
-0.18011651933193207 -0.16639401018619537 0.05177224427461624 0.16416789591312408 -0.2378131002187729 0.3282192647457123 -0.27118051052093506 -0.19730423390865326 0.013339996337890625 -0.24044181406497955 -0.40013617277145386 0.2123555839061737 -0.09723152220249176 0.010606260970234871 0.14872930943965912 0.1850762963294983 -0.05847182497382164 0.4398735761642456 -0.07021912932395935 -0.012943778187036514 -0.07017316669225693 0.117865189909935 0.20190952718257904 0.1869909018278122 0.10154002159833908 -0.18808850646018982 -0.08600326627492905 -0.047481950372457504 -3.776320954784751e-05 -0.30561721324920654 0.3908299505710602 0.1475549340248108 0.02541601099073887 0.20186501741409302 -0.1522051990032196 0.3646608293056488 -0.6783121228218079 0.037393879145383835 0.08199837803840637 0.06224358081817627 -0.06793437898159027 0.16192126274108887 0.12907809019088745 -0.19898580014705658 -0.05972724035382271 0.04067990556359291 0.13883884251117706 -0.13637444376945496 0.2537315785884857 0.10760337859392166 
-0.06091516837477684 0.1512995958328247 -0.020665640011429787 -0.17720754444599152 -0.1123846098780632 0.06783770769834518 -0.3457592725753784 0.12537193298339844 0.11078710108995438 0.027428319677710533 -0.24068130552768707 -0.7194980978965759 0.16505476832389832 0.053537096828222275 0.30777212977409363 0.15503865480422974 -0.34391292929649353 0.34874486923217773 0.18464651703834534 0.22254857420921326 -0.2765296399593353 0.01166713796555996 0.26222866773605347 -0.011991121806204319 -0.07407617568969727 -0.07842739671468735 -0.5878791809082031 -0.38132885098457336 0.18564246594905853 0.2531101107597351 0.17583179473876953 0.12422670423984528 0.18478383123874664 0.23593083024024963 0.07046148926019669 -0.1606595367193222 0.0976831242442131 -0.6842264533042908 -0.3766247630119324 0.13279935717582703 0.13088613748550415 0.21247375011444092 -0.27150940895080566 -0.11797943711280823 0.2208288013935089 -0.0320989266037941 0.10433996468782425 -0.08041839301586151 -0.431448757648468 -0.1180608868598938 
-0.007997684180736542 -0.008288362063467503 0.04316151514649391 -0.07346908003091812 0.08392813056707382 0.07121937721967697 0.0455239899456501 0.11165577918291092 0.019598374143242836 -0.0024841083213686943 0.026593150570988655 0.11015471071004868 -0.0016425044741481543 0.09205001592636108 -0.03934096172451973 -0.02494232729077339 -0.06156555563211441 -0.06716883182525635 -0.03972463682293892 -0.14161531627178192 -0.07352779060602188 -0.003623747965320945 0.07318127900362015 0.11125451326370239 0.0032053145114332438 0.015900112688541412 -0.12213791161775589 -0.028001567348837852 -0.0764055997133255 -0.026102151721715927 0.030821138992905617 0.00971148256212473 0.11595778912305832 0.025272296741604805 -0.04837485030293465 0.1950375884771347 0.0033394410274922848 0.16420316696166992 0.02804904617369175 -0.04599574953317642 0.08347882330417633 0.026826001703739166 -0.017500940710306168 -0.04087171331048012 -0.07076490670442581 -0.14757280051708221 0.13337190449237823 0.12326152622699738 0.012712129391729832 -0.022460898384451866 
0.015063246712088585 0.12281184643507004 -0.02811969630420208 0.0034715270157903433 -0.10065386444330215 -0.0780794695019722 -0.1876419633626938 -0.23371650278568268 -0.002965234685689211 0.024829020723700523 0.1963130235671997 0.05012940615415573 0.12386976182460785 0.016689052805304527 -0.2000405639410019 -0.024794770404696465 0.16350117325782776 -0.38643571734428406 -0.17902864515781403 -0.17062535881996155 -0.13422878086566925 0.04984048381447792 -0.023251213133335114 0.05913941189646721 -0.05599747225642204 0.13834649324417114 -0.08829540759325027 -0.036806680262088776 -0.31821197271347046 -0.041355930268764496 -0.21995292603969574 0.1347493678331375 -0.007589090149849653 -0.266816645860672 -0.1822105348110199 -0.08340773731470108 0.41121870279312134 0.13268479704856873 -0.2265772521495819 0.10357379168272018 -0.13677166402339935 0.06988631933927536 0.2020276039838791 -0.04319719597697258 0.011969263665378094 0.09255236387252808 0.11279470473527908 -0.02078218013048172 -0.21216914057731628 0.12153623253107071 
-0.2243570238351822 -0.27297601103782654 0.0003628639969974756 -0.013964940793812275 -0.02418193593621254 -0.13178925216197968 -0.15030382573604584 0.1274406611919403 -0.022656196728348732 0.05125163123011589 -0.08787983655929565 -0.36366212368011475 0.1731594353914261 0.08226634562015533 0.09593027830123901 -0.09847940504550934 -0.1299973428249359 -0.08603828400373459 0.09873534739017487 0.11135949194431305 -0.11791994422674179 0.03890430927276611 0.07184787094593048 -0.433795303106308 0.12404351681470871 -0.15826988220214844 -0.005269390530884266 -0.19459789991378784 0.05855853855609894 0.08611994236707687 -0.14725932478904724 -0.15924109518527985 -0.2537349462509155 0.10810212045907974 0.10341721773147583 -0.43051162362098694 0.014998193830251694 -0.39357736706733704 -0.13773711025714874 -0.31542205810546875 -0.12329500168561935 0.23964037001132965 0.01065897848457098 -0.2894384562969208 0.12525776028633118 0.230566143989563 0.0016404789639636874 0.1417902708053589 -0.3425142467021942 0.12022565305233002 
0.08061820268630981 -0.2694687247276306 -0.1572420746088028 -0.01636776328086853 0.10957464575767517 -0.14399456977844238 -0.35638317465782166 0.0699310302734375 -0.1931738704442978 -0.0777960792183876 -0.2246726155281067 -0.24982291460037231 -0.02246943861246109 0.057682063430547714 -0.04644360765814781 0.2320152074098587 -0.24762246012687683 0.5647752285003662 -0.15143443644046783 -0.15130352973937988 0.29457294940948486 -0.13453041017055511 -0.11261731386184692 0.027138227596879005 -0.1980918049812317 -0.260242223739624 -0.23225267231464386 0.08877555280923843 0.13940513134002686 -0.08179347217082977 0.19476717710494995 0.12492819130420685 0.04129600524902344 0.10693908482789993 0.14255091547966003 0.014633744023740292 -0.14404365420341492 -0.331831693649292 -0.24633270502090454 0.014774726703763008 0.15642249584197998 -0.06351733952760696 0.04945702478289604 0.10498750954866409 -0.06931786239147186 -0.013621252030134201 0.00456918403506279 -0.0610148049890995 -0.7902389168739319 -0.13681554794311523 
-0.11702776700258255 -0.009102163836359978 -0.03048531524837017 -0.18467846512794495 -0.04846573993563652 0.04293210804462433 0.16286951303482056 -0.024966830387711525 0.21776588261127472 0.2638084888458252 -0.36663109064102173 -0.7790678143501282 0.03775030001997948 -0.12159259617328644 0.03339708596467972 -0.27926549315452576 -0.5569614171981812 -0.04682522267103195 -0.01660803332924843 0.004938974976539612 -0.12311017513275146 0.44942203164100647 -0.13103024661540985 0.02399078756570816 -0.2451992779970169 -0.23386390507221222 -0.1987680047750473 -0.16433264315128326 -0.47160932421684265 0.6357389092445374 0.05308036506175995 -0.3424437940120697 0.17994563281536102 0.29386264085769653 0.05416540428996086 0.374754935503006 0.3539353013038635 -0.7756554484367371 0.5521944761276245 0.2743716239929199 0.06692882627248764 -0.09969988465309143 -0.3530093729496002 -0.13240252435207367 0.13512039184570312 0.1612192988395691 -0.036101847887039185 0.03814487159252167 0.25868526101112366 -0.21238495409488678 
-0.03222331404685974 -0.0517248809337616 -0.0721094086766243 0.00846340972930193 -0.03606706112623215 0.09887155890464783 0.008044051006436348 -0.047411415725946426 0.04067866504192352 0.025884121656417847 0.08682451397180557 -0.03691055253148079 -0.09346377849578857 0.017804134637117386 0.0617658756673336 0.048531707376241684 0.14399182796478271 0.011996186338365078 -0.04788043722510338 0.00502084381878376 -0.14158505201339722 0.06000145524740219 -0.04113532230257988 0.03440804034471512 0.042419854551553726 -0.05047332122921944 0.004750656429678202 -0.03238984942436218 -0.006113382522016764 0.03139076381921768 -0.005390322767198086 0.03947897627949715 -0.01902020536363125 0.022946255281567574 -0.031717829406261444 0.14657439291477203 -0.017429588362574577 0.09106374531984329 0.0017981564160436392 -0.014480742625892162 0.007374484091997147 -0.05056511610746384 -0.05303552746772766 -0.007875660434365273 0.10074800252914429 0.04854440689086914 -0.022933369502425194 0.0019748990889638662 -0.1091458722949028 0.018223727121949196 
-0.12059915065765381 0.24267791211605072 0.19501382112503052 0.13782726228237152 -0.1410934329032898 -0.8607414960861206 -0.9941820502281189 0.3045409023761749 0.3995573818683624 -0.5197173357009888 0.3748639225959778 0.2689797878265381 0.18736913800239563 0.04333199933171272 -1.0875622034072876 0.5319880843162537 0.5915568470954895 -0.5376444458961487 -0.4660281240940094 0.06431740522384644 1.068953275680542 0.2772555351257324 -0.05948799476027489 0.5197925567626953 0.15863561630249023 0.19516628980636597 0.4908682703971863 0.8112715482711792 0.19815686345100403 -0.9654701352119446 -0.4373280704021454 0.31001684069633484 -1.1562645435333252 -0.6181552410125732 -0.553165078163147 0.02774347923696041 0.4333023726940155 0.18876968324184418 -0.50795978307724 0.027721213176846504 -0.023881088942289352 0.18122956156730652 0.7924692034721375 -0.08200504630804062 0.045537617057561874 0.01298986840993166 0.21905213594436646 0.1949872225522995 -0.5287489891052246 0.31986764073371887 
0.16197630763053894 0.02344917505979538 0.05738191679120064 0.08002878725528717 0.13529595732688904 -0.4068872034549713 1.1966725587844849 -0.05884358286857605 -0.11576070636510849 0.13795633614063263 0.22859841585159302 -0.38298818469047546 0.11466499418020248 -0.09487345814704895 -0.1912417709827423 -0.5218698978424072 -0.2802797555923462 -0.5461360216140747 0.024272402748465538 -0.05102870240807533 -0.01061702799052 0.15410785377025604 -0.21452991664409637 -0.5248282551765442 -0.13728900253772736 -0.233685702085495 -0.19441427290439606 -0.26281824707984924 -0.05382997542619705 0.43474602699279785 -0.5299600958824158 -0.7131495475769043 -0.16218876838684082 -0.17839698493480682 0.13303567469120026 -0.40123558044433594 0.1262146681547165 -0.30430009961128235 0.13289573788642883 -0.20072738826274872 -0.08746268600225449 -0.09240605682134628 -0.5893111824989319 -0.2838188707828522 -0.07852373272180557 0.13614480197429657 -0.042999669909477234 -0.015200162306427956 0.10839372128248215 0.029591241851449013 
0.023786084726452827 0.0535842590034008 0.016356997191905975 0.03648214414715767 -0.25765231251716614 0.04978529363870621 0.08986559510231018 0.05056086555123329 0.05418173596262932 0.062133219093084335 0.03160151466727257 0.06474413722753525 0.16611626744270325 0.02252005599439144 0.05464962497353554 -0.08464062958955765 -0.023246953263878822 -0.014494944363832474 -0.14903417229652405 0.16101662814617157 -0.1530349850654602 -0.35252901911735535 0.10825592279434204 0.23381519317626953 0.13641338050365448 0.03468357399106026 -0.014031659811735153 -0.2862298786640167 0.28227606415748596 -0.333401620388031 0.07548272609710693 0.2666530907154083 0.1270638257265091 0.09418332576751709 -0.01714318059384823 0.001408371957950294 -0.15636326372623444 0.07416057586669922 -0.17183344066143036 -0.16642031073570251 -0.0413108766078949 0.07234308868646622 -0.005872873589396477 -0.2695537507534027 0.17576195299625397 -0.1091366782784462 0.17035816609859467 -0.010998444631695747 0.05553127080202103 0.027275189757347107 
-0.12628012895584106 0.07211101055145264 -0.15373630821704865 -0.41158923506736755 -0.5358828902244568 0.040367648005485535 -0.45289501547813416 0.21501602232456207 0.07183437794446945 -0.10166984796524048 -0.22629402577877045 -0.015922490507364273 0.14534948766231537 0.07990711182355881 -0.09962509572505951 0.2149667888879776 0.15198108553886414 0.011507312767207623 -0.08441438525915146 -0.039607610553503036 0.10194122046232224 -0.3577117621898651 0.18541362881660461 0.18397419154644012 0.11910221725702286 -0.005651053506880999 -0.3860541880130768 -0.17341695725917816 0.3298634886741638 -0.16140948235988617 0.06875886023044586 -0.08175917714834213 0.018484385684132576 -0.008239136077463627 -0.41454243659973145 0.3470838665962219 -0.01894311234354973 -0.21027687191963196 0.09943053871393204 -0.23654772341251373 -0.10938207060098648 0.08818379044532776 0.1754516214132309 -0.07402800023555756 0.18500718474388123 -0.17138299345970154 0.07530032098293304 0.0098697729408741 -0.003407953539863229 0.03248627856373787 
0.09919057786464691 0.33638742566108704 -0.11067764461040497 -0.1028611809015274 0.24263793230056763 -0.28598272800445557 -0.47393882274627686 0.19409801065921783 0.15128934383392334 -0.12087943404912949 0.04923674836754799 0.04632149636745453 -0.006432149093598127 0.18726667761802673 -0.04023946449160576 0.12412607669830322 0.09885840117931366 0.2464229315519333 -0.014896711334586143 0.012178377248346806 0.37312713265419006 0.03726188465952873 0.17322087287902832 -0.1223100945353508 -0.05735018104314804 -0.09288673847913742 0.3005034029483795 0.09322045743465424 0.1579340100288391 0.049035295844078064 0.0819493904709816 -0.29890602827072144 0.013051656074821949 0.2053641825914383 0.022205853834748268 0.4659642279148102 0.37729358673095703 -0.20110666751861572 0.013323751278221607 0.14189738035202026 0.18470264971256256 -0.10352404415607452 -0.06515410542488098 -0.03885477036237717 -0.11601578444242477 -0.08505874127149582 0.029813097789883614 0.0744999423623085 -0.5065063834190369 -0.050770822912454605 
-0.01865464076399803 0.17445382475852966 -0.05636308342218399 0.12385088950395584 0.13906961679458618 0.21806694567203522 1.0045830011367798 0.07572392374277115 -0.21531300246715546 0.1170569658279419 0.17021846771240234 -0.2185806930065155 -0.059779562056064606 -0.032370179891586304 0.2542620599269867 -0.8898175358772278 -0.10921034216880798 -0.6562325358390808 0.13273195922374725 -0.1001715287566185 -1.137820839881897 -0.10722395032644272 0.09822476655244827 -0.030446087941527367 0.2904392182826996 -0.06742346286773682 0.15025974810123444 -0.07857052236795425 -0.1131284236907959 0.3899376392364502 -0.18127726018428802 -0.16159725189208984 0.5306369066238403 -0.19967840611934662 0.3109304904937744 0.11162567883729935 0.10746389627456665 -0.07140949368476868 0.5603599548339844 -0.0008812895393930376 -0.03850039467215538 0.02643263339996338 -0.29357782006263733 0.028608618304133415 -0.02858634665608406 0.11885128170251846 0.0913836807012558 0.030200308188796043 0.5595225691795349 0.10045085102319717 
0.08301949501037598 -0.04479043930768967 0.10320811718702316 0.24729347229003906 0.3333953022956848 -0.45869195461273193 -0.2219133824110031 0.13025662302970886 0.26911047101020813 -0.696435272693634 -0.06953231245279312 0.014266064390540123 -0.024993468075990677 -0.10509314388036728 -0.6545941829681396 -0.02059660106897354 0.1595897674560547 -0.3217020034790039 -0.38471126556396484 -0.04153294488787651 0.47139492630958557 0.28594717383384705 -0.029417233541607857 0.043249644339084625 0.12385013699531555 0.2040756791830063 0.4733993411064148 0.5700448155403137 -0.33772656321525574 -0.5710641145706177 -0.4177432656288147 -0.1944735199213028 -0.6906319856643677 -0.32681140303611755 -0.3059989809989929 0.12292945384979248 -0.2393377721309662 0.3026486039161682 0.006340643856674433 -0.10994037240743637 -0.08237449079751968 0.0890805721282959 0.3235684931278229 -0.01883717067539692 -0.09797051548957825 -0.03638306260108948 0.06486991792917252 0.1295212209224701 -0.03326848894357681 -0.08721182495355606 
0.1660442054271698 -0.30344367027282715 0.07095903903245926 -0.027433771640062332 0.006510206498205662 -0.4785299301147461 -0.3613160252571106 0.15287882089614868 -0.24173107743263245 -0.5666585564613342 0.4634259343147278 -0.3546352684497833 -0.13681167364120483 0.012728193774819374 -0.8249946236610413 -0.09298188984394073 0.05170270428061485 -0.37935149669647217 -0.7909109592437744 -0.12207075953483582 0.019037121906876564 -0.07039692252874374 -0.2861449420452118 -0.03374842554330826 -0.4777296781539917 -0.6351724863052368 -0.11614646017551422 -0.3369336426258087 -0.8031665086746216 0.3018172085285187 -0.3415370285511017 0.20355163514614105 -0.1774136871099472 -0.5595694780349731 0.09109625220298767 -0.45223096013069153 -0.2798245847225189 -0.031955473124980927 -0.3251543343067169 0.1336255520582199 0.40823325514793396 -0.26512739062309265 0.19157561659812927 0.013096409849822521 -0.06997808068990707 -0.023038437590003014 -0.1763976812362671 0.10323446989059448 -0.8578011989593506 -0.18431927263736725 
0.26021766662597656 -0.09112685173749924 -0.014713980257511139 0.19984740018844604 -0.08772355318069458 0.1943109780550003 -0.1968243271112442 -0.8975813388824463 -0.25760316848754883 0.05146317556500435 0.05403886362910271 0.4582441747188568 -0.032915763556957245 -0.642451286315918 -0.13265952467918396 0.027203114703297615 0.13192860782146454 0.10849542170763016 -0.2785125970840454 -0.18713481724262238 -0.05866215378046036 -0.09857381880283356 0.12914840877056122 0.16482387483119965 0.015787042677402496 -0.03366916626691818 0.029403086751699448 0.22160613536834717 -0.20126870274543762 -0.11506148427724838 0.2033124417066574 0.007228389848023653 0.09063359349966049 -0.3787379264831543 -0.13617469370365143 0.06722898781299591 0.28466135263442993 0.3761904239654541 -0.2665030062198639 0.10208108276128769 0.14392589032649994 -0.2977876365184784 0.04679182171821594 0.4715798497200012 -0.18385443091392517 -0.19742070138454437 0.060567378997802734 -0.05699474737048149 -0.18368247151374817 -0.03449521213769913 
0.20976905524730682 -0.0006922457250766456 -0.0977216437458992 0.2777996063232422 0.46698319911956787 -0.09351865202188492 0.4617396295070648 -0.08237738162279129 -0.1989860236644745 0.186814546585083 0.22370117902755737 0.39044123888015747 -0.14206840097904205 -0.04766879603266716 -0.09621325135231018 -0.10943213105201721 0.014355015940964222 -0.0345766618847847 -0.025009382516145706 -0.09468936175107956 0.028963951393961906 -0.07891113311052322 0.0690985694527626 -0.20271025598049164 -0.06513416767120361 0.23914246261119843 0.23897424340248108 0.0664965957403183 0.35965287685394287 0.035656921565532684 -0.17389686405658722 0.1374342143535614 -0.3072190582752228 -0.22973397374153137 0.2561050057411194 -0.5941256880760193 -0.45741546154022217 0.4696499705314636 -0.23074063658714294 0.2247917652130127 0.18384863436222076 -0.14123669266700745 0.00174896779935807 0.2553560137748718 -0.07439637929201126 -0.03548549488186836 0.021683305501937866 0.07513565570116043 0.01668647862970829 0.040282297879457474 
-0.014160005375742912 -0.35716432332992554 -0.02226388268172741 0.28722360730171204 0.17139500379562378 -0.3816438615322113 0.34153902530670166 -0.043724507093429565 0.07918143272399902 0.039236947894096375 -0.25165387988090515 -0.15787358582019806 -0.0781618282198906 0.19330015778541565 -0.1906309574842453 0.04148475080728531 -0.010936038568615913 -0.01832207851111889 -0.2610558271408081 0.1609824299812317 0.17683453857898712 0.04340759664773941 -0.15535256266593933 -0.1337493658065796 -0.15121865272521973 -0.06096543371677399 0.08445008844137192 0.06536176055669785 -0.020861297845840454 -0.2540769875049591 0.03322558104991913 0.25470802187919617 -0.32947197556495667 0.11982740461826324 -0.028902148827910423 -0.5716044306755066 -0.2049747258424759 -0.027682915329933167 -0.060366466641426086 -0.018466642126441002 -0.17832404375076294 0.20182906091213226 0.03047650307416916 -0.24185067415237427 -0.01893244870007038 0.048743754625320435 0.08181745558977127 0.1573190540075302 0.10492915660142899 -0.12164589762687683 
0.13491420447826385 -0.16684187948703766 -0.7231959104537964 -0.851698637008667 0.2113528549671173 0.625454306602478 -0.8206591010093689 0.1661233752965927 -0.5715406537055969 0.199299618601799 -0.7318732738494873 -0.35181209444999695 0.03129405155777931 -0.04113948717713356 0.1961698830127716 0.234935462474823 -1.1255377531051636 0.9482122659683228 0.3026016354560852 -0.6254913210868835 -0.5257424712181091 -0.48507270216941833 -0.31708869338035583 0.11445798724889755 -0.7016168832778931 -0.7074073553085327 -0.9163472056388855 -0.4025539755821228 0.5432191491127014 0.26649489998817444 0.4738997519016266 0.5936616063117981 0.31590157747268677 0.31068363785743713 0.01588059589266777 0.027353445068001747 -0.04308904707431793 -0.5049210786819458 -0.2000490427017212 0.2618134319782257 0.1915159374475479 -0.29268351197242737 -0.2138064205646515 0.31629857420921326 0.01625438965857029 -0.19072291254997253 0.0633254274725914 -0.7163363099098206 -0.7815653681755066 -0.6314664483070374 
-0.15392424166202545 -0.17649243772029877 -0.013963653706014156 -0.34023645520210266 -0.04594075307250023 0.28485336899757385 -0.6157571077346802 0.1308659464120865 0.029218843206763268 0.227005273103714 -0.268078476190567 -0.1265491098165512 0.01667362079024315 0.23345854878425598 0.2851838767528534 0.15031090378761292 -0.01577732339501381 0.3319209814071655 0.10979033261537552 0.09397300332784653 -0.4412783086299896 -0.501764178276062 -0.13777872920036316 0.023706873878836632 0.14661845564842224 -0.21934223175048828 -0.7607440948486328 -0.5062785744667053 0.142078697681427 0.1879143863916397 0.28259268403053284 0.2876797020435333 0.5270318984985352 0.15957842767238617 -0.05206434056162834 0.21870388090610504 -0.1929258555173874 0.0037547589745372534 -0.11916743963956833 -0.16189885139465332 -0.1926392912864685 -0.033499352633953094 0.0675601065158844 -0.15330669283866882 0.02655576542019844 -0.1563858538866043 0.08327747136354446 -0.09747476130723953 -0.15486672520637512 -0.07480518519878387 
0.16114062070846558 0.15066656470298767 -0.6986690163612366 -0.2840271294116974 -0.4023302495479584 0.24856030941009521 0.0695677325129509 -1.3187979459762573 -0.3266372084617615 -0.5178165435791016 -0.3604212701320648 0.48369210958480835 -0.8053380846977234 -1.0815690755844116 -0.016009099781513214 -0.16291368007659912 0.037185780704021454 -0.30081239342689514 -0.7093559503555298 -0.3163641095161438 -0.22799348831176758 -0.23964150249958038 -0.3034009337425232 0.007953951135277748 -0.22807157039642334 -0.09147676080465317 0.11912667751312256 -0.5350679159164429 -0.28463491797447205 -0.20450973510742188 -0.04154418036341667 -0.16586463153362274 -0.16800060868263245 -0.6483882665634155 -0.024849887937307358 -0.1833447962999344 -0.049491770565509796 0.3878830373287201 0.11636610329151154 0.23111312091350555 0.18546970188617706 -0.48792925477027893 -0.32635417580604553 0.37335050106048584 -1.0235962867736816 -0.14359305799007416 -0.2745390236377716 -0.4016498625278473 0.6483278274536133 -0.2769555449485779 
0.09423699229955673 -0.11807303875684738 0.09895116090774536 -0.12368833273649216 0.23212745785713196 -0.03032509982585907 -0.5581164956092834 0.0710933580994606 -0.09908095002174377 -0.14375066757202148 0.003994571976363659 -0.04218965396285057 0.12047652155160904 0.03424389660358429 0.01544763520359993 0.12011135369539261 0.1849317103624344 0.5321994423866272 -0.09578044712543488 -0.029931949451565742 0.41917505860328674 -0.1333693265914917 0.015847787261009216 0.11324728280305862 -0.057531069964170456 0.12007389962673187 0.26556745171546936 0.28852200508117676 0.27999937534332275 -0.47190988063812256 0.17247092723846436 0.14064255356788635 -0.21967114508152008 -0.014218226075172424 -0.025446610525250435 -0.19636531174182892 -0.2872393727302551 0.10281747579574585 -0.33210131525993347 -0.028762290254235268 0.011275926604866982 0.06094216927886009 0.1552758514881134 0.2698230445384979 -0.028640614822506905 -0.11830460280179977 0.12640181183815002 -0.13180050253868103 -0.24357041716575623 0.04988524317741394 
0.5065680742263794 -0.24944829940795898 0.0832122415304184 0.021972039714455605 -0.09071148931980133 -0.41250336170196533 -0.27714356780052185 0.06188870593905449 -0.16175448894500732 -0.13471631705760956 0.05097932368516922 -0.3989306688308716 0.015997828915715218 -0.14048604667186737 -0.621432363986969 0.16537347435951233 -0.14055529236793518 -0.049792274832725525 -0.5729831457138062 0.029214438050985336 -0.08627162128686905 -0.10601259768009186 -0.20526744425296783 -0.03800414875149727 -0.5345664024353027 -0.5531542301177979 -0.3686358630657196 -0.10106467455625534 -0.27705395221710205 0.11343115568161011 -0.1928505003452301 0.3653011620044708 -0.00978963915258646 -0.3653986155986786 -0.02984524704515934 -0.42092519998550415 -0.3282269537448883 -0.180669367313385 -0.3230603337287903 0.361606240272522 0.505963146686554 -0.16604092717170715 -0.06012975424528122 0.40360507369041443 -0.09657832980155945 0.031576670706272125 0.1241803765296936 -0.09235427528619766 -0.4763367474079132 -0.03369608521461487 
0.6739301681518555 -0.10219170153141022 0.2490042746067047 0.43813520669937134 0.8035685420036316 0.0064550600945949554 0.48627904057502747 0.45659366250038147 -0.15971112251281738 0.08121351152658463 -0.5084693431854248 -0.20105840265750885 -0.08552254736423492 0.32038381695747375 0.17831578850746155 -0.052845362573862076 -0.47848033905029297 0.44322171807289124 0.28982260823249817 -0.20101869106292725 -0.10870537161827087 0.19584330916404724 -0.3792809844017029 0.19428011775016785 -0.14272332191467285 0.12313149124383926 0.11500623822212219 -0.14896203577518463 -0.5053707361221313 0.808669924736023 0.32864704728126526 0.07366535812616348 -0.027335934340953827 -0.12974098324775696 0.14173845946788788 -0.5066784024238586 -0.10025307536125183 0.1462658792734146 0.2622753083705902 0.5556532740592957 0.5690574645996094 -0.27150776982307434 0.1621972769498825 -0.27896925806999207 -0.3292919993400574 0.08151757717132568 -0.2046610414981842 0.21744868159294128 0.6994202136993408 -0.7090571522712708 
0.09553361684083939 -0.1706078052520752 -0.3526632487773895 -1.0559053421020508 -0.14768558740615845 1.0967212915420532 -0.8258223533630371 -0.13011711835861206 -0.24614891409873962 0.10296395421028137 -1.0686078071594238 0.025333795696496964 0.055270563811063766 0.022235775366425514 0.32132190465927124 0.04084913805127144 -0.495906800031662 0.8087029457092285 0.32656803727149963 -0.2368173748254776 -0.19402608275413513 -0.667242169380188 -0.6176226735115051 0.05974350869655609 -0.11180855333805084 -0.8817126154899597 -0.6904415488243103 -0.48940980434417725 -0.04915296658873558 0.30863723158836365 0.47814232110977173 0.3696501851081848 0.8822301030158997 -0.0469093918800354 0.24067941308021545 0.45293954014778137 0.041021279990673065 0.05697202309966087 -0.06089998781681061 0.3846707046031952 0.15276303887367249 -0.10618956387042999 -0.09789577126502991 0.15235136449337006 0.0764644593000412 -0.3444890081882477 -0.029528586193919182 -0.28790923953056335 0.15024425089359283 -0.2726644277572632 
0.05135370045900345 0.3448178470134735 0.03965015336871147 -0.04609300196170807 -0.18725064396858215 0.3116956949234009 -0.23372960090637207 0.16778628528118134 -0.1224999725818634 0.2627260982990265 0.1522732526063919 -0.10400258004665375 -0.028429975733160973 0.07164626568555832 0.33857035636901855 -0.23600414395332336 0.07565751671791077 -0.18869398534297943 0.08998258411884308 0.08939491212368011 -0.4030335545539856 -0.38240620493888855 -0.016238108277320862 -0.1320681869983673 0.10069876164197922 0.014785715378820896 -0.06601563096046448 0.1349218189716339 0.1112174540758133 0.32343319058418274 0.14034442603588104 -0.3264571726322174 0.5696062445640564 0.1364770084619522 -0.0591793954372406 0.4323379099369049 -0.15538930892944336 0.044768936932086945 0.26273781061172485 -0.13393259048461914 -0.13099880516529083 0.0807584896683693 -0.20602057874202728 -0.05263292044401169 -0.00648809690028429 0.08471979945898056 0.12911199033260345 -0.022368120029568672 0.0686020776629448 0.014339479617774487 
-0.1788177639245987 -0.13739092648029327 -0.12705203890800476 -0.2645123600959778 -0.13303765654563904 0.2597203254699707 -0.3734806180000305 0.05811700224876404 -0.06671778112649918 0.14294348657131195 -0.28435996174812317 0.12908950448036194 0.1567143350839615 0.04400883987545967 0.3036046028137207 0.03513943776488304 -0.20374299585819244 -0.010330678895115852 0.09740298241376877 -0.07894951105117798 -0.4424826502799988 -0.003256880911067128 -0.1652020663022995 0.17351607978343964 0.024226048961281776 -0.22025510668754578 -0.7303228974342346 -0.41627267003059387 -0.11659273505210876 0.18343277275562286 0.04138901084661484 0.14088468253612518 0.45706918835639954 0.12164905667304993 -0.07797212153673172 0.1385112851858139 -0.07972421497106552 0.08122224360704422 0.0724530890583992 0.09158008545637131 -0.09298235923051834 0.12636207044124603 0.132322758436203 0.022115584462881088 0.1326860636472702 -0.08437401801347733 0.19323411583900452 -0.051012370735406876 0.18711057305335999 0.015489701181650162 
-0.26991981267929077 -0.12591086328029633 0.16709426045417786 0.44719403982162476 -0.4217328727245331 -0.7485688328742981 -0.5823850631713867 -0.06454094499349594 0.4182412326335907 -0.44865623116493225 0.5292548537254333 0.31079962849617004 0.0899273231625557 -0.013293126598000526 -0.5540328025817871 0.3202982246875763 0.6988269090652466 -0.7650454044342041 -0.2810896635055542 0.10759348422288895 0.32004091143608093 0.49133220314979553 0.05227219685912132 0.5284386873245239 0.30049899220466614 0.15216000378131866 0.1350555121898651 0.2752532362937927 0.08422082662582397 -0.6524425745010376 -0.35171836614608765 -0.03298583999276161 -0.9061548709869385 -0.4778255820274353 -0.7275526523590088 0.08675110340118408 -0.08781161904335022 0.26950910687446594 -0.43103063106536865 -0.24155330657958984 -0.11362884193658829 0.12470952421426773 0.6227537393569946 -0.16951172053813934 0.04764377698302269 -0.05724141374230385 0.20390067994594574 0.24158430099487305 -0.3723105490207672 0.3119768798351288 
-0.02983783185482025 -0.10433229804039001 0.18366318941116333 -0.029871368780732155 -0.017047736793756485 0.00010747025953605771 -0.3958393931388855 -0.028508126735687256 -0.12479208409786224 0.017347870394587517 0.08550337702035904 -0.44500213861465454 0.03378229960799217 -0.10141278058290482 -0.15527574717998505 -0.03317240998148918 -0.03630506992340088 0.15041926503181458 -0.16697007417678833 -0.10552173852920532 -0.01145870704203844 0.0444757379591465 -0.3071480095386505 0.2928631901741028 -0.6533127427101135 -0.48213768005371094 -0.02434505522251129 0.10434318333864212 -0.36304783821105957 -0.2305527925491333 0.1612449586391449 -0.27073782682418823 -0.293835312128067 -0.12493722140789032 -0.11486338078975677 -0.05294150859117508 -0.12368179112672806 -0.165986105799675 -0.048404499888420105 0.04101791977882385 0.11389573663473129 -0.13883034884929657 -0.17078718543052673 -0.01852504350244999 0.12536804378032684 -0.13844254612922668 -0.005792070645838976 0.061272118240594864 0.18936589360237122 -0.2878524363040924 

-0.30428406596183777 0.38336315751075745 -0.1966419816017151 0.28766706585884094 0.19656269252300262 0.5415552854537964 -5.743936708313413e-05 0.2557750940322876 -0.2716676890850067 -0.15640732645988464 0.44043776392936707 -0.19159679114818573 -0.27364015579223633 -0.1848069131374359 0.24024760723114014 0.40225982666015625 -0.24695466458797455 -0.10676233470439911 -0.15967775881290436 -0.19233514368534088 0.1173161044716835 -0.44690778851509094 -0.00016377637803088874 0.14262275397777557 -0.262617826461792 -0.09856221079826355 -0.2718023955821991 -0.00015454980893991888 -0.4613253176212311 -0.4782722294330597 0.12415071576833725 0.11200688779354095 -0.1522783637046814 0.4114055335521698 -0.33372199535369873 -0.15088963508605957 0.32938477396965027 -0.1642577052116394 -0.21593064069747925 -0.38589730858802795 0.3218790888786316 0.2876169979572296 -0.21834108233451843 -0.20773735642433167 -0.22533747553825378 0.571343719959259 0.1765405684709549 0.3082183301448822 0.4292507767677307 -0.28024664521217346 
BIAS:
-0.4739081859588623 0.04303400591015816 0.4855261743068695 0.3056427538394928 -0.643801212310791 -0.5966125726699829 -0.9394521713256836 0.6185494065284729 1.974151372909546 -1.0143424272537231 0.3035458028316498 0.24132129549980164 0.41399189829826355 0.2515401244163513 -0.42761483788490295 0.7623404264450073 0.9644768834114075 -0.8901345133781433 -0.3090877830982208 0.10181981325149536 0.6224597692489624 0.8578202724456787 -0.06276939809322357 0.5977059006690979 0.17026512324810028 -0.02394317276775837 0.3057478368282318 0.7709618210792542 -0.20005370676517487 -0.858057975769043 -0.2974385619163513 -0.2033465951681137 -0.5602079033851624 -0.48724815249443054 -0.9532021284103394 0.11818794906139374 0.13862523436546326 0.22788317501544952 -0.12179083377122879 -0.15402227640151978 -0.21491345763206482 0.1651374101638794 1.2583016157150269 -0.05020174756646156 0.2350502759218216 0.10625480115413666 0.5507135391235352 0.554604172706604 -0.30073270201683044 0.5488042235374451 

-0.0008599703432992101 -0.16865558922290802 -0.0827222689986229 0.20945991575717926 -0.1207290068268776 -0.09594617784023285 -0.06615535914897919 -0.031483136117458344 -0.01649213209748268 -0.2825075387954712 0.3607860803604126 -0.10696578770875931 0.004454920068383217 -0.13807281851768494 0.1530889868736267 -0.16437406837940216 0.09460975229740143 -0.020766472443938255 -0.07512393593788147 -0.03439335897564888 0.04002700746059418 -0.07345685362815857 -0.08833768218755722 0.07604106515645981 -0.1086714044213295 -0.05755262076854706 -0.16670915484428406 -0.07587428390979767 0.25481534004211426 0.010526842437684536 -0.06626659631729126 0.23869925737380981 -0.1180931106209755 -0.05874287709593773 0.14555957913398743 0.0021133259870111942 0.061184827238321304 -0.23284272849559784 0.13158781826496124 -0.11279129981994629 0.06231039762496948 -0.04884808138012886 0.031914420425891876 -0.15989190340042114 -0.21678853034973145 -0.0907822772860527 -0.12980899214744568 0.19289377331733704 0.4314373731613159 0.0516333281993866 

0.027681389823555946 