1
3                  50                  50                  1
8.999099731445312 0.9845272898674011 0.6000000238418579 
5.363064765930176 0.48503339290618896 0.05000000074505806 
0.5010292530059814 
0.3634949326515198 
WEIGHT:
0.2810419201850891 -1.246070384979248 3.5985805988311768 
-0.4650730788707733 -0.6592782735824585 0.8424222469329834 
0.7588305473327637 -0.7483217716217041 -0.419683575630188 
-0.6582199931144714 1.9380576610565186 0.16363680362701416 
-0.03508897125720978 0.5629807114601135 -0.9957951903343201 
-0.5397181510925293 1.5913474559783936 -0.04735737293958664 
0.7184178233146667 -0.19154557585716248 1.1901695728302002 
0.9356814622879028 -0.8956648111343384 -0.13516484200954437 
-0.15877960622310638 2.0690252780914307 0.43935108184814453 
-0.2705831825733185 -0.8078194260597229 2.1526873111724854 
1.2084975242614746 -0.9971858263015747 -0.5298320651054382 
-0.3579021394252777 -0.37104275822639465 -1.8860753774642944 
-0.6526205539703369 -0.9980413913726807 -1.0685501098632812 
0.46953877806663513 -0.21589769423007965 1.1714694499969482 
0.06887692958116531 0.17249774932861328 -0.6093050837516785 
1.185441255569458 -1.5892235040664673 -0.4166075885295868 
0.7096042037010193 -0.5641465187072754 -0.2569860517978668 
0.9891056418418884 -0.3958684802055359 -0.19820597767829895 
0.44652172923088074 -0.8170644044876099 -0.7188737988471985 
-1.257631540298462 2.0091233253479004 1.8796190023422241 
0.08066000789403915 -0.18431296944618225 2.948622941970825 
0.7545629143714905 -1.1706663370132446 -0.040520135313272476 
-0.29950740933418274 2.1109061241149902 0.4726097285747528 
-0.8452390432357788 2.3838939666748047 -3.518721103668213 
1.418054223060608 -0.8880200982093811 -0.2805784344673157 
0.1248832643032074 0.624504029750824 -0.4627242088317871 
1.4158458709716797 -1.391236424446106 -0.04849885031580925 
0.008157972246408463 -0.9675590991973877 0.21621622145175934 
-1.5496195554733276 -2.9575929641723633 0.11881308257579803 
0.133767232298851 -1.3409239053726196 -0.04834701493382454 
0.09872311353683472 -0.05786757916212082 0.7255489826202393 
-1.1887050867080688 0.33284834027290344 -1.619864583015442 
0.31459322571754456 -1.3616434335708618 -0.8614620566368103 
0.5156064629554749 -1.133249044418335 -0.004951377399265766 
0.7478830218315125 -0.559812068939209 -0.26382976770401 
-0.4460214078426361 0.3846634328365326 0.3526613116264343 
-0.25824427604675293 0.02371121197938919 -0.26157766580581665 
-0.2843932807445526 -0.7818581461906433 -1.469690203666687 
-1.6228270530700684 0.9428437948226929 -0.060441754758358 
-0.005972557235509157 -0.9890574216842651 -1.0309607982635498 
0.9361301064491272 -1.6917308568954468 4.035195827484131 
-1.073405385017395 0.6828600168228149 0.6272388696670532 
-0.7632009387016296 -0.3591371774673462 -0.030702365562319756 
-0.260196715593338 -0.8823846578598022 -0.28915935754776 
-1.0375125408172607 2.976984739303589 -4.207701206207275 
-1.1052461862564087 1.4882619380950928 -0.5662920475006104 
-0.978503942489624 -0.14198686182498932 -0.5256696939468384 
3.0586812496185303 -0.8394792675971985 -1.0274386405944824 
0.36598265171051025 0.12933960556983948 0.4665316939353943 
-0.5260165929794312 0.6547628045082092 1.1666368246078491 

-0.2303137630224228 -0.2981705069541931 -0.27142348885536194 0.04992661997675896 -0.014029453508555889 -0.08826658129692078 -0.12379081547260284 0.10310772061347961 -0.03959926217794418 -0.18616972863674164 0.15136322379112244 -0.1866142749786377 0.0008853096514940262 -0.1911756843328476 0.16109441220760345 0.10405246913433075 -0.2126608043909073 -0.2071167528629303 0.1493780016899109 -0.16546322405338287 -0.1860758513212204 0.07940402626991272 -0.05960658937692642 -0.029518263414502144 0.023394335061311722 0.2051575779914856 0.155721515417099 -0.019847935065627098 -0.006847991608083248 0.16790105402469635 0.12618350982666016 -0.022771229967474937 -0.0012445341562852263 -0.010446786880493164 -0.06428579986095428 0.09476406127214432 0.18370813131332397 -0.18321256339550018 0.19588275253772736 0.14726150035858154 -0.27501991391181946 -0.26256924867630005 0.009575269185006618 0.03804520517587662 0.0245160274207592 -0.11885819584131241 0.03670656681060791 -0.05099320784211159 0.06739026308059692 -0.23456889390945435 
-0.49484458565711975 0.043434564024209976 0.0462680384516716 -0.8935606479644775 -0.1291075497865677 -0.23945927619934082 0.28396326303482056 0.5895513892173767 -0.6170939207077026 -0.4361649751663208 0.42202186584472656 -0.28173986077308655 0.2685084044933319 -0.03370397165417671 0.15890495479106903 0.45267313718795776 0.13743367791175842 0.20418065786361694 0.47571900486946106 -0.8162568807601929 -0.8493234515190125 0.2398359179496765 -0.8299592733383179 -0.3530958890914917 0.5899189710617065 0.044194359332323074 0.468984454870224 -0.058861568570137024 0.20248132944107056 0.3699650168418884 0.16968899965286255 -0.23960044980049133 0.3881947994232178 0.6067178249359131 -0.11600719392299652 0.1993335783481598 0.015443984419107437 -0.4472871422767639 -0.1662774235010147 0.2414660006761551 -0.43983617424964905 -0.13420891761779785 0.2729910612106323 -0.04860539361834526 -0.5976927876472473 -0.8671919703483582 0.25011155009269714 0.29829204082489014 0.14582984149456024 -0.35160666704177856 
-0.32366788387298584 -0.0043973419815301895 -0.19071878492832184 -0.1917724460363388 -0.35416966676712036 -0.20900771021842957 -0.08295901864767075 0.29802048206329346 -0.5662028193473816 -0.2834089398384094 0.3032996356487274 -0.40329188108444214 0.15840089321136475 -0.03898702934384346 0.14760249853134155 0.3080204725265503 -0.04674600064754486 0.013715376146137714 0.02531977742910385 -0.31964296102523804 -0.11551205813884735 0.19007696211338043 -0.310764878988266 -0.18762443959712982 0.37723976373672485 0.10059324651956558 0.2573898732662201 0.02625104784965515 0.059421807527542114 0.2707098424434662 0.1773325353860855 -0.2800642251968384 0.21873582899570465 0.10670950263738632 0.11082645505666733 0.0746069923043251 0.03994741663336754 -0.12831228971481323 0.11934706568717957 0.24991661310195923 -0.31447964906692505 -0.16262540221214294 -0.013031360693275928 0.03323913738131523 -0.4123121500015259 -0.41619399189949036 0.01665533147752285 0.11234168708324432 0.1448754370212555 -0.28632020950317383 
0.8315020203590393 -0.031975843012332916 -0.05648394674062729 0.8222381472587585 0.3945959210395813 0.2835592031478882 -0.1952371448278427 -0.9330388307571411 0.8006167411804199 0.7127914428710938 -0.5210629105567932 0.40282684564590454 -0.08222596347332001 -0.00956792663782835 -0.06898410618305206 -1.4597997665405273 -0.052705250680446625 -0.13378114998340607 -0.5903081893920898 0.8497335314750671 0.7378642559051514 -1.020112156867981 0.6678743958473206 0.33077022433280945 -1.0461170673370361 -0.09900303184986115 -1.1443512439727783 -0.12067052721977234 -1.0107430219650269 -0.980485737323761 -0.05589790642261505 0.5634750127792358 -0.7504922151565552 -0.8301543593406677 -0.010902933776378632 -0.07660606503486633 -0.02037963829934597 0.36358484625816345 0.11796174198389053 -0.2643013298511505 0.7449330687522888 0.3142484128475189 -0.21588565409183502 0.021287105977535248 0.8599365949630737 0.7586262822151184 -0.04694441333413124 -0.31651031970977783 -0.25496354699134827 0.6715375185012817 
0.6897993087768555 -0.24340686202049255 -0.17127758264541626 1.087440013885498 0.5152395963668823 0.3729807734489441 -0.051591645926237106 -1.4592194557189941 1.031589388847351 1.110205054283142 -0.7698604464530945 0.5902302265167236 -0.30112800002098083 0.29648423194885254 -0.08988171070814133 -1.5539252758026123 -0.279950886964798 -0.22274480760097504 -1.152364730834961 1.1072413921356201 1.0571503639221191 -1.0740710496902466 0.8295235633850098 0.6520569324493408 -1.3982404470443726 0.05098548159003258 -1.9160937070846558 0.06573310494422913 -1.462479829788208 -1.5292763710021973 0.03612171486020088 0.7600710391998291 -1.2530086040496826 -1.7532345056533813 0.06624181568622589 0.15081365406513214 -0.20251533389091492 0.3622128665447235 0.3303627669811249 -0.4006079435348511 0.9589167833328247 0.42637327313423157 -0.1446072906255722 0.13188497722148895 1.0443166494369507 1.5969200134277344 0.13083049654960632 -0.6953017115592957 -0.11109338700771332 0.669588029384613 
-0.14085866510868073 -0.31951025128364563 0.05077873170375824 -0.07516132295131683 0.057900283485651016 0.33901485800743103 0.09138597548007965 0.2798875570297241 0.20975060760974884 -0.13265609741210938 0.09977473318576813 -0.24824468791484833 -0.15195637941360474 -0.11146194487810135 0.08042443543672562 0.08326396346092224 0.01959042437374592 0.009512927383184433 0.09550889581441879 -0.07493311166763306 -0.12514768540859222 0.12846428155899048 0.06222258880734444 -0.03593790903687477 0.06481074541807175 0.06264372915029526 0.02429564855992794 -0.24825625121593475 -0.17814414203166962 0.01110022608190775 -0.034350354224443436 -0.022209620103240013 0.044732898473739624 0.07732855528593063 -0.07382208108901978 0.06625798344612122 0.0715961903333664 -0.30657321214675903 -0.19734853506088257 0.05771362781524658 -0.32661914825439453 -0.00034392529050819576 -0.0485355518758297 -0.251930296421051 -0.1600750833749771 -0.058004025369882584 -0.12531866133213043 -0.08181445300579071 -0.002202768111601472 -0.13995914161205292 
-0.3230576813220978 -0.17105704545974731 -0.04977285489439964 0.04779884219169617 0.0848313495516777 0.17633745074272156 -0.09665463119745255 0.18452942371368408 0.1583668291568756 -0.408397912979126 -0.06772179156541824 -0.11285442113876343 0.1134389340877533 -0.24492335319519043 0.14038878679275513 0.0667787566781044 -0.07414715737104416 -0.04009013995528221 0.12082893401384354 -0.10661447048187256 -0.16645044088363647 0.12466742843389511 -0.19271355867385864 0.18591909110546112 0.026671627536416054 0.01701817288994789 -0.19649235904216766 -0.34152188897132874 0.03042672574520111 0.04475618898868561 0.0215000007301569 0.10455886274576187 0.20131149888038635 0.09222901612520218 -0.26656675338745117 -0.03562212735414505 0.17039693892002106 0.01645086333155632 -0.11025039851665497 0.27002349495887756 -0.13019298017024994 0.012677331455051899 0.23544299602508545 -0.13333098590373993 -0.02004895731806755 0.008322020061314106 0.11876804381608963 0.039512939751148224 -0.0644976794719696 -0.07473722845315933 
0.10314813256263733 -0.07310793548822403 -0.19899186491966248 0.30620449781417847 -0.08879923820495605 0.24701593816280365 0.038687754422426224 -0.06864415854215622 -0.17196641862392426 0.0837041586637497 -0.012068470008671284 -0.0408722423017025 -0.13902537524700165 0.12435939162969589 -0.1113288402557373 -0.004487474914640188 -0.13073746860027313 -0.10560352355241776 -0.011839439161121845 0.07916738092899323 0.22844046354293823 0.08895222842693329 0.32791370153427124 -0.00582140265032649 -0.10967923700809479 -0.011026921682059765 0.10343021899461746 0.04295948147773743 -0.10395795106887817 0.04420798644423485 0.07611361891031265 -0.1515498012304306 -0.12519453465938568 -0.11103048920631409 -0.0029070228338241577 0.05136691406369209 -0.06708395481109619 -0.04801947623491287 0.04618034139275551 -0.1427282840013504 -0.01477560494095087 -0.003066728124395013 -0.07158029079437256 -0.20669671893119812 -0.12009243667125702 0.13081634044647217 0.07672806829214096 -0.2060731053352356 0.09987922012805939 0.1391037404537201 
0.020911160856485367 0.1241743415594101 0.1441541612148285 -0.12059474736452103 -0.032773010432720184 0.005785063374787569 -3.4050015528919175e-05 -0.07323894649744034 0.12008178979158401 0.020687466487288475 -0.006151929032057524 0.07180153578519821 0.17194834351539612 -0.2049679011106491 0.10329318791627884 0.14323218166828156 0.24245169758796692 0.20944994688034058 0.029704565182328224 -0.005494417157024145 0.10124579817056656 0.09991393983364105 -0.11709805577993393 0.1267617642879486 -0.03239436447620392 0.09281901270151138 -0.18766126036643982 0.041381608694791794 -0.011736487969756126 0.00570335891097784 -0.05004044622182846 0.020005429163575172 0.00732099125161767 -0.016094651073217392 -0.012518058530986309 0.03233737871050835 -0.1104637011885643 0.08611758798360825 -0.03723730519413948 -0.09031709283590317 -0.14247669279575348 -0.0499490424990654 0.13361579179763794 0.09408427029848099 -0.06728839874267578 0.07549770921468735 0.21925300359725952 -0.04455966874957085 -0.13345061242580414 0.1484353244304657 
0.23109380900859833 -0.2592090368270874 0.08986454457044601 0.38400328159332275 0.3536511957645416 0.3251066207885742 0.12465670704841614 -0.8362425565719604 0.6044284105300903 0.05075288563966751 -0.5684726238250732 0.3015812933444977 0.041533101350069046 0.11030370742082596 -0.08517694473266602 -0.8782470226287842 -0.1465735286474228 -0.02969503588974476 -0.313822865486145 0.5892940759658813 0.40233173966407776 -0.9476282000541687 0.35274583101272583 0.30120086669921875 -0.8950221538543701 0.1455475091934204 -0.7334049344062805 -0.14501187205314636 -0.737703263759613 -1.2107112407684326 -0.09767817705869675 0.5678061246871948 -0.7477651834487915 -0.7690262198448181 0.051126886159181595 0.12900617718696594 0.048681747168302536 0.20288591086864471 0.26562440395355225 -0.3434283137321472 0.3825271725654602 0.2656160891056061 -0.18199609220027924 -0.15524686872959137 0.3718571960926056 0.7011755704879761 0.11594197154045105 -0.5230628848075867 0.04094675928354263 0.38148996233940125 
0.800297200679779 0.46901750564575195 0.17403799295425415 -0.06921809911727905 0.3363160789012909 -0.08913955092430115 0.2104380577802658 0.22780507802963257 -0.2035703957080841 0.5038709044456482 0.29636913537979126 0.1830144077539444 -0.7949513792991638 0.5112837553024292 -0.3065655827522278 -0.04821876436471939 0.2139132171869278 0.20664389431476593 -0.11573474854230881 0.21710704267024994 0.2796180844306946 0.029487470164895058 -0.11703965067863464 0.012727424502372742 0.25278955698013306 0.009537603706121445 0.1849050521850586 -0.1542378067970276 -0.20059670507907867 -0.09641695767641068 0.12701204419136047 -0.22118960320949554 -0.3379160165786743 -0.1077658087015152 0.35341471433639526 0.14626380801200867 -0.25445613265037537 0.10687869042158127 -0.025031426921486855 -0.4806150197982788 0.8894520998001099 0.010257557034492493 -0.022270189598202705 -0.4872371554374695 0.16524553298950195 0.09918331354856491 -0.29207298159599304 0.1432955265045166 -0.056465066969394684 0.5240147709846497 
-0.08550524711608887 0.041818924248218536 0.1597912609577179 0.13015228509902954 0.17045509815216064 0.26071569323539734 -0.12949775159358978 0.030799316242337227 0.3588862717151642 -0.18325228989124298 0.001838955795392394 0.28217485547065735 0.15277662873268127 -0.2780616879463196 -0.022996673360466957 -0.02017827518284321 -0.009552361443638802 0.20577584207057953 0.05349848419427872 0.14366385340690613 0.12302078306674957 0.08407910168170929 -0.05910007283091545 0.15257635712623596 -0.15320245921611786 0.024284934625029564 -0.14693737030029297 -0.2601484954357147 0.15090620517730713 0.04376406595110893 -0.031087679788470268 0.37104687094688416 -0.006671309471130371 -0.07980551570653915 0.028118949383497238 -0.033191945403814316 0.12701790034770966 0.005551296751946211 0.06175387650728226 0.04103097692131996 -0.3183453381061554 0.22854302823543549 0.2601182162761688 -0.06825371086597443 0.032993752509355545 0.07229576259851456 0.2207852005958557 0.09797811508178711 -0.018583860248327255 -0.013531029224395752 
-0.3665998578071594 -0.16144610941410065 -0.00619200523942709 0.11075805872678757 0.02236171066761017 0.32558828592300415 0.16925166547298431 0.2631051242351532 0.3448586165904999 -0.4770115315914154 -0.0008865733398124576 -0.11222491413354874 0.17050302028656006 -0.3647215664386749 0.049324873834848404 0.10496478527784348 0.01916974037885666 -0.026203585788607597 0.2452516406774521 -0.001318794791586697 -0.20792381465435028 0.11698968708515167 -0.0689600482583046 0.042494188994169235 -0.08799869567155838 0.20020094513893127 -0.130987748503685 -0.3876679539680481 0.1876138299703598 -0.16345112025737762 0.04039829596877098 0.3004828691482544 0.1524658501148224 0.1447971761226654 -0.22947126626968384 0.0842423290014267 0.19394174218177795 -0.010651512071490288 0.02605176344513893 0.03729400411248207 -0.17859284579753876 -0.14611022174358368 0.22687406837940216 -0.19379548728466034 -0.21184660494327545 -0.03335006535053253 0.03205461800098419 0.22834500670433044 0.19466429948806763 0.0842011570930481 
0.2748616635799408 0.1415747106075287 -0.3646312952041626 0.40665385127067566 0.10329160839319229 0.17126524448394775 -0.13427439332008362 -0.39774590730667114 0.046267468482255936 0.19205449521541595 -0.11582878232002258 -0.1350625455379486 -0.039429984986782074 0.06530355662107468 0.22033335268497467 -0.07607884705066681 -0.14218991994857788 -0.28779172897338867 -0.24766959249973297 0.02609352208673954 -0.025808556005358696 -0.03721870109438896 -0.004473163280636072 0.1988675743341446 -0.32177987694740295 0.09980049729347229 -0.25342634320259094 0.13768480718135834 0.007628921885043383 -0.14705775678157806 0.10562968999147415 -0.026770450174808502 0.015699593350291252 -0.16008426249027252 -0.2767485976219177 0.031425777822732925 0.14307747781276703 -0.36353549361228943 0.22666104137897491 0.22859163582324982 -0.0207566786557436 0.20128989219665527 -0.012236333452165127 -0.140373095870018 0.02447296492755413 0.12604397535324097 0.2702425420284271 -0.0018284644465893507 0.19768022000789642 -0.21547888219356537 
0.751725971698761 0.35951822996139526 -0.2585608959197998 -0.15770414471626282 -0.06580919027328491 0.0030477135442197323 0.29224514961242676 -0.5159037113189697 0.2857692837715149 0.7502467036247253 -0.5642414093017578 -0.1267319917678833 -0.254578560590744 0.41606464982032776 -0.08876816928386688 -0.3715079426765442 -0.24012111127376556 0.02161600813269615 -0.254629522562027 0.025134345516562462 0.19920840859413147 -0.023883812129497528 -0.03777987137436867 0.08628284186124802 -0.5787891149520874 -0.21557754278182983 -0.21538224816322327 0.1874428689479828 0.03873869404196739 0.10385295748710632 0.023025473579764366 -0.22380459308624268 -0.39779216051101685 -0.1617659628391266 0.11027555167675018 -0.04377792775630951 0.013619660399854183 -0.15053683519363403 0.12305645644664764 -0.13726907968521118 0.7222909331321716 0.37345367670059204 0.010044005699455738 -0.1873195469379425 -0.02676621451973915 -0.17729678750038147 -0.060608018189668655 0.11228146404027939 0.010484819300472736 0.17818182706832886 
-0.08696962893009186 -0.1014091745018959 0.047854721546173096 0.008249702863395214 0.10924161225557327 -0.048773493617773056 -0.1261129528284073 -0.06804150342941284 0.00869212206453085 0.23037543892860413 -0.06524708122015 0.08727815747261047 0.07877501100301743 0.13818374276161194 -0.13049335777759552 -0.06088718771934509 0.0944162979722023 -0.08679865300655365 0.06404845416545868 -0.08955802023410797 -0.07902742177248001 -0.018902745097875595 -0.19237814843654633 0.11037499457597733 -0.17860974371433258 -0.14611224830150604 -0.04339348152279854 -0.023270463570952415 0.13729442656040192 0.05188433453440666 0.06063303351402283 0.10338956117630005 0.03278907760977745 -0.004974086303263903 -0.0642988383769989 -0.06108705326914787 0.09579859673976898 0.04676908254623413 -0.14119450747966766 -0.040585849434137344 0.013895825482904911 0.08655738085508347 0.10239259898662567 -0.057233262807130814 0.0009711992461234331 0.12444719672203064 -0.10079511255025864 -0.1571410745382309 0.03857649862766266 -0.12431998550891876 
-0.33263295888900757 -0.03168988600373268 -0.09933633357286453 -0.10826851427555084 0.10897501558065414 0.2168085277080536 -0.080012246966362 0.06321563571691513 0.11841294914484024 -0.4523889422416687 0.033283304423093796 -0.02353653684258461 0.24140357971191406 -0.3531484603881836 0.10011133551597595 0.05084728077054024 0.1692698746919632 -0.04668447747826576 0.09555121511220932 -0.20726177096366882 -0.21921281516551971 -0.06154174730181694 -0.14029787480831146 0.13816840946674347 -0.08867702633142471 0.03365577384829521 -0.012836230918765068 -0.2667519152164459 0.06251834332942963 0.061505209654569626 -0.001372220111079514 0.18934395909309387 0.10220345854759216 0.2501869797706604 -0.21689000725746155 0.0029041175730526447 0.1145632341504097 -0.0246902983635664 0.02603880874812603 0.12501904368400574 -0.3244956135749817 -0.08853459358215332 0.18186450004577637 0.047331344336271286 0.04157789424061775 -0.31548023223876953 0.07475890964269638 0.14330855011940002 0.12953263521194458 -0.16504926979541779 
-0.25177258253097534 -0.10679387301206589 0.23871755599975586 -0.05510685220360756 0.09095334261655807 0.16263921558856964 0.0606292225420475 0.017771800979971886 0.16216908395290375 -0.1853235363960266 0.2097403109073639 0.11044862866401672 0.08558481931686401 -0.15692052245140076 -0.014418953098356724 -0.04980594664812088 0.048585355281829834 0.1841111183166504 0.06689547002315521 0.16980816423892975 0.07503553479909897 0.08502741158008575 0.030896535143256187 -0.06343236565589905 -0.04254657030105591 -0.007210716139525175 -0.00443287193775177 -0.13826079666614532 0.13104461133480072 -0.13461805880069733 -0.07361152768135071 0.20805798470973969 0.07775306701660156 0.07661240547895432 -0.16805829107761383 0.025910554453730583 0.03154521808028221 0.11900514364242554 -0.1380893439054489 0.08739406615495682 -0.19372029602527618 0.07273455709218979 0.07632320374250412 0.11563693732023239 0.14358635246753693 0.1449214071035385 0.004467379301786423 0.19834135472774506 -0.12748250365257263 -0.03273307904601097 
-0.11006998270750046 -0.08383949846029282 -0.01540991012006998 -0.016245443373918533 -0.05382745340466499 0.2786014676094055 -0.08671784400939941 0.1292080134153366 0.34647175669670105 -0.32972797751426697 0.18031832575798035 0.20547443628311157 0.08783526718616486 -0.2956143021583557 0.032199591398239136 0.11722970753908157 -0.015232125297188759 0.2258533239364624 0.19430135190486908 0.08280239999294281 0.07048171013593674 -0.009900148957967758 -0.10394347459077835 0.20675337314605713 -0.03198239579796791 -0.03368968889117241 -0.13496948778629303 -0.010413475334644318 0.07337763905525208 0.009350249543786049 -0.06625006347894669 0.24588799476623535 -0.010514016263186932 0.011379496194422245 -0.1755026876926422 0.11389532685279846 0.15679648518562317 0.12707935273647308 -0.14716455340385437 -0.060458794236183167 -0.14084801077842712 0.054782696068286896 -0.01432138029485941 0.08750811219215393 0.09442606568336487 -0.09426290541887283 -0.004596826154738665 0.22157254815101624 -0.058184392750263214 0.004646094515919685 
-0.21787580847740173 -0.20289070904254913 0.14054910838603973 0.00443215062841773 0.2185184210538864 0.13703246414661407 -0.07601970434188843 0.1261717528104782 0.12638913094997406 -0.24038636684417725 0.2013985961675644 0.3388116955757141 0.14283227920532227 -0.22429537773132324 -0.028368163853883743 0.17570647597312927 0.20003166794776917 0.07635129243135452 0.10134008526802063 0.072760209441185 0.0643167570233345 -0.11764509975910187 -0.12898322939872742 0.2530270516872406 -0.11119674146175385 0.2072249799966812 -0.03586339205503464 -0.28931599855422974 0.10839100182056427 -0.027237441390752792 -0.28699031472206116 0.0738983303308487 0.15643052756786346 -0.06808202713727951 0.03495761752128601 0.13274537026882172 -0.04371732845902443 0.10502790659666061 -0.0800735205411911 0.030125673860311508 -0.31721165776252747 -0.14365021884441376 0.19636918604373932 0.019450100138783455 0.09590413421392441 -0.0556677021086216 -0.016958413645625114 0.08124019205570221 -0.10140366107225418 0.013882690109312534 
-0.5015921592712402 -0.27199530601501465 -0.17746593058109283 0.1612389236688614 -0.053629063069820404 0.2943391799926758 -0.4475688636302948 -0.06159837171435356 -0.10452651977539062 -0.09176069498062134 0.009676991030573845 0.22927670180797577 0.01054958812892437 -0.2225288450717926 0.22781570255756378 0.008200366981327534 -0.2592151165008545 -0.05817309021949768 0.21191543340682983 -0.1904796063899994 -0.09541447460651398 0.022781290113925934 0.13027143478393555 0.3523750901222229 0.06385546922683716 0.16326384246349335 -0.21687085926532745 -0.3528395891189575 0.09466151148080826 -0.2109433263540268 0.05660387873649597 0.23433387279510498 0.12047675997018814 -0.1388956755399704 0.021979520097374916 -0.04832097887992859 0.15019123256206512 0.14204609394073486 0.10685129463672638 0.025019807741045952 -0.30152443051338196 -0.05603617802262306 -0.12438546866178513 0.3043237626552582 -0.1031702384352684 0.1475188285112381 0.20080475509166718 -0.09712551534175873 0.08517847955226898 -0.06949012726545334 
0.28182122111320496 0.049400512129068375 -0.00401128688827157 0.3100185990333557 0.26470205187797546 0.18553034961223602 -0.005999714136123657 -0.43535155057907104 0.16505932807922363 0.22202114760875702 -0.3239479959011078 0.35602596402168274 -0.0841025561094284 0.44811832904815674 -0.013186589814722538 -0.7332533597946167 0.040232282131910324 -0.10419724881649017 -0.38028261065483093 0.30025145411491394 0.38701045513153076 -0.7600615620613098 0.2000279724597931 0.12458064407110214 -0.3186008930206299 0.019822902977466583 -0.7255058884620667 0.014903637580573559 -0.13175834715366364 -0.7022669911384583 -0.14965879917144775 0.06940784305334091 -0.2003171443939209 -0.7756943702697754 -0.02483222633600235 -0.13019275665283203 -0.06955059617757797 0.2510792016983032 0.04646207392215729 -0.12219744175672531 0.35856929421424866 -0.07536805421113968 -0.23786231875419617 0.13390514254570007 0.24359512329101562 0.5342596173286438 0.051509708166122437 0.16645397245883942 0.05776986852288246 0.2654529809951782 
-0.1794549822807312 -0.09155801683664322 -0.26809799671173096 0.20491448044776917 -0.14887452125549316 0.009985419921576977 -0.1862122267484665 -0.0257874708622694 -0.2388739138841629 -0.24653488397598267 -0.04023250564932823 -0.1420481652021408 -0.07859114557504654 -0.118135005235672 0.0878782644867897 0.00048491492634639144 -0.17608141899108887 -0.05823983997106552 -0.05444337800145149 -0.08369656652212143 -0.23358994722366333 0.13835608959197998 0.10703323781490326 0.1426878273487091 0.004355990327894688 0.22282999753952026 0.06457504630088806 -0.02798738330602646 0.10765852779150009 0.13188204169273376 -0.01038222387433052 -0.07306455820798874 -0.03975263610482216 0.10521166026592255 0.07368385046720505 0.06598438322544098 0.09519805014133453 -0.08341581374406815 0.2291819006204605 0.13592486083507538 -0.36650413274765015 -0.21249008178710938 0.029153117910027504 0.011131050996482372 -0.1264045238494873 -0.07112406939268112 0.07213053852319717 0.14848318696022034 0.03140701353549957 -0.19293464720249176 
0.7202821373939514 0.01240028627216816 0.0842040479183197 -0.24640116095542908 -0.02930285595357418 -0.23402035236358643 0.25494349002838135 -0.18866313993930817 -0.11360300332307816 0.7186981439590454 -0.2559691369533539 -0.05204559117555618 0.11516663432121277 0.39293161034584045 -0.19781938195228577 -0.13166813552379608 0.045526113361120224 0.2353259027004242 -0.33798104524612427 0.04780106619000435 0.9933441281318665 -0.07007937133312225 -0.21863672137260437 -0.046884965151548386 0.05302157253026962 0.06246478110551834 -0.015674466267228127 -0.11046847701072693 -0.3121909201145172 0.03282277658581734 0.16620388627052307 -0.5909488201141357 -0.03401971980929375 -0.08398129791021347 0.21134322881698608 0.00562572106719017 0.12826956808567047 -0.20794497430324554 0.20552323758602142 -0.07903175801038742 0.5401635766029358 0.18039894104003906 -0.28362753987312317 -0.42724984884262085 0.2777377963066101 -0.40523800253868103 -0.20466652512550354 0.5195034146308899 0.06863698363304138 0.2155943214893341 
0.05464295670390129 -0.023823237046599388 -0.3101142644882202 0.29035684466362 -0.10370238125324249 0.2611394226551056 0.26830819249153137 0.01699724607169628 -0.08936208486557007 -0.07447117567062378 -0.12587516009807587 0.04404081031680107 -0.22844573855400085 0.10960673540830612 0.010368812829256058 -0.010810439474880695 -0.1520897001028061 -0.24899934232234955 -0.1301243007183075 0.33863216638565063 0.21685373783111572 -0.11240291595458984 0.37365493178367615 0.1782369166612625 0.09332706034183502 0.06303446739912033 -0.12090301513671875 0.08562132716178894 -0.24740345776081085 -0.09836343675851822 0.21300983428955078 -0.13438065350055695 -0.11976467818021774 -0.1919718086719513 -0.033884961158037186 0.05232314020395279 0.12304713577032089 -0.14093585312366486 0.06010717526078224 -0.0670565813779831 0.08905769884586334 0.13915127515792847 -0.1925673633813858 -0.3857531249523163 0.08083510398864746 0.31180062890052795 -0.08050884306430817 -0.3845813274383545 0.14611370861530304 0.001428235787898302 
-0.04575568065047264 -0.17208123207092285 -0.08062547445297241 0.059071674942970276 -0.04504328966140747 0.4097730815410614 0.17665240168571472 -0.1970892697572708 0.1538541615009308 -0.0991644486784935 -0.5282204747200012 -0.13440829515457153 0.04980282485485077 -0.04160747304558754 0.12445336580276489 -0.264766126871109 -0.0732373297214508 -0.3404145836830139 -0.16777250170707703 0.11760858446359634 -0.08378662914037704 0.00191865477245301 -0.08163151890039444 0.31918513774871826 -0.323951780796051 0.1982477605342865 -0.05271970108151436 -0.5509965419769287 -0.24731223285198212 -0.1309809386730194 -0.03281046822667122 0.07533176243305206 -0.39690926671028137 -0.07719386368989944 -0.14689013361930847 0.2683192491531372 -0.010604191571474075 -0.2713264524936676 0.31729480624198914 0.010578987188637257 0.16414029896259308 0.10309097915887833 -0.0015218823682516813 -0.3531270921230316 0.12119526416063309 0.011657360009849072 0.1937345415353775 -0.3521987199783325 0.23189572989940643 -0.07307329028844833 
0.764003336429596 0.18372537195682526 0.10042337328195572 0.9164259433746338 0.532925546169281 0.28779885172843933 -0.17465834319591522 -0.9841657280921936 0.6745325922966003 0.6428928971290588 -0.6786468029022217 0.5643041729927063 -0.2631582021713257 -0.01593223586678505 -0.1975855976343155 -1.339606523513794 0.033121298998594284 -0.22152353823184967 -0.6229822039604187 0.9340770244598389 0.9355302453041077 -0.960284411907196 0.6943660974502563 0.5820290446281433 -1.1098463535308838 0.10572639852762222 -1.0800671577453613 -0.03224334493279457 -1.1526858806610107 -0.8238776922225952 -0.22043783962726593 0.620145857334137 -0.820354163646698 -1.049354076385498 0.18107733130455017 0.042159102857112885 0.0050109089352190495 0.268877774477005 0.2994960844516754 -0.4117913246154785 0.76474928855896 0.21301862597465515 -0.011922460049390793 0.14397527277469635 0.6437501311302185 0.8578844666481018 -0.05193674564361572 -0.29209333658218384 -0.1825805902481079 0.6043175458908081 
-0.18265677988529205 0.04460011050105095 -0.05941646918654442 -0.1342748999595642 -0.15260939300060272 0.1766105443239212 -0.024836532771587372 0.05548788979649544 -0.00835457257926464 -0.07116540521383286 -0.13957388699054718 -0.1685842126607895 -0.0009355858783237636 -0.19493024051189423 0.17668086290359497 -0.016548987478017807 0.019532082602381706 0.09383933991193771 -0.07404535263776779 0.06922977417707443 -0.0330728180706501 -0.03486999124288559 -0.25248730182647705 0.1806211918592453 -0.16879701614379883 0.09191300719976425 -0.18688026070594788 -0.3107503056526184 -0.09429669380187988 0.021474245935678482 0.051908932626247406 0.24934154748916626 -0.10809485614299774 -0.07345322519540787 -0.12556317448616028 0.059193048626184464 0.1334850937128067 -0.3045024871826172 0.170413076877594 0.10997899621725082 -0.17153923213481903 0.2737831175327301 0.16906242072582245 -0.23310048878192902 0.1063910648226738 -0.17743158340454102 0.10046129673719406 -0.028587887063622475 0.1363106369972229 0.01445214357227087 
0.27604547142982483 0.0045411293394863605 -0.09397010505199432 0.10392918437719345 0.02341039665043354 0.03788771480321884 0.3424837291240692 -0.09149698913097382 -0.04271483048796654 0.21340219676494598 -0.07539044320583344 -0.15458470582962036 -0.06763718277215958 0.30370011925697327 -0.0935673788189888 0.047756992280483246 -0.2753151059150696 -0.06331896036863327 -0.10393261164426804 0.1817728877067566 0.1293446123600006 -0.10202167928218842 0.09058362990617752 -0.3094433546066284 0.04168204218149185 -0.09982921183109283 0.13909414410591125 -0.021165845915675163 -0.048547182232141495 -0.03790285438299179 0.24999991059303284 -0.3012831509113312 0.10185032337903976 -0.06355436146259308 0.09728263318538666 0.1596100777387619 0.09001486748456955 -0.08124483376741409 0.15482434630393982 -0.029702704399824142 0.2764347195625305 0.1318289339542389 -0.0774032473564148 -0.05223655700683594 -0.16030661761760712 0.06516355276107788 -0.01210009679198265 -0.06706671416759491 0.11194687336683273 0.07685847580432892 
0.2512471377849579 0.0913611501455307 -0.047183457762002945 -0.006632990203797817 -0.017222784459590912 0.08143346011638641 0.4573117196559906 -0.013801204040646553 0.2340833693742752 0.3111579120159149 -0.014058507047593594 0.04629767686128616 -0.06291939318180084 0.18112997710704803 0.030076242983341217 0.022012926638126373 -0.27428045868873596 -0.07325033098459244 0.012748025357723236 0.08199340850114822 0.10865525901317596 -0.0102811548858881 0.17454087734222412 0.03141903877258301 -0.23293602466583252 -0.04717860370874405 0.10790204256772995 0.12900635600090027 -0.0530472956597805 0.17788051068782806 0.1088283509016037 0.09128614515066147 -0.19436952471733093 -0.028285840526223183 -0.08943711966276169 0.03387026861310005 0.125030055642128 -0.2421746850013733 0.2068241983652115 0.1096145287156105 0.2979761064052582 0.2715175747871399 0.23576131463050842 0.007832422852516174 0.0852271094918251 -0.054994530975818634 -0.014259368181228638 -0.09304279834032059 -0.05956235155463219 0.0975319892168045 
-0.2957724928855896 -0.3797873556613922 -0.03014903888106346 0.15514463186264038 -0.15758393704891205 0.4418168067932129 -0.6751114726066589 0.026933060958981514 -0.20005862414836884 -0.3893670439720154 0.32506033778190613 0.5061388611793518 0.11977393180131912 -0.40513166785240173 0.2588706612586975 0.20556135475635529 -0.0881296768784523 0.09419360011816025 0.1259121298789978 0.2290799617767334 -0.16899646818637848 0.002840131986886263 0.2272893339395523 0.29882094264030457 -0.059115439653396606 0.31423264741897583 -0.42715996503829956 -0.13193495571613312 0.06469117105007172 -0.19427277147769928 0.11476526409387589 0.5675668716430664 0.06977641582489014 -0.14619180560112 0.017183197662234306 0.12586888670921326 -0.05057115480303764 0.4933631122112274 0.23256158828735352 0.24324260652065277 -0.3886706531047821 -0.2814406156539917 -0.09919115155935287 0.5326672792434692 0.06935971975326538 0.16811718046665192 0.07228267937898636 0.2705567181110382 0.11735958606004715 -0.1506461352109909 
0.21050918102264404 -0.058816421777009964 0.055736660957336426 0.1935000866651535 0.13521236181259155 0.1441958248615265 0.05422428622841835 0.02334447205066681 0.0867137610912323 0.3196280300617218 -0.07887665927410126 -0.005451719276607037 -0.04389412701129913 0.0148840993642807 -0.027502579614520073 -0.2669033706188202 0.05456415191292763 0.05498339235782623 -0.09374839812517166 0.4761911928653717 0.45070895552635193 0.11342466622591019 0.20382918417453766 0.07477927953004837 -0.32933518290519714 -0.0016002316260710359 0.1420893520116806 -0.11761783063411713 -0.3476417064666748 0.07156862318515778 0.1196468397974968 0.34926414489746094 -0.42820191383361816 0.006771502085030079 -0.05618973448872566 0.056260544806718826 -0.17295309901237488 -0.09025662392377853 0.0198536217212677 -0.2278006374835968 0.43476709723472595 0.2301367074251175 -0.00665503554046154 -0.03639877960085869 0.11906135827302933 0.23763522505760193 0.0445096418261528 -0.10924963653087616 -0.015423362143337727 0.1575128138065338 
-0.37893548607826233 -0.34767597913742065 0.06023716554045677 0.2646433711051941 -0.14785462617874146 0.18999017775058746 -0.4704892337322235 -0.19336649775505066 -0.030994359403848648 -0.13944965600967407 0.009120609611272812 0.09988388419151306 0.06523500382900238 -0.08674929291009903 0.20259663462638855 -0.004189744591712952 -0.013085725717246532 0.0003710188320837915 -0.059809427708387375 0.18233920633792877 0.02816908061504364 -0.1453997641801834 0.20173999667167664 0.052033863961696625 -0.12515179812908173 -0.004165832418948412 -0.37532177567481995 -0.17658773064613342 0.049658242613077164 -0.22828136384487152 -0.01604291796684265 0.2600586414337158 0.07057245075702667 -0.05595417693257332 0.15749530494213104 0.014746684581041336 0.09209137409925461 0.27797195315361023 0.23444075882434845 0.0895707905292511 -0.28499454259872437 -0.03902246430516243 -0.1063515916466713 0.20668616890907288 0.019565116614103317 0.37654298543930054 -0.0639062374830246 0.28715333342552185 0.011393783614039421 0.016116198152303696 
-0.42331135272979736 -0.10005588829517365 -0.10074611008167267 0.2784837484359741 -0.29197317361831665 0.3554009199142456 0.03321027755737305 0.07806974649429321 -0.04615342989563942 -0.14858269691467285 0.04614955559372902 -0.11458058655261993 0.10305286943912506 0.08374986052513123 0.26935282349586487 0.11091135442256927 -0.11633921414613724 -0.022056974470615387 -0.0121458163484931 -0.06684877723455429 -0.21440531313419342 0.04400722682476044 0.41584524512290955 -0.020442327484488487 0.028152454644441605 0.061124298721551895 -0.08858061581850052 -0.3292291462421417 0.052278805524110794 -0.12133220583200455 0.17280738055706024 0.035792071372270584 -0.042533792555332184 -0.1277007758617401 0.04860171303153038 -0.033400893211364746 -0.10469206422567368 -0.15508408844470978 0.043727174401283264 -0.024432457983493805 -0.19421248137950897 0.014368385076522827 -0.16941577196121216 0.11786264926195145 -0.34452009201049805 -0.07555267959833145 -0.13556146621704102 -0.0650315061211586 0.2863181531429291 -0.23675337433815002 
-0.03040730208158493 -0.1100483313202858 -0.054161395877599716 -0.09615354984998703 0.25664499402046204 0.1996511071920395 0.07825120538473129 -0.11215820908546448 0.30733516812324524 0.11019808053970337 -0.10339140146970749 0.061025798320770264 -0.2633964717388153 0.14147570729255676 0.02602294832468033 0.1248144656419754 -0.008104702457785606 0.007288403809070587 -0.1569921225309372 -0.062240198254585266 -0.12969918549060822 0.11004132777452469 -0.04388532042503357 0.08128291368484497 0.07239508628845215 0.052369624376297 0.136387437582016 -0.20998212695121765 -0.1712549775838852 -0.13577385246753693 0.15645913779735565 0.012468314729630947 -0.18716417253017426 -0.03337862715125084 0.06127621978521347 0.1533316671848297 -0.0005640864837914705 0.08498100936412811 -0.09541197121143341 -0.004230858292430639 0.1986444890499115 0.12893790006637573 0.02726968564093113 -0.21095724403858185 0.27709507942199707 0.1404324322938919 0.003631106810644269 -0.06986544281244278 0.09550165385007858 -0.0967857763171196 
0.04518848657608032 -0.131581649184227 -0.06910417228937149 0.12201106548309326 0.1231701597571373 0.15876136720180511 0.11975099891424179 0.10274329036474228 0.3418920338153839 0.10264769941568375 -0.006287302356213331 -0.4266495406627655 -0.39868006110191345 0.25171810388565063 -0.12104449421167374 0.0383802130818367 -0.15063904225826263 0.02029755525290966 0.05625108256936073 -0.018812188878655434 0.012269715778529644 -0.12036167085170746 0.12012016028165817 0.08524957299232483 0.09443017095327377 -0.09998497366905212 -0.027000676840543747 -0.019550887867808342 -0.08327439427375793 -0.06971870362758636 0.16179780662059784 -0.48457297682762146 -0.20924343168735504 0.058418575674295425 0.0004776911810040474 0.07755454629659653 -0.11674477159976959 -0.3006393015384674 -0.32498928904533386 -0.013281533494591713 0.2502584159374237 0.06962994486093521 -0.020567111670970917 -0.24446722865104675 0.1200127899646759 -0.0701480358839035 -0.021942371502518654 0.0169108547270298 0.19823798537254333 -0.008327383548021317 
0.4090974032878876 0.08765162527561188 0.16483138501644135 0.618239164352417 0.4281187057495117 0.34860995411872864 -0.16404187679290771 -0.5984296202659607 0.6554164290428162 0.27372679114341736 -0.40759721398353577 0.4687075614929199 -0.14100851118564606 0.05656007304787636 -0.16049271821975708 -0.8659537434577942 -0.031666334718465805 -0.1700756698846817 -0.21994386613368988 0.6127551794052124 0.7072726488113403 -0.7831504940986633 0.4614109396934509 0.27199122309684753 -0.7406154274940491 -0.043260589241981506 -0.8579277396202087 0.07978016883134842 -0.6787449717521667 -0.6799798011779785 -0.08364662528038025 0.47305828332901 -0.7392514944076538 -0.5738726258277893 -0.0016438830643892288 -0.15113133192062378 -0.18126876652240753 0.2808492183685303 0.21146312355995178 -0.19182151556015015 0.7143663167953491 0.2745751738548279 -0.16070963442325592 0.1192767396569252 0.5376816987991333 0.6109062433242798 -0.1381688266992569 -0.33875253796577454 -0.19971798360347748 0.44592225551605225 
0.39254122972488403 0.3959045708179474 -0.1917194128036499 0.011276725679636002 0.11061017215251923 0.09527607262134552 0.42659792304039 -0.11788694560527802 0.203433096408844 0.37694039940834045 -0.2970525920391083 -0.1694013774394989 -0.289992094039917 0.21918520331382751 -0.06990073621273041 -0.14018090069293976 -0.011923248879611492 -0.06458429247140884 -0.2536449730396271 0.1126997098326683 0.18525339663028717 -0.1279984563589096 -0.09797732532024384 0.11658435314893723 -0.4123868942260742 0.04368189349770546 -0.01593317650258541 -0.04471704363822937 0.13104261457920074 0.010843372903764248 0.07776582986116409 0.05497758463025093 -0.25263336300849915 0.0322665274143219 0.02107837423682213 0.027966542169451714 -0.14527133107185364 -0.07382574677467346 0.08803398907184601 -0.03750865161418915 0.4085814356803894 0.29205235838890076 0.0916527509689331 0.014658583328127861 0.08057984709739685 0.20644037425518036 0.03909189626574516 0.1425677090883255 0.06103953346610069 0.21070019900798798 
0.714063823223114 0.3416808545589447 -0.1528647094964981 0.06559618562459946 -0.12225474417209625 0.0033255673479288816 0.15555736422538757 -0.31990498304367065 0.14622490108013153 0.7437625527381897 -0.14747214317321777 -0.16443315148353577 0.07768523693084717 0.31444939970970154 -0.2146245539188385 -0.17440053820610046 -0.1597004234790802 -0.1509007066488266 -0.33795732259750366 -0.010920464061200619 0.3337760269641876 -0.06557445973157883 0.1695757955312729 -0.07280435413122177 -0.19564159214496613 -0.12676584720611572 -0.07940561324357986 0.303343802690506 -0.054989565163850784 0.15620337426662445 0.12317612767219543 -0.38919797539711 -0.131712406873703 0.06712404638528824 -0.10748902708292007 -0.0665128231048584 -0.05208577215671539 0.08035092800855637 0.1693124622106552 -0.04103825241327286 0.4389035105705261 0.25539353489875793 -0.023740196600556374 -0.00592673197388649 -0.14960093796253204 0.0533234067261219 0.08633393049240112 -0.46014711260795593 0.18515655398368835 0.09946674853563309 
0.608644425868988 -0.04115765914320946 -0.05297037214040756 0.5737055540084839 0.41399577260017395 0.13610894978046417 -0.07772637903690338 -0.6683092713356018 0.4715158939361572 0.42947590351104736 -0.4172356426715851 0.41321417689323425 0.020647546276450157 -0.0318024605512619 -0.0421254001557827 -1.0772513151168823 -0.08089112490415573 0.027482984587550163 -0.4670436680316925 0.5144879221916199 0.6165853142738342 -0.6910977363586426 0.5460355281829834 0.3711460828781128 -0.8445779085159302 -0.14679160714149475 -0.835300624370575 -0.05322691798210144 -0.7966864109039307 -0.7948867678642273 0.028136607259511948 0.3470005989074707 -0.6924335956573486 -0.7819534540176392 -0.07983984053134918 0.0038717545103281736 -0.08508691936731339 0.29678666591644287 0.21870186924934387 -0.2558060884475708 0.6056990027427673 0.2785181701183319 -0.03772437572479248 0.01235775463283062 0.5914925932884216 0.701021134853363 -0.13491694629192352 -0.27186980843544006 -0.16430306434631348 0.6506167650222778 
0.5102888345718384 0.19562746584415436 -0.15365718305110931 -0.09852892905473709 -0.07937703281641006 -0.17969146370887756 0.3955569863319397 0.18579170107841492 -0.0849655494093895 0.24633176624774933 0.24729175865650177 -0.049812301993370056 -0.2811817526817322 0.6772723197937012 -0.20212878286838531 -0.17177127301692963 -0.10654311627149582 -0.3008555769920349 -0.07192965596914291 0.04262571036815643 0.5107781887054443 -0.0013707417529076338 0.07988568395376205 -0.46173277497291565 0.29718291759490967 -0.0945991799235344 0.33029496669769287 0.09583040326833725 -0.25201910734176636 -0.036079030483961105 0.17273397743701935 -0.6961681246757507 -0.12733693420886993 0.006354105193167925 0.046456508338451385 0.08054330945014954 -0.2352851778268814 -0.2287091761827469 -0.23051735758781433 -0.2611735761165619 0.7028115391731262 0.14839567244052887 -0.03411813825368881 -0.23876550793647766 -0.10290054976940155 -0.05658413842320442 -0.3121357560157776 -0.4421999752521515 0.014968200586736202 -0.15704256296157837 
-0.34484532475471497 -0.3159581422805786 -0.10664214193820953 0.012859372422099113 0.08984076231718063 0.2839488685131073 -0.3012794256210327 0.16812488436698914 0.2389189600944519 -0.5739740133285522 -0.07535912096500397 0.005256454925984144 0.20901919901371002 -0.4548581540584564 0.25890281796455383 0.2992546558380127 0.14681169390678406 -0.10845323652029037 0.3066701591014862 -0.08981725573539734 -0.18995964527130127 -0.04914961755275726 -0.05052834004163742 0.21698793768882751 -0.0046142893843352795 0.1557028889656067 -0.09219442307949066 -0.17517399787902832 0.3000083565711975 -0.16487248241901398 -0.22058479487895966 0.2859891653060913 0.015248321928083897 0.10052192956209183 -0.28770238161087036 0.04242825508117676 0.22058558464050293 -0.09312572330236435 -0.019075868651270866 0.14045052230358124 -0.4482376277446747 -0.0040776995010674 0.1422038972377777 -0.07034393399953842 -0.028149960562586784 -0.10492133349180222 0.06901014596223831 -0.014644605107605457 -0.027053432539105415 -0.013807250186800957 
-0.2175767421722412 -0.31164249777793884 0.0731172114610672 0.13390859961509705 -0.022145524621009827 -0.06749122589826584 -0.08264242857694626 -0.19169923663139343 -0.07020553946495056 -0.20815010368824005 -0.05756721273064613 -0.16085799038410187 0.07596302777528763 -0.07142491638660431 0.15859289467334747 0.14712491631507874 0.08797034621238708 -0.04671834036707878 -0.03149900212883949 -0.1683371514081955 -0.11550040543079376 0.07021724432706833 0.14505338668823242 0.11571195721626282 -0.10658954828977585 -0.007462930865585804 0.0006573746213689446 -0.05016583204269409 -0.05121228098869324 0.05939590558409691 0.10243531316518784 -0.047266144305467606 0.14627878367900848 -0.16803233325481415 0.09144365787506104 -0.17325471341609955 0.05916672945022583 0.16825047135353088 -0.09037605673074722 -0.05036066100001335 -0.10494866967201233 -0.17537787556648254 -0.09963468462228775 -0.08596812188625336 0.14848332107067108 -0.10507049411535263 -0.19964639842510223 0.12783865630626678 0.13710685074329376 -0.0450158417224884 
0.3829950988292694 0.15083153545856476 0.09438852965831757 0.14864706993103027 0.09025594592094421 0.08311386406421661 0.18290448188781738 0.086178258061409 0.2865807116031647 0.25309455394744873 0.1557927280664444 -0.3787590265274048 -0.6064173579216003 0.5231452584266663 -0.24592453241348267 0.09163931757211685 -0.08496137708425522 -0.08511098474264145 0.10759323835372925 -0.09272710233926773 0.14948543906211853 0.20691092312335968 0.18390220403671265 -0.36902666091918945 0.1385400891304016 -0.2020650953054428 0.13032019138336182 0.17559175193309784 -0.22227424383163452 0.10544910281896591 0.010309447534382343 -0.5098285675048828 -0.08259892463684082 0.340800940990448 -0.0016952636651694775 -0.055278223007917404 -0.19310566782951355 -0.10792998224496841 -0.44209346175193787 -0.40506821870803833 0.6189921498298645 -0.07482343912124634 -0.31183862686157227 -0.03231309354305267 -0.237441748380661 0.11584790050983429 -0.3708959221839905 -0.5166269540786743 0.06693708151578903 0.1076543778181076 
-0.3420538306236267 -0.3691931366920471 -0.07817046344280243 0.05421525612473488 0.19001373648643494 0.21891017258167267 -0.054554421454668045 -0.023646268993616104 0.1810593605041504 -0.3843902051448822 -0.17985670268535614 0.1419438272714615 0.02546803280711174 -0.16444672644138336 -0.00032506216666661203 0.0901002436876297 0.08324158936738968 0.0005563212907873094 0.1203167736530304 0.06234638765454292 -0.09817633032798767 -0.12271791696548462 -0.008761170320212841 -0.03753292188048363 -0.12474111467599869 0.25349727272987366 -0.1184624508023262 -0.1731186956167221 0.14242027699947357 -0.02221163921058178 -0.07287251204252243 0.186497762799263 -0.03338423743844032 -0.11002924293279648 -0.028330469503998756 0.17716620862483978 -0.03255079314112663 -0.023408934473991394 0.02656787447631359 0.0724838525056839 -0.43477824330329895 -0.10714039206504822 0.01106114313006401 -0.044635117053985596 -0.18284432590007782 0.07385037839412689 0.007462325971573591 -0.05413959547877312 -0.11440024524927139 -0.12920114398002625 
-0.28888654708862305 0.13414345681667328 -0.02934538945555687 -0.4910137951374054 -0.3411971926689148 -0.8554288148880005 -0.3436448574066162 0.35122767090797424 -0.4310568571090698 -0.2644667625427246 0.3547593951225281 -0.4349667727947235 -0.006031719967722893 -0.13837997615337372 -0.09736422449350357 0.15505601465702057 0.06003924459218979 0.19635799527168274 0.24226635694503784 -0.44509562849998474 -0.2913157343864441 0.22120626270771027 -0.40061846375465393 -0.2587890625 0.3953639268875122 -0.20128236711025238 0.4182252883911133 0.37116193771362305 0.23090793192386627 0.11665090173482895 0.13328097760677338 -0.2804608941078186 0.08304641395807266 0.12444102764129639 0.10073739290237427 -0.08668298274278641 0.06379067897796631 -0.18555793166160583 -0.05473059043288231 0.15580002963542938 -0.23106268048286438 -0.3439309597015381 0.012578776106238365 0.5068717002868652 -0.33772972226142883 -0.20497260987758636 -0.04043847322463989 0.5030649304389954 -0.012153537943959236 -0.25803181529045105 
0.1698029637336731 -0.3817102313041687 0.05644867941737175 0.29483267664909363 0.3346557319164276 0.2079162299633026 -0.28815537691116333 -0.5842424035072327 0.308409184217453 0.08124192804098129 -0.29888904094696045 0.163431316614151 -0.07479444891214371 -0.15979643166065216 -0.17208659648895264 -0.40617987513542175 -0.01293636392802 0.07178197801113129 -0.2515009641647339 0.30536705255508423 0.31837359070777893 -0.6526039838790894 0.36391833424568176 0.30906009674072266 -0.6174469590187073 -0.08609985560178757 -0.58758544921875 0.089141845703125 -0.1190294548869133 -0.545741617679596 -0.08446179330348969 0.15479494631290436 -0.43794822692871094 -0.5625361204147339 0.07229423522949219 0.004781275521963835 0.003896908136084676 0.09265736490488052 0.22561509907245636 0.010569903068244457 0.16247327625751495 -0.0389263853430748 -0.1457000970840454 0.18890218436717987 0.38703781366348267 0.42043694853782654 0.10595725476741791 -0.19540725648403168 -0.15004274249076843 -0.019284937530755997 
-0.1991346776485443 -0.02670304663479328 -0.017362218350172043 0.16545945405960083 -0.11606593430042267 0.03174712508916855 -0.4747141897678375 -0.07570326328277588 -0.3318072557449341 -0.1384282112121582 0.09836839884519577 0.166692852973938 0.24525567889213562 -0.21451638638973236 0.08998750895261765 0.1358487755060196 -0.09528301656246185 -0.09786342084407806 0.08614520728588104 -0.083254873752594 -0.1713734120130539 0.12503133714199066 0.023410266265273094 0.28156185150146484 0.03536149486899376 0.02168072760105133 0.0028605549596250057 0.19061528146266937 0.05619628354907036 0.1359260529279709 -0.034686412662267685 -0.05824609473347664 0.05063614994287491 -0.030097195878624916 0.043513283133506775 0.08593277633190155 0.1011197417974472 0.129890576004982 0.24033543467521667 0.16009919345378876 -0.22941212356090546 -0.15815554559230804 0.07693356275558472 0.23333598673343658 -0.12498841434717178 0.09474395960569382 0.1417827308177948 -0.12930680811405182 -0.033085521310567856 -0.20962044596672058 
0.15324950218200684 0.007059566676616669 -0.10743854939937592 -0.14676213264465332 -0.18807701766490936 -0.08374351263046265 0.0054862587712705135 0.2920836806297302 -0.18769992887973785 0.09978081285953522 0.1492566168308258 -0.08887466788291931 0.1063089668750763 0.23464803397655487 -0.03359607979655266 -0.02279759757220745 -0.06024596467614174 -0.06594099849462509 0.07560030370950699 -0.16829107701778412 -0.013399161398410797 0.21031345427036285 0.012461111880838871 -0.133431538939476 0.31641891598701477 0.04651358723640442 0.10768873989582062 -0.19506029784679413 0.05798395350575447 -0.0546623095870018 0.17337100207805634 -0.14370468258857727 0.08150721341371536 0.07458272576332092 -0.03697818145155907 0.017837243154644966 -0.07093457877635956 -0.1991121470928192 0.05708182603120804 0.023203549906611443 -0.02150711603462696 0.1062561497092247 0.057632412761449814 -0.12151049822568893 -0.4058727025985718 -0.2588712275028229 -0.20985762774944305 0.24108904600143433 0.24706195294857025 0.10395932197570801 
0.05982811376452446 -0.10756503790616989 0.029930781573057175 0.04639421030879021 0.00802684761583805 0.08196333795785904 -0.005079793278127909 -0.059960782527923584 -0.030366506427526474 0.014064262621104717 0.02261802740395069 0.03408441320061684 0.05133063718676567 0.00625117402523756 0.023541010916233063 0.07052881270647049 -0.027402881532907486 -0.06834257394075394 0.008307765237987041 -0.0855247974395752 0.012193799018859863 -0.14370368421077728 0.04426399618387222 0.051200442016124725 -0.0990910530090332 -0.08312471956014633 0.023247284814715385 -0.03233242779970169 0.008779357187449932 0.1096070408821106 -0.07291165739297867 -0.04390805587172508 0.0419347807765007 -0.035307176411151886 -0.021359914913773537 0.05237661302089691 0.03414282947778702 -0.03883618861436844 -0.08653981238603592 0.044789429754018784 -0.004813645966351032 0.1095755398273468 -0.0821804627776146 -0.07339594513177872 -0.10126651078462601 0.08131392300128937 -0.06055408716201782 0.04442547261714935 -0.06284328550100327 -0.009678708389401436 

0.14624281227588654 -0.3866243362426758 0.18456053733825684 -0.535428524017334 1.1256464719772339 -0.16387571394443512 -0.10560284554958344 0.18996059894561768 -0.0761675164103508 -0.37106165289878845 -0.3380386233329773 -0.17275470495224 -0.16929948329925537 0.23468706011772156 -0.25299468636512756 -0.0849335566163063 -0.19064588844776154 -0.0985681489109993 -0.0958903357386589 -0.1614992320537567 0.25790971517562866 0.4843766689300537 0.14510087668895721 0.46731942892074585 0.1884586066007614 -0.21703949570655823 -0.44452375173568726 -0.20267069339752197 0.11435563117265701 -0.23809601366519928 0.30041369795799255 -0.16925999522209167 0.22389064729213715 0.3162928819656372 -0.09874054789543152 -0.08930062502622604 -0.30616700649261475 -0.17104902863502502 0.20887644588947296 -0.28599902987480164 0.23750492930412292 -0.16054165363311768 0.11235528439283371 -0.19350822269916534 -0.13957469165325165 0.33990833163261414 -0.1348683387041092 0.24158485233783722 0.10855428129434586 -0.0002674090792424977 
BIAS:
-1.6161187887191772 0.042215894907712936 -0.36806169152259827 -0.6698495149612427 -0.4472750127315521 -0.26760968565940857 0.1818912774324417 0.7541614770889282 -0.8599534034729004 -1.0798897743225098 0.7595826983451843 -0.4927288889884949 0.29730015993118286 -0.19229556620121002 0.815935492515564 1.309948205947876 -0.20791545510292053 -0.05558111518621445 0.9308435916900635 -0.9798858165740967 -1.838155746459961 0.9031083583831787 -0.47444048523902893 -0.17829132080078125 1.0010305643081665 0.6126341223716736 1.130651593208313 -0.273277223110199 1.8645832538604736 0.8883242607116699 0.3448471128940582 -0.1375352442264557 0.8803982138633728 0.7579798698425293 -0.6460680365562439 0.5354031920433044 0.45392483472824097 -0.7152974605560303 0.061010852456092834 1.4934412240982056 -1.4939227104187012 -0.015808595344424248 0.46096163988113403 -0.42671531438827515 -0.12852059304714203 -0.8744739890098572 0.34593307971954346 0.7141414284706116 0.6718708276748657 -0.5366635918617249 

0.02379477582871914 0.30314257740974426 0.13083069026470184 -0.33425173163414 -0.21331578493118286 0.0802450031042099 0.07426005601882935 0.15303009748458862 -0.03392914682626724 -0.11686090379953384 -0.0679304301738739 -0.0017718927701935172 0.07508539408445358 0.051783762872219086 0.021981270983815193 -0.03689833730459213 0.05985025689005852 -0.07766924798488617 0.13493598997592926 0.13514244556427002 0.13531272113323212 0.0112049151211977 0.07518237084150314 -0.05415323004126549 0.14910371601581573 0.054027751088142395 -0.1510538011789322 -0.01059467438608408 0.008052145130932331 -0.046773768961429596 -0.023599663749337196 0.044442497193813324 0.04234624281525612 0.09361079335212708 -0.061859507113695145 0.06538694351911545 -0.0870671421289444 0.009630408138036728 -0.07129594683647156 -0.2597188651561737 -0.06069029122591019 0.22904106974601746 0.1377890557050705 -0.14438538253307343 0.03670875355601311 0.17561092972755432 -0.2869802713394165 0.11775200814008713 0.057904940098524094 0.0865495502948761 

0.19309617578983307 