11
3                  50                  50                  1
8.999099731445312 0.9845272898674011 0.6000000238418579 
5.363064765930176 0.48503339290618896 0.05000000074505806 
-0.6280657649040222 
-10.0 
WEIGHT:
0.25353360176086426 -0.11666607111692429 0.14470174908638 
1.5596145391464233 -0.7183279991149902 -1.1568421125411987 
-0.4631730020046234 0.1021038368344307 -2.7650182247161865 
0.010707136243581772 -0.9947043061256409 0.4983099699020386 
0.005600905045866966 0.0034288365859538317 -0.0012001913273707032 
1.0356534719467163 -0.2637273073196411 0.17410050332546234 
0.8985376358032227 -0.8263234496116638 -2.938527822494507 
-0.0022700477857142687 -0.00027578274603001773 0.006777064874768257 
2.324573516845703 -0.37904465198516846 2.0327558517456055 
-1.737491488456726 0.3286600410938263 5.026430606842041 
-0.0429881289601326 0.020519398152828217 -0.019909584894776344 
-0.6029792428016663 -0.47956517338752747 0.009699108079075813 
-0.00047265205648727715 -0.002905116882175207 -0.0006407358450815082 
1.3791555166244507 -1.3255829811096191 1.000958800315857 
-0.12361449003219604 0.05641665309667587 -0.07169710844755173 
-1.5426770448684692 1.0159056186676025 -0.5198087692260742 
-0.47420650720596313 0.04379187151789665 -1.1205722093582153 
1.778991937637329 -0.8542360663414001 1.4767601490020752 
-1.720260739326477 1.0964316129684448 3.824244737625122 
1.6743433475494385 -1.4695132970809937 2.5311508178710938 
1.043095588684082 1.7316590547561646 -1.7096775770187378 
0.001957584172487259 0.000569506548345089 -0.0009322987170889974 
-0.2796274423599243 1.397187352180481 0.9242602586746216 
1.7838016748428345 0.29847007989883423 0.10854319483041763 
-0.673910915851593 0.5005974769592285 -0.5480192303657532 
2.1239190101623535 -2.515906572341919 1.6218993663787842 
1.4939509630203247 -2.0216164588928223 -1.3339542150497437 
1.6551882028579712 -1.2108068466186523 1.6896165609359741 
-1.0306447744369507 -0.27172061800956726 -0.9228071570396423 
0.7300509810447693 0.29465174674987793 1.7285369634628296 
1.3060721158981323 -1.3976030349731445 0.10444788634777069 
0.5896120071411133 -0.32646891474723816 0.24027490615844727 
-0.991260826587677 0.32493069767951965 0.3602328598499298 
-2.644387722015381 -0.365265429019928 -1.4963370561599731 
0.9661451578140259 -0.06691435724496841 -4.523483753204346 
1.0771487951278687 -0.8435420393943787 -0.7054221034049988 
-0.37156108021736145 0.6157464981079102 -0.06492479890584946 
0.3658023774623871 -0.5339899659156799 3.0825843811035156 
-2.773621082305908 0.5722394585609436 0.45527875423431396 
-2.701047897338867 1.0475213527679443 -0.028781281784176826 
-0.9735971093177795 -0.6927645802497864 -3.829784631729126 
-2.4224674701690674 1.1688220500946045 -1.6848268508911133 
1.2052557468414307 -2.1505818367004395 0.35557255148887634 
-0.6202497482299805 0.9222527146339417 1.6123149394989014 
-1.8781068325042725 0.32548245787620544 1.3520485162734985 
-0.0955352783203125 0.039213575422763824 -0.05995054170489311 
1.0726829767227173 -0.7142002582550049 2.0527563095092773 
1.254298448562622 -0.43790411949157715 1.687545657157898 
1.1432390213012695 -0.7277064919471741 -0.24328042566776276 
-0.5379242300987244 -0.9508001804351807 1.0429147481918335 

-0.06830430030822754 0.08586953580379486 -0.20560617744922638 -0.12803374230861664 0.08005602657794952 -0.06080877408385277 -0.24034380912780762 0.12510603666305542 0.0157090425491333 0.09914816170930862 -0.002945038489997387 0.12660887837409973 -0.05854441970586777 -0.031976960599422455 -0.2335813045501709 0.285726398229599 0.24566033482551575 0.15165378153324127 0.24432827532291412 -0.8712424039840698 0.19981229305267334 0.1729419231414795 0.20256689190864563 0.2239428609609604 0.060770392417907715 -0.12748315930366516 0.1388084441423416 -0.25003546476364136 0.14165984094142914 0.1415882110595703 0.004051594994962215 -0.0944758802652359 -0.2679896354675293 -0.2644115686416626 0.443517804145813 -0.21281327307224274 0.20846526324748993 -0.9773808717727661 0.373353511095047 0.2810578942298889 0.010280480608344078 0.40111303329467773 -0.22869795560836792 0.2124774158000946 -0.17582720518112183 -0.3281018137931824 0.05349402129650116 -0.16416679322719574 0.0333351269364357 -0.16479134559631348 
-0.032585009932518005 -0.3931582272052765 0.6489407420158386 0.4024845361709595 0.0788082480430603 -0.5760109424591064 -0.755397617816925 -0.10420554131269455 0.6107588410377502 -0.3030538558959961 0.1483517736196518 0.7975941300392151 0.026117032393813133 -0.12036967277526855 0.10608289390802383 0.5125269889831543 0.2047092616558075 -0.06111916899681091 0.1030571237206459 -0.847292423248291 0.37860074639320374 -0.17614547908306122 0.860925018787384 1.4474022388458252 0.3249237537384033 -0.2081909328699112 0.3481738567352295 -0.38191482424736023 1.0296909809112549 0.40070924162864685 -0.13901615142822266 -0.4276788532733917 -0.10761545598506927 1.8196113109588623 0.33765512704849243 -1.1603723764419556 0.07467026263475418 -0.5277807116508484 0.24675382673740387 -0.24468599259853363 -0.14132225513458252 0.8192431926727295 -0.030733732506632805 0.34910881519317627 0.2957034111022949 0.09767931699752808 0.00839997362345457 -0.24500396847724915 -0.9297327399253845 0.25228509306907654 
0.10579602420330048 0.05960005149245262 0.03613032028079033 0.11268363893032074 0.016702324151992798 0.13328324258327484 0.02415468730032444 -0.10608463734388351 -0.07097531110048294 -0.005458791274577379 0.01802956685423851 -0.06337977200746536 0.005569837987422943 0.06722763180732727 0.0032483567483723164 -0.029781261458992958 -0.17887131869792938 0.03579486906528473 -0.01987842284142971 -0.009780972264707088 -0.02305791527032852 0.11115618050098419 0.09612258523702621 -0.0299428328871727 -0.0688997432589531 0.01819378137588501 0.01255920808762312 -0.17416797578334808 -0.0871218740940094 -0.06503649801015854 -0.00850460585206747 -0.00441341195255518 -0.019790256395936012 0.08721104264259338 0.01929362304508686 -0.0431283600628376 -0.012978723272681236 0.10889960080385208 0.03040304221212864 0.07826471328735352 -0.05979643762111664 0.034015268087387085 -0.05354025587439537 -0.05742896348237991 -0.13160568475723267 0.10262712091207504 0.0672699511051178 -0.017895029857754707 -0.03610950708389282 -0.026986220851540565 
0.02947774901986122 -0.023590462282299995 -0.10249108821153641 0.0021360458340495825 -0.02470828779041767 -0.0497693307697773 -0.007252509705722332 0.08510040491819382 0.06236035004258156 0.03481656685471535 0.09255080670118332 0.11995057016611099 0.05227339267730713 0.013201355002820492 0.055454205721616745 0.07349544018507004 0.10127416998147964 0.16801990568637848 0.058700330555438995 0.00502281729131937 0.059117186814546585 -0.017627013847231865 -0.0005107088945806026 -0.10882007330656052 0.13908587396144867 -0.069475457072258 0.06048426777124405 -0.056501153856515884 -0.1603749543428421 -0.14470742642879486 0.015078703872859478 -0.18458545207977295 0.05848817899823189 0.0646125003695488 0.010487709194421768 0.05700306221842766 -0.06177697703242302 0.039251405745744705 0.03139283135533333 0.006526677869260311 0.0034679158125072718 -0.08284260332584381 -0.06993433088064194 -0.0348343551158905 -0.24232123792171478 -0.08244781196117401 -0.0041985888965427876 0.04787367582321167 0.04965221881866455 0.038939375430345535 
-0.007729389704763889 0.2036166936159134 -0.3686828315258026 0.22066612541675568 0.01033216342329979 -0.2065722793340683 0.15458999574184418 -0.029707925394177437 -0.619114100933075 0.138152614235878 -0.4519086182117462 0.5646678805351257 0.041098739951848984 0.19266055524349213 -0.0435849167406559 -0.1917199045419693 0.2883756160736084 -0.42421430349349976 -0.15257583558559418 -0.48002469539642334 -0.4761248826980591 -0.026479972526431084 -0.22278578579425812 -0.24830704927444458 -0.3711375892162323 0.10716338455677032 0.6770287156105042 -0.2649209797382355 0.7857853770256042 -0.46423229575157166 0.6124588251113892 0.0983303114771843 0.22531245648860931 0.4286380112171173 -0.3067828118801117 0.018500348553061485 -0.8242906928062439 -0.025400064885616302 0.3728392422199249 0.23203808069229126 -0.08643558621406555 0.405844122171402 0.41988617181777954 -0.8287832140922546 0.5512799620628357 0.027318984270095825 -0.7794163823127747 -0.6778987646102905 -0.12111467123031616 0.3687657415866852 
-0.1110796108841896 -0.3971167206764221 0.2052510678768158 1.461087942123413 0.055185217410326004 -0.16122287511825562 -0.014740572310984135 0.049632277339696884 -0.5647075772285461 0.31475263833999634 -0.5522981286048889 1.47884202003479 -0.0163386482745409 1.0171374082565308 -0.36632877588272095 -0.8002318143844604 -0.20249144732952118 -0.28129705786705017 -0.08922144025564194 0.1335991770029068 0.21147695183753967 -0.06133921816945076 0.029251983389258385 -0.10222101211547852 -1.109407901763916 0.9933827519416809 0.7437008619308472 0.22626559436321259 0.4549635350704193 -0.5188806653022766 0.7945722937583923 -0.08714369684457779 0.4280497431755066 0.5481716394424438 -0.018344685435295105 0.2017633467912674 -1.165462613105774 -0.2573539912700653 0.5204275846481323 0.06528641283512115 -0.06633441150188446 -1.4662318229675293 1.126574993133545 -0.137177512049675 0.6561426520347595 -0.2654668092727661 0.0693647637963295 -0.7479100227355957 -0.13628238439559937 0.9809587001800537 
-0.04098673164844513 -0.5302661061286926 0.21863214671611786 0.18817079067230225 0.014696930535137653 -0.05695326626300812 -0.710664689540863 -0.02126120775938034 -0.8119760155677795 -0.16929742693901062 0.2321511059999466 0.2962454855442047 -0.009535781107842922 -0.7915589213371277 0.2158658355474472 0.6487032175064087 0.24786223471164703 -0.8740007877349854 0.5012703537940979 -0.7462928295135498 0.7927419543266296 0.004153391811996698 0.13146446645259857 0.42463019490242004 0.2151455283164978 -0.5472429990768433 -0.350104957818985 -0.7755761742591858 0.46201401948928833 -0.5335081219673157 -0.6337488293647766 -0.13872838020324707 0.581633448600769 1.4538536071777344 -0.3796593248844147 -0.9459252953529358 0.2353694885969162 0.1197526827454567 1.3445861339569092 1.088795781135559 -0.16667626798152924 1.1676218509674072 0.18749839067459106 0.27933239936828613 1.325706124305725 0.29449790716171265 -1.135670781135559 -1.021727204322815 -1.0147067308425903 0.5972505211830139 
0.07813794910907745 0.22258588671684265 0.3315620422363281 -0.2685815393924713 -0.033026281744241714 0.21689550578594208 0.4181500971317291 0.06770648062229156 0.44268998503685 -0.504969596862793 0.01753232441842556 -0.16057679057121277 -0.027524065226316452 -0.19043952226638794 -0.13340875506401062 -0.03781358525156975 0.4965406358242035 0.16339334845542908 0.28020569682121277 -0.48662304878234863 -0.13283683359622955 -0.06087213009595871 0.3017885684967041 0.2891930639743805 0.04967792332172394 -0.24443723261356354 -0.15747582912445068 -0.22494354844093323 0.3485961854457855 0.18956789374351501 -0.16410721838474274 0.13507968187332153 -0.21386530995368958 0.43638095259666443 -0.2736342251300812 0.23248812556266785 0.02826063521206379 -0.030562246218323708 0.03483022749423981 0.05019737407565117 0.7315633296966553 0.41722607612609863 -0.20875412225723267 0.2203826755285263 -0.3482680916786194 -0.02049093507230282 -0.26207810640335083 0.06670363247394562 0.41937190294265747 -0.37338998913764954 
-0.13811710476875305 -0.25342071056365967 -1.4783596992492676 -0.007556425407528877 -0.09744410961866379 0.11087018251419067 -0.1402154266834259 0.06758587807416916 -0.6708255410194397 0.10496186465024948 -0.0277544092386961 -0.07478451728820801 -0.02156674675643444 -0.19267107546329498 0.0383816696703434 -0.6127405166625977 -0.5703485608100891 -0.2534800171852112 -0.3982298970222473 0.5525586009025574 -0.1972942054271698 0.05142069607973099 -0.25507867336273193 -0.41154834628105164 -0.2663266062736511 -0.10019537061452866 -0.5743756890296936 0.5656692981719971 -0.6256940960884094 -0.5515532493591309 -0.569417417049408 -0.14153851568698883 0.12309601157903671 -0.2168073058128357 -0.4878481328487396 -0.2192273885011673 0.14503008127212524 0.35612988471984863 -0.029572535306215286 -0.5940181016921997 0.001598244532942772 -0.8032649755477905 0.025013159960508347 -0.3968971371650696 0.15446265041828156 0.0377277247607708 -0.3116355240345001 -0.2616317868232727 -0.24219270050525665 0.46497842669487 
0.29888075590133667 0.149715393781662 -0.022647909820079803 -0.043822914361953735 -0.03965570777654648 0.15455789864063263 0.5322611927986145 0.03126337006688118 -0.10635052621364594 0.19639801979064941 -0.401047021150589 0.10051915794610977 0.01411235611885786 0.4231494069099426 -0.1338016241788864 -1.1149240732192993 -0.05650189146399498 -0.03723786771297455 -0.2627304494380951 0.04933910071849823 -0.5014511942863464 -0.11624108254909515 -0.14362017810344696 -0.11536666005849838 -0.7223540544509888 0.00492623308673501 0.3919413387775421 0.20774878561496735 -0.0172753743827343 -0.15739820897579193 0.48728853464126587 0.43086710572242737 0.23341572284698486 0.4185038208961487 -0.5692324638366699 0.5757119655609131 -1.0057258605957031 0.1635880023241043 0.15578418970108032 -0.24022532999515533 0.4363653063774109 -0.7619252800941467 0.19939473271369934 -0.21609537303447723 0.151997372508049 0.04155143350362778 -0.0021321687381714582 -0.31018906831741333 0.39397332072257996 0.2075643241405487 
-0.33396363258361816 -0.3688565194606781 0.41283369064331055 0.16834071278572083 -0.01599365659058094 -0.6250003576278687 -0.11824573576450348 0.20308037102222443 0.5816560387611389 0.7803378105163574 -0.09228244423866272 0.5316882133483887 -0.10053153336048126 -0.08967475593090057 -0.2082793116569519 0.2295350730419159 0.005681220907717943 0.26121780276298523 0.5562966465950012 -0.6206764578819275 0.27795538306236267 0.195073202252388 0.6327471733093262 0.8106737732887268 0.2529527544975281 -0.2318773865699768 -0.03214247524738312 -0.2206432819366455 0.3260258138179779 0.5988094210624695 -0.14432670176029205 -0.6795839667320251 -0.0931340903043747 0.4581707715988159 0.6390830278396606 -0.9737093448638916 -0.08500880002975464 -0.10544919967651367 0.27771830558776855 0.11125113815069199 0.037812262773513794 0.6584761142730713 -0.4989642798900604 0.36289986968040466 0.3995837867259979 -0.2069050371646881 0.7285442352294922 0.18934957683086395 -0.5343871712684631 0.4601866602897644 
-0.10129278153181076 -0.09700262546539307 -0.15593492984771729 -0.028284728527069092 -0.013757082633674145 -0.05396883562207222 -0.01143784262239933 0.10881949961185455 -0.02181381918489933 -0.048242006450891495 0.007574802730232477 -0.009622275829315186 -0.010405353270471096 -0.015576876699924469 0.019390083849430084 -0.04067804664373398 0.17186692357063293 0.07444869726896286 -0.02425902523100376 -0.017191249877214432 -0.0825386717915535 0.0037905657663941383 -0.046407364308834076 0.12831264734268188 0.12401966750621796 0.10735885053873062 -0.03404780849814415 -0.08375855535268784 0.05866420269012451 0.06363916397094727 -0.031535595655441284 -0.02876020222902298 0.07927381247282028 -0.007020891644060612 0.1331687718629837 0.03872377797961235 0.05698860064148903 0.08058644831180573 0.0730946734547615 -0.1333109736442566 0.002819287357851863 0.014422446489334106 0.03616006299853325 0.17918924987316132 -0.0342128723859787 -0.00929886195808649 -0.07119099050760269 -0.023077037185430527 0.07434443384408951 0.015953700989484787 
-0.21541988849639893 -0.4806150496006012 0.22339652478694916 -0.22512806951999664 -0.12323657423257828 -0.49241307377815247 0.13053545355796814 0.03917320445179939 -0.6957007050514221 0.23181475698947906 0.1315201073884964 0.19219551980495453 -0.015047449618577957 -0.6151745319366455 0.15278032422065735 0.6640262603759766 0.5671519041061401 -0.7485871315002441 0.6321254968643188 -0.9347580075263977 -0.23748651146888733 -0.03174333646893501 0.2894853353500366 -0.1454990655183792 0.21089273691177368 -0.8289536833763123 -0.13569942116737366 -0.8596484661102295 0.6021504998207092 -0.33035919070243835 -0.4737265706062317 -0.2333187460899353 0.3633176386356354 0.6272939443588257 0.15074627101421356 -0.610235333442688 0.03229961171746254 -0.6648005247116089 1.2279051542282104 1.3111430406570435 0.5706961154937744 1.351090669631958 -0.44447657465934753 0.15422454476356506 0.9418975114822388 0.2417229413986206 -0.537409782409668 -1.119023323059082 -0.7180294990539551 -0.18906153738498688 
0.2885364592075348 -0.08352861553430557 -0.24919432401657104 0.08855120092630386 -0.044753070920705795 0.013186419382691383 -0.14144298434257507 0.007906005717813969 0.006355486810207367 0.11746598035097122 -0.11784934252500534 -0.004252779297530651 -0.11622047424316406 -0.14016950130462646 -0.24902327358722687 -0.13733921945095062 -0.03467655926942825 0.16560477018356323 -0.08757783472537994 -0.10884077101945877 -0.05520058050751686 -0.2575494945049286 0.06902822107076645 -0.010867206379771233 0.2090839445590973 -0.16802331805229187 -0.06352879852056503 0.11314739286899567 0.03421665355563164 -0.032466866075992584 -0.021328702569007874 0.345866858959198 -0.23315751552581787 -0.21061216294765472 0.15263007581233978 -0.1426788866519928 -0.005998284090310335 -0.09107359498739243 0.24658918380737305 -0.059938233345746994 0.1667596399784088 0.12147501856088638 0.283627450466156 -0.04908985644578934 0.013909737579524517 -0.12607721984386444 -0.0007455237791873515 0.09725778549909592 -0.139174684882164 -0.08843181282281876 
0.07880612462759018 0.20001861453056335 0.006245299708098173 -0.31293925642967224 0.03735479712486267 -0.03650776669383049 -0.1025022491812706 -0.0974460169672966 0.24492131173610687 -0.714576244354248 -0.10786609351634979 -0.306012898683548 0.03707292675971985 -0.2689993679523468 0.0770636796951294 -0.15747004747390747 0.3586069345474243 -0.009630757384002209 -0.2500152289867401 -0.6576416492462158 -0.21399813890457153 0.03349072113633156 -0.16047005355358124 -0.136507049202919 0.02451205812394619 -0.5012641549110413 -0.3783610463142395 -0.47686100006103516 0.2143070101737976 -0.013076958246529102 -0.2805408835411072 0.18297937512397766 -0.20897886157035828 0.1602325439453125 -0.5507284998893738 0.18903429806232452 -0.1001841127872467 -0.346750408411026 -0.017168844118714333 -0.008249163627624512 0.28714820742607117 -0.036113061010837555 -0.3455767035484314 -0.479809045791626 -0.1536271572113037 -0.06392652541399002 -0.5312753915786743 -0.1644839495420456 0.3169538676738739 -0.2507518529891968 
-0.20194993913173676 -0.17385925352573395 -0.9575351476669312 1.1923398971557617 0.05680089816451073 -0.34413886070251465 0.09451909363269806 -0.013942460529506207 -0.41208475828170776 -0.329393595457077 -0.24079154431819916 0.8035029172897339 -0.04572313651442528 0.9593943357467651 -0.27094677090644836 -2.0720624923706055 -0.1678006947040558 -0.6396411061286926 -0.9277127981185913 0.526084303855896 0.4736502766609192 0.04082198813557625 0.5537522435188293 0.797214925289154 -0.7461333274841309 1.495786190032959 0.8270424604415894 -0.2550172805786133 0.9802068471908569 -0.002156076254323125 1.0039265155792236 -0.1801745444536209 -0.5790310502052307 0.9565684795379639 0.10164862126111984 0.23958450555801392 -0.8621754050254822 -1.5009911060333252 0.12111056596040726 -0.13472898304462433 -0.14918604493141174 -1.5565173625946045 1.075631856918335 -1.1153569221496582 0.1326366513967514 -0.14666929841041565 -0.06776083260774612 -0.6300285458564758 0.14410117268562317 0.7062438726425171 
-0.11530645936727524 -0.12187562137842178 -0.4158443510532379 0.027513662353157997 0.01500294916331768 0.08807721734046936 -0.11935605108737946 -0.12432834506034851 -0.5290356278419495 -0.2264406979084015 0.2014879286289215 -0.08135539293289185 0.0024767715949565172 -0.3768311142921448 0.36010393500328064 -0.026072194799780846 0.1754961758852005 -0.14598987996578217 -0.19233174622058868 0.17105801403522491 -0.4207684099674225 -0.02906513400375843 -0.26120004057884216 -0.6699995994567871 0.20260435342788696 -0.24569107592105865 -0.4686761796474457 -0.036321382969617844 -0.3071938753128052 0.15715725719928741 -0.5270674824714661 -0.13582035899162292 -0.2834054231643677 -0.7147967219352722 -0.13918223977088928 -0.3787747323513031 0.3005127012729645 0.2842729985713959 -0.7599471211433411 -0.8585092425346375 0.33902281522750854 -0.2654809057712555 -0.2322106808423996 0.2686007022857666 -0.6548869013786316 0.4502345323562622 -0.09024956077337265 0.0855347290635109 -0.3778134882450104 -0.2156040221452713 
0.07464753091335297 0.028700077906250954 0.09012322127819061 0.09642261266708374 -0.09874597936868668 0.004211642779409885 0.0751759484410286 0.023320700973272324 -0.06746864318847656 0.015756424516439438 0.057481177151203156 0.027151217684149742 -0.010055563412606716 0.10097523778676987 -0.07666343450546265 0.03957809880375862 -0.09825699031352997 0.0729835256934166 -0.034006938338279724 -0.1568283587694168 0.03498676046729088 0.08475576341152191 -0.04701090604066849 -0.021138940006494522 -0.11272105574607849 -0.007278579752892256 -0.061627719551324844 -0.07621898502111435 0.01214840728789568 0.009252051822841167 0.12234611064195633 0.014418819919228554 -0.05579107254743576 0.016272667795419693 -0.07292333245277405 0.0982600674033165 0.09222403168678284 0.09288700670003891 0.01679218001663685 -0.02067451737821102 -0.043769802898168564 0.0661168247461319 -0.040118057280778885 0.12991413474082947 -0.057546377182006836 0.006805706769227982 0.1044251099228859 -0.09894353896379471 0.014744854532182217 -0.01087240595370531 
-0.1795697659254074 -0.14465846121311188 -0.39384791254997253 0.3747023046016693 0.010983566753566265 -0.24615474045276642 -0.5229681134223938 -0.014201421290636063 -0.07010394334793091 0.9239367842674255 -0.3168725073337555 0.3325271010398865 0.009595497511327267 0.48831838369369507 -0.31628865003585815 -0.2891524136066437 -1.643706202507019 -0.13264372944831848 0.08606695383787155 -0.07196848839521408 -0.1970929205417633 -0.019552534446120262 -0.011201982386410236 -0.09546341001987457 -0.494242399930954 0.286830335855484 0.35618457198143005 0.08342592418193817 -0.04411708563566208 -0.2507249712944031 0.22090715169906616 -0.10980861634016037 0.021796440705657005 -0.2886026203632355 0.08625872433185577 -0.3848630487918854 -0.3133491277694702 0.32409441471099854 -0.0028651899192482233 -0.17698299884796143 -1.2543140649795532 -1.6192669868469238 0.061542659997940063 0.19466392695903778 0.15367713570594788 -0.15554238855838776 0.2930755019187927 0.03239753097295761 -0.43577665090560913 0.5586860775947571 
0.3389585316181183 0.6266710162162781 -0.13682155311107635 -0.3012109696865082 -0.03447749465703964 0.3810136616230011 0.4167433977127075 -0.00463441526517272 -0.0916207805275917 -0.3405969738960266 -0.09497632831335068 -0.5150871872901917 0.03248226270079613 0.5486266613006592 -0.2329888939857483 -2.1132030487060547 -0.2529112994670868 0.23877544701099396 -0.33301350474357605 0.6604704856872559 -0.5555384159088135 -0.010182774625718594 -0.5562587976455688 -0.3646381199359894 -0.5839372873306274 0.536653459072113 0.4976142346858978 0.4861583411693573 -0.6298231482505798 0.24592351913452148 0.8328920006752014 0.39885735511779785 -0.43739303946495056 -0.6541831493377686 0.37810248136520386 0.7035444974899292 -0.6409186720848083 0.26169899106025696 -1.3087064027786255 -1.2446410655975342 -0.33706220984458923 -2.409658193588257 0.3702797591686249 -0.3419581651687622 -1.0378432273864746 -0.2810879051685333 0.36011427640914917 0.5758761763572693 0.9726000428199768 -0.4964999556541443 
-0.3154398500919342 -1.5483474731445312 0.25130218267440796 -0.17468225955963135 0.04177604243159294 -0.424737811088562 -1.0066183805465698 0.0061630019918084145 -0.16379424929618835 0.5696766972541809 -0.13280348479747772 -0.11951782554388046 -0.02321300096809864 -0.09062577039003372 -0.03670989349484444 0.24585793912410736 -0.6787185668945312 0.11332046240568161 0.029857153072953224 -0.38136863708496094 -0.581675112247467 -0.006801286246627569 -0.4248601198196411 -0.5381724834442139 -0.16487203538417816 -0.15340274572372437 -0.13904131948947906 -0.10504429042339325 -0.07711399346590042 -0.084136001765728 -0.11033926159143448 -0.29348692297935486 0.22249357402324677 0.12010471522808075 -0.46100038290023804 -1.2753244638442993 -0.11337822675704956 -0.05935759097337723 0.23514412343502045 0.3076000213623047 -0.886833667755127 0.3300573527812958 -0.16237954795360565 0.0001364527124678716 0.6803625822067261 0.036332644522190094 -0.18851587176322937 -0.1358863115310669 -1.073547601699829 0.16804394125938416 
0.09717179089784622 -0.0177161805331707 -0.15015947818756104 0.0658600702881813 -0.04303138330578804 -0.05499766021966934 0.058110129088163376 0.017978856340050697 -0.06857675313949585 -0.049477241933345795 -0.07987359911203384 -0.050938930362463 -0.060153719037771225 -0.03319127857685089 0.10082932561635971 -0.03177377209067345 -0.04363086074590683 0.012246738187968731 0.053684037178754807 0.05145123973488808 0.06633198261260986 -0.04917828366160393 -0.039577096700668335 -0.0334312804043293 -0.1895550638437271 0.059753987938165665 0.03250148147344589 0.10680332779884338 0.18653611838817596 0.09863387048244476 0.018188266083598137 -0.04871944338083267 -0.02864006720483303 -0.054556116461753845 0.01128553505986929 -0.01774471253156662 -0.0021128584630787373 -0.06302878260612488 -0.02316923812031746 -0.04991047456860542 0.04531067609786987 0.07500112801790237 -0.14778098464012146 -0.015249298885464668 0.07853894680738449 0.022396281361579895 -0.06341256946325302 0.020757434889674187 -0.10969116538763046 -0.025256546214222908 
-0.3999342918395996 -1.2592387199401855 0.10312702506780624 0.48444458842277527 0.02719167433679104 -0.632908046245575 -0.5075774192810059 -0.014265399426221848 -0.5710926055908203 0.5363693237304688 -0.0052306740544736385 0.20483370125293732 0.008167136460542679 0.7886900305747986 -0.03049958311021328 -0.4282783567905426 -0.8043480515480042 0.024973159655928612 0.20399461686611176 0.33291202783584595 -0.18279901146888733 -0.04256333038210869 0.23977793753147125 -0.43735626339912415 -0.12825648486614227 1.0208591222763062 -0.0015734152402728796 0.7116762399673462 -0.33788150548934937 0.2609679698944092 0.2039829045534134 -0.44056859612464905 0.08700360357761383 -1.4332934617996216 -0.18134328722953796 -0.43455666303634644 -0.016837719827890396 0.03806930035352707 -0.6459941864013672 -0.6438263058662415 -1.5802509784698486 -1.9838048219680786 0.6844381093978882 0.23774076998233795 -0.20078207552433014 0.00858460832387209 0.6132146716117859 0.20088328421115875 -0.8717972636222839 0.43008214235305786 
0.09575321525335312 0.038664981722831726 -0.18302017450332642 0.5729238390922546 0.028327560052275658 -0.008107118308544159 0.41623497009277344 -0.014630848541855812 -0.46834832429885864 0.38325756788253784 -0.569675862789154 0.3693205714225769 -0.002927853725850582 0.4272649586200714 -0.012919285334646702 -0.7394587397575378 0.31348949670791626 -0.6245280504226685 -0.3236478567123413 0.03129073232412338 -0.46027231216430664 -0.1717088520526886 -0.27343982458114624 -0.7222501635551453 -0.526197612285614 0.5455191731452942 0.8549015522003174 0.12024525552988052 0.6056956052780151 -0.1549103707075119 0.6295616030693054 0.2053738385438919 0.1478305160999298 0.3031749129295349 -0.3361816704273224 0.1828782707452774 -1.443612813949585 0.15758119523525238 -0.13304740190505981 -0.004216803703457117 -0.0035625682212412357 -0.2166341096162796 1.2295008897781372 -0.6279551386833191 0.1943027526140213 0.17159691452980042 -0.47867491841316223 -0.4398649334907532 0.14462418854236603 0.5297576785087585 
-0.114688441157341 -0.6191446781158447 0.6331266164779663 0.7194846868515015 0.012565427459776402 -0.16860544681549072 -0.007512794807553291 -0.11756027489900589 -0.6901505589485168 0.4192589223384857 -0.6217918992042542 0.8038485646247864 -0.003129868768155575 0.3135232627391815 -0.07025638222694397 -1.0647943019866943 0.19651156663894653 -0.47551628947257996 -0.2878652811050415 -0.23985452950000763 -0.07925767451524734 -0.16065438091754913 -0.1832304447889328 -0.3105052411556244 -1.0600481033325195 0.100068598985672 0.37227901816368103 -0.17796345055103302 0.4505389928817749 -0.2535390853881836 0.14766979217529297 -0.03855914995074272 0.2306555211544037 0.723749577999115 -0.21629531681537628 0.07854898273944855 -1.8460947275161743 -0.020060492679476738 0.2998954951763153 -0.22729134559631348 0.389309823513031 -0.8519929051399231 1.0810778141021729 -0.33923470973968506 0.7206848859786987 0.07642484456300735 0.01174832507967949 -0.8526188731193542 -0.5017682909965515 0.5795155167579651 
0.009455122984945774 0.08281883597373962 -0.20332719385623932 0.22343921661376953 -0.01987355761229992 -0.10948700457811356 0.009423534385859966 0.00721355527639389 -0.17681080102920532 -0.8113868236541748 -0.3493916690349579 0.16000114381313324 -0.02220076695084572 0.8199656009674072 -0.3061843812465668 -0.25688719749450684 -0.30966538190841675 -0.14753609895706177 -1.4303275346755981 -0.20593248307704926 -0.28413960337638855 0.00872188713401556 -0.1620410680770874 -0.04989596828818321 -0.2132515162229538 0.7543318271636963 0.28567156195640564 -0.13914214074611664 0.33597972989082336 -0.57147216796875 0.4162050783634186 0.11862031370401382 -0.40770459175109863 -0.14674276113510132 -0.41387271881103516 0.24794794619083405 -0.5442302823066711 -0.913478672504425 -0.25284522771835327 0.013189093209803104 -0.3443722724914551 -0.1796443611383438 0.8365004658699036 -1.3427047729492188 -0.5934268832206726 -0.18451038002967834 0.2300294041633606 -0.5320711135864258 0.16160382330417633 -0.019368937239050865 
0.3868173360824585 -0.16545872390270233 0.5437444448471069 0.2864495515823364 0.059420015662908554 -0.03431352972984314 0.44610482454299927 -0.10181841999292374 -0.6150985956192017 -0.04768006131052971 -0.2371252328157425 0.1919279396533966 0.04179009050130844 0.22079923748970032 -0.04638715460896492 -0.10621573030948639 0.2765897214412689 -0.35139209032058716 -0.1003604456782341 0.49582526087760925 -0.8996454477310181 -0.09265238046646118 -0.19472433626651764 -0.44689303636550903 -0.4994388818740845 -0.21232788264751434 0.476532518863678 0.21885353326797485 0.30750373005867004 -0.47026440501213074 0.036283228546381 0.3916006088256836 0.2980037033557892 0.6326343417167664 -0.5874770283699036 0.3372440040111542 -0.4335535168647766 0.11674279719591141 0.01873237080872059 -0.2014029622077942 0.4584745466709137 0.08278204500675201 0.19382745027542114 0.25064578652381897 0.13351723551750183 -0.008263147436082363 0.10881035029888153 -0.4650439918041229 0.1886509656906128 0.04023778811097145 
-0.07164086401462555 0.03973499312996864 -0.05318349972367287 0.07135751098394394 0.0033592742402106524 0.06552927941083908 0.15705323219299316 -0.05767673999071121 -0.14091478288173676 -0.10569597780704498 0.06215934082865715 0.06728962808847427 -0.06143878027796745 0.150400772690773 0.09052938967943192 0.1406838744878769 -0.1853053718805313 0.08947934210300446 0.01403504516929388 0.10173910111188889 -0.03713230788707733 -0.022858023643493652 0.0914073958992958 -0.001599808456376195 -0.051615387201309204 -0.05164191126823425 -0.12421134114265442 -0.21532835066318512 0.032947033643722534 -0.051144249737262726 0.09898348152637482 0.03322547674179077 -0.008903967216610909 0.07155926525592804 0.07667341828346252 -0.01093269046396017 -0.05550641193985939 0.018281079828739166 -0.05063065513968468 0.1409236341714859 -0.05984032526612282 -0.10784545540809631 -0.08494623005390167 0.058116961270570755 -0.11674357205629349 -0.11403253674507141 0.11804905533790588 0.06876358389854431 -0.12162400782108307 0.05702558159828186 
-0.49993303418159485 -0.5449180603027344 0.23271402716636658 1.329336166381836 0.013628763146698475 -0.8879019618034363 -0.5061331391334534 0.06096632778644562 0.2609598636627197 0.3843272924423218 -0.3076222836971283 1.291784405708313 -0.046649932861328125 0.7560468316078186 -0.1916525810956955 -1.3437062501907349 0.045108612626791 -0.26133236289024353 -0.7267531752586365 0.24688394367694855 -0.25901132822036743 -0.006959895603358746 0.21082504093647003 0.07949737459421158 -0.799338161945343 0.94898921251297 0.27590495347976685 0.0016660841647535563 0.7377098202705383 0.3734995126724243 0.2975247800350189 -0.8516066670417786 -0.16934150457382202 0.2808589041233063 -0.40237462520599365 -0.7825032472610474 -0.968010663986206 0.40109655261039734 -0.44935622811317444 -0.4059135615825653 -0.14596496522426605 -0.3830297589302063 0.3819141983985901 -0.6663828492164612 -0.2387748509645462 -0.09233440458774567 0.5620574951171875 0.22964830696582794 -0.7817162275314331 0.7066586017608643 
-0.0013922114158049226 -0.11795642226934433 0.06220494955778122 -0.1355806589126587 -0.060620762407779694 -0.04123429208993912 -0.035553183406591415 -0.01941492035984993 0.08265992254018784 0.07359003275632858 0.03011622466146946 -0.1563253402709961 -0.05089219659566879 0.0009696647757664323 -0.044933609664440155 -0.03986484557390213 0.04791750758886337 0.147312730550766 -0.10362209379673004 -0.18719185888767242 0.09204685688018799 0.05349547415971756 -0.03917913883924484 -0.06187654659152031 0.0598052553832531 -0.05734940618276596 0.14002841711044312 0.2552282214164734 0.09157568216323853 -0.10637763142585754 0.10130825638771057 0.033247578889131546 0.15484999120235443 -0.051502712070941925 -0.06842783093452454 -0.08794479817152023 0.06311836838722229 -0.01760493963956833 0.028453173115849495 -0.13066980242729187 0.05515823885798454 -0.07751259952783585 -0.05452965945005417 -0.002104838378727436 0.16075003147125244 -0.07369569689035416 0.03313018009066582 -0.12308287620544434 -0.09504161030054092 0.033268898725509644 
0.3029811382293701 -0.028564970940351486 -0.43049705028533936 0.25349941849708557 0.047452956438064575 0.007913673296570778 -0.05557075887918472 -0.1308424025774002 -0.7411720752716064 -0.01509673148393631 -0.37233632802963257 0.1306212842464447 0.058882277458906174 -0.1146586462855339 -0.12299929559230804 -0.2853694558143616 -0.08990071713924408 -0.8128476142883301 -0.08682078868150711 -0.5670172572135925 -0.631972074508667 -0.15160484611988068 -0.36437955498695374 -0.3956263065338135 -0.2558133006095886 -0.037764016538858414 0.41624486446380615 -0.5312971472740173 0.16347169876098633 -0.7663039565086365 0.25774234533309937 0.2712514102458954 0.03930838033556938 -0.276384562253952 -0.1610812395811081 -0.06653594970703125 -0.4022730886936188 -0.27934643626213074 0.04159912094473839 0.07173280417919159 -0.270757257938385 -0.1592298299074173 0.017678283154964447 -0.7603135704994202 0.13675151765346527 -0.030913420021533966 -0.6860394477844238 -0.946469247341156 -0.27664679288864136 0.03876672685146332 
-0.5282266139984131 -0.7882607579231262 0.6655868291854858 -0.2951795160770416 -0.215448260307312 -0.696728527545929 -0.005335389636456966 0.05520489066839218 -1.0133230686187744 0.7662692666053772 0.047690656036138535 0.0012143685016781092 -0.024917026981711388 -0.7083991765975952 0.2650854289531708 0.8923338055610657 0.5240735411643982 -1.2193140983581543 0.4731288552284241 -1.1892069578170776 -0.32935717701911926 -0.05633895844221115 -0.2810392379760742 -0.2893006503582001 0.46150872111320496 -0.7838249206542969 -0.39740297198295593 -0.830418586730957 0.596714973449707 -0.5330400466918945 -0.517168402671814 -0.5117042064666748 0.2999348044395447 0.8277882933616638 0.27168694138526917 -0.7312934994697571 0.11728687584400177 -0.33186769485473633 1.0888588428497314 1.095158576965332 0.44536060094833374 1.850040316581726 -0.6345712542533875 0.16181319952011108 1.031995177268982 0.41108277440071106 -0.7378284335136414 -1.2563332319259644 -0.9753322005271912 0.08778145164251328 
-0.2138766348361969 -0.07145339995622635 -0.12157624959945679 -0.1305394321680069 -0.03782633692026138 -0.11707422137260437 -0.2597833573818207 -0.03601027652621269 0.0821460485458374 -0.07019542157649994 -0.02723355032503605 0.127257838845253 -0.007192309480160475 -0.18743012845516205 -0.05079353228211403 0.23791730403900146 0.05553208664059639 0.11796398460865021 -0.08472733199596405 -0.14858323335647583 0.0335206501185894 -0.08448576182126999 -0.07961002737283707 -0.23113000392913818 -0.057537294924259186 0.13310275971889496 0.05009550601243973 -0.07914765179157257 0.017275789752602577 0.1465173363685608 0.16011053323745728 -0.3916846811771393 -0.11801251024007797 0.04870769754052162 0.23680445551872253 0.14027318358421326 -0.025583118200302124 -0.055075664073228836 -0.023704703897237778 0.0398707278072834 0.1002594530582428 -0.24957703053951263 -0.1313001811504364 0.08058957010507584 0.20933449268341064 0.007022168021649122 0.30436649918556213 0.15956690907478333 0.10470055043697357 0.034024666994810104 
-0.1951482743024826 -0.7422289252281189 -0.3189011812210083 0.9292744994163513 -0.014257940463721752 -0.12901021540164948 -0.005734704900532961 0.11332602798938751 -0.5760512351989746 0.3112758696079254 -0.16203074157238007 0.8904629945755005 0.018778156489133835 0.5923323631286621 -0.27477243542671204 -1.0552526712417603 -0.4786043167114258 -0.05094209685921669 -0.3264484405517578 0.580702543258667 -0.1050114780664444 -0.048129770904779434 -0.16958363354206085 -0.24426144361495972 -0.42022639513015747 0.15617695450782776 0.06416943669319153 0.31750625371932983 0.023688089102506638 -0.8202511668205261 0.3403679430484772 -0.2639060616493225 0.2658652365207672 0.2801171541213989 0.01806381344795227 0.12668967247009277 -0.583056628704071 0.05846595764160156 0.5919148325920105 0.46785131096839905 -0.3025422692298889 -0.8721480369567871 0.5555071234703064 -0.19126038253307343 0.45430728793144226 -0.07757049053907394 -0.03086227923631668 -0.5562781095504761 0.06903985887765884 0.5217621326446533 
0.029851144179701805 0.11535575240850449 0.07205977290868759 0.027064552530646324 0.02214992232620716 -0.1135668158531189 -0.06873238831758499 0.005265684332698584 -0.002027199836447835 -0.021121107041835785 0.016611510887742043 -0.05988996475934982 0.02629351243376732 0.010695740580558777 -0.10633493214845657 0.11004894971847534 0.0022731544449925423 -0.11513354629278183 -0.14027783274650574 -0.19409777224063873 -0.06603363156318665 -0.03198295086622238 0.01820889301598072 0.003909154795110226 -0.06843315809965134 0.01983041502535343 0.03539052978157997 0.08796700835227966 0.06105978041887283 0.17757824063301086 -0.0677291601896286 -0.12042132019996643 -0.09950433671474457 -0.09178265929222107 0.04868590086698532 -0.14757563173770905 0.04756015166640282 0.04532327130436897 -0.04631796479225159 0.05841800570487976 0.031097762286663055 -0.044819049537181854 0.06466934084892273 -0.10355502367019653 0.3033655881881714 0.019221661612391472 0.10946489870548248 0.18384262919425964 0.05036238953471184 0.02645725943148136 
-0.22009876370429993 -1.02594792842865 -0.695195198059082 0.2163436859846115 0.055957894772291183 -0.35913652181625366 -1.0690058469772339 -0.014524565078318119 -1.0311115980148315 0.5723555088043213 -0.08811875432729721 0.26222360134124756 -0.033261049538850784 -0.40754881501197815 0.05067877843976021 0.17283321917057037 -0.7968026995658875 -0.4595853388309479 0.1863546371459961 0.2756916284561157 0.017044518142938614 -0.019757181406021118 -0.31685516238212585 -0.2868580222129822 -0.4128381907939911 -0.5914994478225708 -0.49998146295547485 0.03011094406247139 -0.2764686942100525 -0.648545503616333 -0.6123648881912231 -0.3072926998138428 0.5478512048721313 0.29396483302116394 -0.8973429799079895 -1.1116650104522705 -0.18375669419765472 0.6714900135993958 0.9386981725692749 0.7492731213569641 -0.25776877999305725 -0.3965882658958435 -0.49086081981658936 0.07709433138370514 1.120553970336914 0.2112632393836975 -0.23306722939014435 -0.1815861016511917 -1.2901394367218018 0.8184791803359985 
0.18507513403892517 -0.13205425441265106 -0.37903255224227905 -0.619933545589447 0.10971153527498245 0.2721288204193115 -0.2213783711194992 -0.04520266875624657 0.27125057578086853 0.03241914510726929 0.30122315883636475 -0.5815554261207581 -0.02468033693730831 -0.8128598928451538 -0.06302884966135025 -0.21412776410579681 -0.14128142595291138 0.3977448046207428 0.15997393429279327 -0.2546379268169403 0.023296935483813286 0.03601531311869621 -0.20604681968688965 -0.10027338564395905 0.03396352380514145 -0.8104788064956665 -0.6250208616256714 0.09889407455921173 -0.6530645489692688 0.1330387443304062 -0.5421467423439026 0.11333028227090836 0.05732842907309532 -0.5130297541618347 -0.07342394441366196 -0.3513593077659607 0.3811080753803253 0.4665515422821045 -0.1891976147890091 -0.5044625401496887 0.0664910152554512 -0.21354149281978607 -0.756269097328186 0.2590905725955963 -0.32938018441200256 -0.11971844732761383 -0.3184490203857422 0.4009190499782562 -0.13250873982906342 -0.5023108720779419 
-0.07482193410396576 -0.027123183012008667 0.02390783280134201 0.07917951792478561 0.151396244764328 -0.053090840578079224 -0.065337173640728 -0.10457363724708557 0.10384051501750946 0.019189342856407166 0.004609174560755491 0.11545529961585999 0.008270137943327427 0.08352400362491608 -0.12660638988018036 0.026401469483971596 -0.08994648605585098 0.03270048275589943 0.025988543406128883 0.03171461820602417 -0.04774879664182663 0.02337493747472763 0.005646309815347195 0.07059777528047562 0.09553351998329163 -0.005380154121667147 -0.08601253479719162 -0.036932289600372314 0.03205500543117523 -0.06463208049535751 0.11471948772668839 -0.06266535073518753 0.1297902762889862 0.028592288494110107 0.05536557361483574 0.10252350568771362 0.1736890822649002 0.015447860583662987 -0.016875267028808594 -0.024274731054902077 -0.014131313189864159 -0.08022000640630722 -0.03315075859427452 -0.03833559527993202 -0.08051412552595139 0.06541366875171661 -0.0421232208609581 -0.12580259144306183 -0.030967064201831818 -0.08238290250301361 
0.08890960365533829 0.03261599689722061 -0.14662638306617737 -0.006741211749613285 -0.0022384445182979107 0.026686938479542732 -0.060544900596141815 0.013109862804412842 0.0033374782651662827 0.006419615354388952 0.04198361560702324 -0.028255876153707504 0.05641575902700424 -0.01370944269001484 0.06237486004829407 -0.11292047053575516 -0.13161742687225342 0.011464959941804409 0.08377949148416519 0.1310497373342514 0.05327258259057999 -0.08624488115310669 0.010364372283220291 -0.0555853545665741 0.10938058793544769 -0.09711086004972458 0.032794371247291565 0.03190243989229202 0.014395649544894695 -0.054020561277866364 0.04560394585132599 -0.07116195559501648 0.17711906135082245 0.051374536007642746 0.06030293554067612 0.005215941462665796 -0.12879706919193268 -0.056287094950675964 0.029959164559841156 -0.09956972301006317 0.021024638786911964 0.07417477667331696 0.03248535841703415 -0.019402824342250824 -0.11367816478013992 -0.05701988562941551 -0.10134333372116089 0.007363731972873211 -0.13039080798625946 -0.07320546358823776 
-0.5318105220794678 -2.0467073917388916 1.0409369468688965 0.9117769598960876 -0.03348608687520027 -1.6715551614761353 -0.770810604095459 0.03260316699743271 0.1127266213297844 -0.025972388684749603 0.0014377592597156763 0.4938545823097229 -0.01918872445821762 0.2895452678203583 -0.04177143797278404 0.39552924036979675 -0.2254750281572342 0.3443309962749481 0.30207738280296326 -0.03305346146225929 1.479812502861023 0.012690411880612373 1.0320967435836792 0.48421958088874817 0.30497509241104126 0.5583746433258057 0.6363717913627625 -0.12324479222297668 0.4705686569213867 0.07332102954387665 0.521705687046051 -0.9411270618438721 0.05278470739722252 0.24221016466617584 0.38840943574905396 -0.6104746460914612 0.20165638625621796 0.07503264397382736 -0.44693657755851746 -0.49627506732940674 -0.4340970516204834 0.21175312995910645 0.8614736199378967 0.23477676510810852 0.5699887871742249 -0.17983318865299225 0.5009294152259827 -0.09883201867341995 -0.9022442698478699 0.8583576679229736 
0.041150134056806564 0.30556076765060425 -0.5941992402076721 0.2509816288948059 -0.0024308410938829184 0.129374161362648 -0.30892208218574524 -0.005133289378136396 -0.27974486351013184 -0.8896862268447876 -0.0345974825322628 0.11478018760681152 -0.0015447235200554132 0.33830881118774414 -0.03824150934815407 -0.7840160727500916 -0.6459783911705017 0.02754942514002323 -0.9561838507652283 0.8786957859992981 -0.07680705934762955 -0.012684530578553677 -0.4879021942615509 0.06062334403395653 -0.11319224536418915 0.6518228650093079 -0.17079034447669983 0.3506982922554016 -0.5692442655563354 -0.3510347902774811 0.04024699330329895 0.022627094760537148 -0.005011462606489658 -0.9299245476722717 -0.6321547627449036 0.20032843947410583 -0.05065586045384407 0.6242979764938354 -0.5462231636047363 -0.1577264666557312 -0.6727573871612549 -1.5859159231185913 0.22398275136947632 -0.3930400311946869 -0.6558651328086853 -0.07234681397676468 0.26462459564208984 0.17226895689964294 0.2616378962993622 0.05331363156437874 
-0.03830572962760925 -0.027699852362275124 0.08053028583526611 -0.09491267800331116 0.058385059237480164 0.1335584670305252 0.021054279059171677 -0.015530109405517578 -0.017484985291957855 0.06803163886070251 -0.0968598946928978 -0.09011425077915192 -0.004373075440526009 0.09643416851758957 -0.01982750929892063 0.1725298911333084 0.006095729302614927 -0.1024094894528389 -0.07859203219413757 -0.08909518271684647 -0.015084344893693924 -0.016386760398745537 0.03218523785471916 0.05989186465740204 -0.0973447859287262 0.06667900830507278 -0.0760127529501915 -0.14895009994506836 0.10824178159236908 -0.007496047765016556 -0.034402381628751755 0.11647398769855499 0.04180522635579109 0.01017639972269535 -0.038169607520103455 0.08562973886728287 -0.08493378013372421 0.035129956901073456 0.11083219200372696 0.0016320853028446436 -0.055580925196409225 -0.09590702503919601 0.06603483110666275 -0.054512158036231995 -0.07942701876163483 0.04189237579703331 0.23975668847560883 -0.03638360649347305 -0.041309457272291183 -0.12380483001470566 
0.22689954936504364 0.032144490629434586 0.3880099058151245 0.13508856296539307 -0.11388903856277466 0.3898119628429413 -0.04576009884476662 -0.08279971033334732 0.08584651350975037 0.0818527415394783 -0.08426675945520401 -0.09245403110980988 0.01009293645620346 0.1046149805188179 -0.0346839614212513 0.001406964031048119 0.06201028823852539 -0.3021918833255768 -0.10942403227090836 0.15528573095798492 0.022608453407883644 0.09237364679574966 0.042625658214092255 -0.06879495829343796 -0.18971358239650726 -0.15715479850769043 0.03928060829639435 -0.02824999950826168 -0.2857171297073364 -0.0874214693903923 -0.06773066520690918 0.18182101845741272 0.16974736750125885 0.07445839792490005 -0.17116542160511017 0.1888265162706375 -0.04611928015947342 0.007398967165499926 0.026718121021986008 0.20078019797801971 -0.06164523959159851 -0.06705115735530853 -0.0012113150442019105 0.20063182711601257 -0.18266454339027405 -0.3384963274002075 0.04024779051542282 -0.29376012086868286 0.08422374725341797 0.07909032702445984 
0.04894532635807991 0.16922874748706818 -1.5796178579330444 -0.020222894847393036 0.05164448916912079 0.24265559017658234 -0.20994095504283905 0.004627456422895193 0.18825967609882355 -1.3298827409744263 0.034160297363996506 -0.2887202501296997 -0.01842360384762287 0.2142302244901657 -0.10212117433547974 -0.8518926501274109 -0.42815375328063965 0.3217453956604004 -0.9474614262580872 0.7628163695335388 -0.16992521286010742 -0.04291591793298721 0.031208321452140808 0.1392727941274643 -0.1926393359899521 0.29084524512290955 -0.4974876344203949 0.611823558807373 -0.7201449275016785 -0.5147168040275574 0.052407022565603256 0.1280132681131363 0.3100481629371643 0.009146192111074924 -0.8266766667366028 0.4958305358886719 -0.08175951987504959 0.2117275446653366 0.2164497673511505 -0.038955338299274445 -0.04953973740339279 -1.8555089235305786 0.28120967745780945 -0.6703622937202454 -0.2486741840839386 -0.19416789710521698 0.18055467307567596 0.3722623288631439 0.3936682939529419 0.029986727982759476 
0.10522138327360153 -0.002719066571444273 -0.07010539621114731 0.040050208568573 0.025762563571333885 -0.05599110573530197 -0.07777567207813263 0.07376772910356522 -0.037424784153699875 -0.008220667019486427 -0.03192196413874626 -0.07970216125249863 -0.10150455683469772 0.05794382840394974 0.028726452961564064 -0.0530584417283535 0.1389654278755188 0.08939555287361145 0.14521121978759766 0.024063747376203537 0.07028778642416 0.01091062929481268 -0.08019985258579254 0.03335323929786682 0.02860320173203945 -0.059194546192884445 0.03020627051591873 0.010545364581048489 0.02490682154893875 -0.10703060030937195 -0.035850342363119125 -0.03515663370490074 -0.03468730300664902 0.09521723538637161 0.021008366718888283 -0.016850071027874947 -0.09570492804050446 -0.06934656947851181 -0.05327630415558815 0.0903148427605629 -0.008164413273334503 -0.095897376537323 0.0436834953725338 0.0628269836306572 -0.17508292198181152 0.06602808833122253 0.030728884041309357 -0.041828058660030365 -0.06600848585367203 -0.09884194284677505 
0.08844393491744995 0.0841299518942833 0.09423073381185532 0.14888346195220947 -0.05820648744702339 0.03639357164502144 0.06861520558595657 0.06356029212474823 0.004991661291569471 -0.06667183339595795 -0.020251058042049408 0.024516796693205833 -0.05776827409863472 0.05487094074487686 -0.14222973585128784 0.10799326747655869 0.022557081654667854 -0.08205780386924744 0.06283226609230042 0.06860601156949997 -0.07122983038425446 0.06202643737196922 -0.018684083595871925 -0.017987295985221863 0.0667852982878685 -0.003432375378906727 -0.15499991178512573 0.018466932699084282 -0.08226409554481506 0.15529794991016388 0.0335661806166172 0.1084781140089035 -0.02856898494064808 0.0431177131831646 -0.005679928697645664 -0.12349095195531845 0.08056621253490448 -0.08881592005491257 0.011584611609578133 0.026510709896683693 -0.015767902135849 -0.07677806168794632 0.02524467557668686 -0.020935527980327606 0.035953693091869354 0.005314228590577841 -0.041345953941345215 -0.06011456623673439 0.08036474138498306 -0.013192536309361458 
0.03879557177424431 -0.020956939086318016 0.07326961308717728 0.15684059262275696 -0.04664582759141922 0.10938307642936707 0.10332158207893372 0.1256905347108841 -0.04250841215252876 -0.01070342119783163 -0.08200181275606155 0.02633574791252613 -0.07053675502538681 -0.04583065211772919 0.05349935218691826 -0.01078667864203453 0.09043146669864655 0.0952138751745224 0.13356466591358185 -0.09671580046415329 0.07197046279907227 0.014885995537042618 -0.04384004324674606 -0.127004474401474 0.12224893271923065 0.011162599548697472 -0.04562029242515564 -0.00295297522097826 -0.1063154861330986 -0.09502093493938446 0.022441202774643898 0.02260240912437439 -0.05692623183131218 0.03978853300213814 -0.13908176124095917 0.10893801599740982 0.07723427563905716 -0.03716377168893814 0.05726226046681404 -0.058208536356687546 -0.05057641863822937 0.07610508054494858 -0.08779405057430267 -0.033202651888132095 -0.1279047280550003 0.03499055281281471 0.06133158877491951 0.15171276032924652 0.12850764393806458 0.06212952360510826 
-0.01155228354036808 0.09217046946287155 0.03322060406208038 -0.010744757950305939 -0.0851082131266594 0.03501230850815773 -0.028991252183914185 -0.07355678826570511 -0.0783558189868927 -0.02792363055050373 -0.1093643307685852 0.17766568064689636 -0.06662736088037491 0.2141229212284088 0.01452705543488264 -0.10066968947649002 0.17376708984375 0.01173358503729105 0.04816815257072449 -0.04083174094557762 -0.025338444858789444 0.016497695818543434 0.013186140917241573 0.07468834519386292 0.05447227507829666 -0.009585083462297916 -0.013414728455245495 -0.07037794589996338 0.00015048027853481472 0.07742681354284286 -0.09177162498235703 -0.010099462233483791 0.04109513759613037 -0.013250429183244705 0.004278327338397503 -0.085959792137146 -0.0063360449858009815 0.011759665794670582 -0.1338377594947815 0.12716719508171082 -0.028092671185731888 0.001151183620095253 0.03284316137433052 -0.041830990463495255 0.015743466094136238 -0.038624223321676254 -0.04557017982006073 0.07804558426141739 -0.04347051680088043 -0.00548045989125967 
-0.07258487492799759 -1.0752654075622559 -0.13134688138961792 0.5803144574165344 -0.05403329059481621 -0.378409206867218 -0.9748493432998657 0.05261927470564842 -0.6188905835151672 0.8374618887901306 -0.2588074803352356 0.7446399331092834 -0.02927015721797943 0.22690458595752716 -0.2645353376865387 -0.5710329413414001 -1.5563420057296753 -0.09577056765556335 -0.14683285355567932 0.6405614614486694 0.5023775696754456 0.056221019476652145 -0.28456321358680725 0.4862755239009857 -0.7424725294113159 -0.1500474363565445 -0.026840081438422203 0.28200605511665344 -0.041562147438526154 -0.3978855013847351 -0.0005343081429600716 -0.24959376454353333 -0.14487822353839874 -0.6542190909385681 0.7009788155555725 -1.2474696636199951 -0.5522501468658447 -0.11221318691968918 0.2044305056333542 0.12236903607845306 -2.9633712768554688 -1.0962963104248047 -0.6095910668373108 -0.352287620306015 0.41681745648384094 -0.1267610490322113 0.6421749591827393 -0.3000052571296692 -0.7568196058273315 0.6505613327026367 
-0.10390216112136841 0.08595412969589233 0.0681067556142807 0.015605834312736988 0.017898697406053543 -0.025143692269921303 -0.05545820668339729 -0.015076215378940105 0.03644666448235512 -0.02939779683947563 0.0011766646057367325 0.1090470403432846 -0.024594170972704887 0.06726565957069397 -0.06277646869421005 0.012438321486115456 -0.043527014553546906 0.010332765989005566 0.01584162563085556 -0.012892501428723335 0.017603188753128052 0.003326342673972249 -0.018938282504677773 -0.06601092964410782 0.028813401237130165 -0.052280180156230927 -0.00443923007696867 -0.006389988120645285 -0.03234883025288582 0.061291906982660294 0.09842462837696075 -0.0023098140954971313 0.15442028641700745 -0.024960791692137718 0.021221894770860672 0.058522529900074005 -0.08671348541975021 -0.03681735694408417 0.07569722086191177 0.02424044720828533 0.03790973871946335 -0.08421792089939117 -0.07182832807302475 0.14255757629871368 -0.1461249142885208 -0.02357412688434124 0.03275645896792412 -0.09814471751451492 -0.054016098380088806 0.11004253476858139 

-0.05609907582402229 -0.10515746474266052 9.020692959893495e-05 1.366125070489943e-05 -0.09832771122455597 0.09744866192340851 0.20678581297397614 0.1323527693748474 -0.16167688369750977 0.12446879595518112 -0.081366628408432 -0.0003462878230493516 -0.6602324843406677 -0.00021861128334421664 0.10562016814947128 0.13517197966575623 -0.19735297560691833 4.3021551391575485e-05 -0.29108357429504395 -0.14050717651844025 0.2633936405181885 -0.00034925853833556175 0.2012488842010498 -0.12823647260665894 0.1108393594622612 -0.15239015221595764 0.1548992395401001 0.00046628148993477225 -0.13521111011505127 0.0004960442893207073 -0.12343794852495193 0.4442346394062042 0.0008436735952273011 0.06435535103082657 0.0015743995318189263 -0.19043035805225372 0.17309793829917908 7.661925337743014e-05 -0.0007501081563532352 -0.2551392912864685 0.5230560302734375 0.0005235777352936566 -0.0017187626799568534 -0.3673645257949829 -0.0009377147071063519 0.0005352905718609691 -0.00022431497927755117 2.923365173046477e-05 0.26884692907333374 -0.0006955697317607701 
BIAS:
0.0933530405163765 0.8748582601547241 -1.0079586505889893 -0.9424615502357483 -0.0017328974790871143 0.6322242617607117 -0.3296504318714142 -0.0005991184734739363 0.9251134991645813 -1.589429259300232 -0.012843701988458633 -0.9359676241874695 0.001533931354060769 -0.13924747705459595 -0.044137489050626755 -0.27241605520248413 -0.11975845694541931 0.4860190749168396 -0.46803170442581177 0.14765523374080658 0.1398145705461502 0.0011926930164918303 -0.3005993366241455 -0.04890454560518265 -0.10733313113451004 -0.6070758104324341 -1.0086004734039307 0.19233952462673187 -1.0176763534545898 0.6114363074302673 -0.2773277461528778 0.18575838208198547 -0.47333595156669617 -1.884421467781067 -0.20689252018928528 0.3178626596927643 0.21749486029148102 0.30438506603240967 -1.3802109956741333 -1.1135332584381104 -0.3306226432323456 -0.8154508471488953 -0.734400749206543 0.2497064769268036 -1.1301066875457764 -0.03446643054485321 -0.06666077673435211 0.5972363948822021 0.3260689079761505 -1.3150733709335327 

-0.29571837186813354 -0.669958233833313 0.03400134667754173 -0.08610255271196365 -0.22734498977661133 -0.07950063049793243 0.1862429678440094 0.1567632108926773 0.11570462584495544 0.15194076299667358 -0.5752148032188416 -0.10002700984477997 -0.3099495768547058 -0.1457807421684265 0.21025002002716064 -0.5059735774993896 0.12554685771465302 0.027013853192329407 -0.17083589732646942 -0.1634383350610733 -0.1258976310491562 -0.02184726484119892 -0.4830753207206726 -0.12752056121826172 -0.01920105144381523 -0.30202770233154297 0.043718717992305756 0.06016995385289192 -0.2779012620449066 0.1582280546426773 -0.15923932194709778 0.0859471932053566 -0.14205501973628998 -0.09987097233533859 0.038032177835702896 0.17838646471500397 0.4124065041542053 0.10042077302932739 -0.08364313095808029 -0.7348264455795288 0.07485377043485641 0.06695932894945145 0.027523664757609367 0.11215376108884811 -0.02973875030875206 -0.06901657581329346 -0.0715300664305687 0.04299785569310188 -0.5834382772445679 0.005400678608566523 

0.17476575076580048 