1
3                  50                  50                  1
8.999099731445312 0.9845272898674011 0.6000000238418579 
5.363064765930176 0.48503339290618896 0.05000000074505806 
102.80665588378906 
2.006802558898926 
WEIGHT:
-1.68236243724823 1.2109655141830444 0.37961387634277344 
0.9276696443557739 -0.7404011487960815 -0.12238939851522446 
-1.407059669494629 -2.2687387466430664 -0.13709796965122223 
-0.10952568799257278 1.2482657432556152 2.7153608798980713 
-1.410536527633667 -0.26321572065353394 -0.12174390256404877 
1.046320915222168 -0.8873884677886963 -0.04548392444849014 
0.9211462736129761 -0.6790291666984558 1.2948288917541504 
-0.006808126345276833 0.0022040680050849915 -0.7217825651168823 
0.11652380973100662 0.2057972252368927 1.7458271980285645 
-3.1399645805358887 -1.0278801918029785 -1.7080963850021362 
0.7299928069114685 0.25562113523483276 -0.3488021194934845 
2.1631393432617188 -1.8468410968780518 0.3940329849720001 
2.375598192214966 -1.2505347728729248 0.41038206219673157 
-0.04753703996539116 2.3546204566955566 2.6020991802215576 
-0.34254154562950134 -0.07605855166912079 0.8102642893791199 
-1.7868903875350952 -0.7607076168060303 -0.9858522415161133 
0.1481005698442459 0.22993822395801544 -0.6195107698440552 
-1.5842009782791138 -0.08535794168710709 -0.8582615256309509 
-1.590983510017395 1.3572531938552856 -2.955723285675049 
0.60079026222229 -1.1120291948318481 0.0894850566983223 
-0.4113229215145111 -0.90068519115448 -0.6566866040229797 
0.9648937582969666 -1.1558547019958496 -0.43255048990249634 
0.14732623100280762 1.7503751516342163 0.3588130474090576 
1.2214012145996094 -0.9791107177734375 -0.26768380403518677 
1.801623821258545 -0.9685182571411133 0.07376854121685028 
0.5630295872688293 -1.1779788732528687 -0.12984371185302734 
-0.1054268330335617 -1.9406830072402954 3.1595547199249268 
1.4200923442840576 -0.7857863306999207 -0.07824218273162842 
-1.738863468170166 0.8655145764350891 2.159883975982666 
0.7426872253417969 -1.2336210012435913 -1.4448392391204834 
-0.3817066252231598 2.8459458351135254 -1.913179874420166 
0.42587897181510925 -0.7303459048271179 -0.14754723012447357 
-1.3616501092910767 0.42550256848335266 -0.926265299320221 
1.1219959259033203 -1.1822764873504639 -0.1434278041124344 
0.7904611825942993 -1.4903010129928589 1.5929856300354004 
0.07659776508808136 1.4396486282348633 0.3441466689109802 
0.5048386454582214 -0.6360451579093933 -0.5685732960700989 
-0.7203238010406494 0.966387927532196 2.4302961826324463 
0.6403830647468567 1.9953258037567139 -0.22749042510986328 
1.1690653562545776 -2.048264503479004 4.384506702423096 
-1.3111003637313843 1.9151545763015747 -2.4895472526550293 
-0.520028829574585 0.8158689141273499 0.3258722126483917 
0.22739699482917786 0.19082151353359222 -0.6505771279335022 
-1.382777452468872 1.0124917030334473 -0.5184422731399536 
-1.3902592658996582 0.7113631367683411 1.62372624874115 
1.5843585729599 -1.7556790113449097 -0.5808244347572327 
-1.9859427213668823 -1.7347614765167236 1.329758882522583 
2.0542988777160645 -1.8401051759719849 -0.7255103588104248 
-2.355527400970459 3.364520788192749 -3.8438286781311035 
-4.811618328094482 0.8517868518829346 -4.886788845062256 

0.2666829824447632 -0.6555126309394836 0.0018631014972925186 0.20853032171726227 0.0609159991145134 -0.8394716382026672 -0.17446303367614746 -0.050141267478466034 -0.14192837476730347 -0.06505531817674637 -0.03981361538171768 -0.24616001546382904 -0.6971631646156311 0.5158935189247131 -0.010256743058562279 -0.022407473996281624 -0.0545889176428318 -0.09302523732185364 0.2140020728111267 0.22665324807167053 0.43516430258750916 -0.6624712944030762 0.3719872832298279 -0.07589340209960938 -0.7908446788787842 -0.32257652282714844 0.2915286421775818 -0.4812895655632019 0.20291556417942047 0.16476722061634064 0.18953095376491547 0.10322252660989761 0.1562909036874771 -0.5423794388771057 -0.026692725718021393 0.6772651672363281 -0.3678894340991974 0.19730344414710999 0.04348018392920494 -0.003953825682401657 0.19623637199401855 -0.10429282486438751 0.04681486636400223 0.16660438477993011 0.01522056758403778 0.2857530117034912 0.4006432592868805 -0.10518193244934082 0.3231218755245209 0.5200821161270142 
0.278024286031723 -0.2243220955133438 0.08331730961799622 0.044975511729717255 0.09433113783597946 -0.1709778606891632 -0.11442985385656357 0.14847448468208313 0.07963677495718002 0.2516387104988098 -0.35921749472618103 -0.6412783861160278 -0.7956135869026184 0.1640036553144455 -0.11664877831935883 0.20622733235359192 -0.10164997726678848 0.13290569186210632 0.4958527684211731 -0.2552978992462158 0.05231833457946777 -0.04524340480566025 -0.1562410145998001 -0.573053777217865 -0.38016656041145325 0.036040615290403366 0.3024567663669586 -0.48637548089027405 0.5428649187088013 0.049670614302158356 0.49752628803253174 -0.1739666610956192 0.3497737944126129 -0.32779109477996826 -0.30280134081840515 0.1692429929971695 -0.08581332117319107 0.13270622491836548 0.1950327306985855 -0.15913911163806915 0.2806241512298584 0.23876479268074036 -0.033469345420598984 0.3414115011692047 0.20349612832069397 -0.2811283469200134 0.2842429578304291 -0.7040061354637146 0.16989685595035553 0.7034775614738464 
-0.0037921525072306395 0.19763301312923431 -0.12393958866596222 0.30568093061447144 -0.36571580171585083 0.4222254157066345 0.3619737923145294 -0.17061983048915863 0.25166887044906616 -0.5072644948959351 0.16011303663253784 0.5011310577392578 0.32855889201164246 -0.03161479905247688 0.19565704464912415 0.05840456485748291 0.09125173836946487 -0.011530686169862747 -0.5867992639541626 0.2855938971042633 -0.006128981243818998 0.012843742035329342 0.02875582128763199 0.4587481915950775 0.23896297812461853 0.1137043759226799 -0.1206662505865097 0.21950353682041168 -0.681401252746582 0.020945394411683083 -0.4868379533290863 0.25337937474250793 -1.003949522972107 0.31385716795921326 0.19495384395122528 -0.37621384859085083 0.04213792458176613 -0.19415348768234253 -0.0019734797533601522 0.19051289558410645 -0.14986050128936768 -0.07572373747825623 -0.007682842668145895 -0.4039863348007202 -0.7036508917808533 0.9276700019836426 0.14836834371089935 0.7649455070495605 0.09432613849639893 -1.6264078617095947 
0.20041857659816742 -0.3770887851715088 -0.10761059075593948 0.16738134622573853 0.23919253051280975 -0.6466604471206665 0.029996667057275772 -0.04148252680897713 0.11879252642393112 0.12290579080581665 -0.06985962390899658 -0.02009459026157856 -0.5624737739562988 0.24228863418102264 0.08393575251102448 0.038065407425165176 0.05843231454491615 0.004874527920037508 0.60062575340271 -0.004278144333511591 0.3274112641811371 -0.3176492750644684 0.324122816324234 -0.3006000220775604 -0.9799927473068237 -0.3011387586593628 0.30516549944877625 -0.5046079754829407 0.18473351001739502 -0.16087844967842102 0.5825467109680176 -0.033197544515132904 0.43646228313446045 -0.40369632840156555 -0.022057712078094482 0.10733514279127121 -0.12711715698242188 0.2128470242023468 -0.05532071366906166 -0.18148833513259888 0.36417528986930847 -0.10244736075401306 -0.13624083995819092 0.2586369216442108 0.09812111407518387 0.05322325974702835 0.3701139986515045 -0.2832382619380951 0.32361355423927307 0.48695558309555054 
0.3765150010585785 0.013868522830307484 -0.04839710146188736 0.4855797588825226 -0.09550801664590836 -0.14797082543373108 0.11131635308265686 0.03150191903114319 -1.0764108896255493 0.13635143637657166 0.1223783940076828 0.19151316583156586 -0.024277521297335625 0.11085914820432663 -0.005912121385335922 0.06407668441534042 0.24109779298305511 0.13463489711284637 0.40199798345565796 0.2829873859882355 0.10841375589370728 -0.1813787966966629 0.08996006101369858 0.21504037082195282 -0.1766178458929062 -0.3841872811317444 -0.3068651258945465 0.11346884816884995 -0.16580988466739655 -0.08634203672409058 0.3861539661884308 0.1744168996810913 0.5139166712760925 -0.36528855562210083 -0.18607860803604126 -0.04532259330153465 -0.026337720453739166 -0.08901304751634598 0.4263875484466553 -0.08422745764255524 0.3563542664051056 0.002556082559749484 0.15990003943443298 0.16296586394309998 -0.5194927453994751 0.7478651404380798 0.07002633064985275 0.12988218665122986 0.3236766755580902 0.8844606876373291 
0.08024711161851883 0.10683231800794601 -0.022572360932826996 0.01629537157714367 0.060250043869018555 0.0482107438147068 0.007877940312027931 0.017100336030125618 -0.05711448937654495 -0.006716946605592966 0.06652531772851944 -0.00740151759237051 -0.09626465290784836 0.06172238290309906 0.04172467812895775 -0.106600821018219 -0.10245613008737564 0.10664594918489456 -0.09045436233282089 -0.13427434861660004 0.14798623323440552 0.051650699228048325 -0.15940938889980316 -0.07737351208925247 0.09676352888345718 -0.09583889693021774 -0.07406895607709885 0.07343559712171555 0.039214905351400375 -0.012537074275314808 -0.01613195799291134 0.11104092746973038 -0.14830048382282257 -0.0070086936466395855 0.0981794148683548 0.07459115236997604 -0.06921952962875366 -0.0776987373828888 -0.07337197661399841 0.018479984253644943 -0.016284510493278503 0.06824406236410141 0.024059439077973366 -0.006514400243759155 -0.08901170641183853 -0.07340075075626373 0.053243737667798996 0.013329481706023216 0.09125736355781555 0.01411439199000597 
-0.17164932191371918 0.20611751079559326 0.12315205484628677 -0.016903117299079895 -0.34851545095443726 0.06197872757911682 -0.21758392453193665 0.2042340189218521 0.23722368478775024 -0.23718447983264923 -0.10434246808290482 -0.2617545425891876 -0.22087284922599792 -0.18397754430770874 -0.11710011959075928 -0.2215089648962021 0.0947483628988266 -0.33589139580726624 0.05045865848660469 -0.20400185883045197 -0.2089042365550995 0.10038267821073532 -0.16212603449821472 -0.3075055778026581 -0.22122272849082947 0.2065490335226059 -0.041951440274715424 -0.0782879963517189 -0.17032836377620697 0.1623828411102295 -0.019044995307922363 -0.2673479914665222 -0.3373947739601135 0.18139629065990448 -0.12261153757572174 -0.36095625162124634 0.1320807933807373 -0.010879043489694595 -0.5232893824577332 0.00853267963975668 0.04956427961587906 0.18144237995147705 -0.046573951840400696 -0.05557852238416672 -0.24195578694343567 -0.24601377546787262 -0.40814337134361267 -0.33404818177223206 -0.17536413669586182 -0.34552001953125 
0.15724171698093414 -0.24820958077907562 -0.06430960446596146 -0.2761921286582947 0.13387246429920197 -0.2562555968761444 -0.4290277361869812 -0.28372249007225037 -0.08064551651477814 -0.22404882311820984 -0.04535403102636337 -0.2583337724208832 -0.5361183285713196 0.012626045383512974 0.08415378630161285 -0.05083084851503372 0.02155143953859806 0.06965693086385727 -0.2401997596025467 -0.1472618281841278 -0.016157371923327446 -0.37215548753738403 0.3536071479320526 -0.48641690611839294 -0.265447199344635 0.04120388627052307 0.6912654638290405 -0.43451520800590515 0.38680973649024963 -0.41958925127983093 0.12686067819595337 -0.007552153430879116 0.17206083238124847 -0.32594534754753113 -0.023841243237257004 0.08264178037643433 -0.38644084334373474 -0.006327824201434851 -0.19034883379936218 0.1812860369682312 -0.2285289466381073 0.06407146900892258 -0.2700197696685791 0.2195931077003479 -0.04027848690748215 -0.11046134680509567 0.5454040169715881 -0.6114192605018616 0.19644278287887573 -0.3602766990661621 
-0.27111756801605225 0.03657776862382889 0.02016635611653328 0.4040229916572571 -0.06109140068292618 0.2479703426361084 0.3510449230670929 -0.0034367903135716915 0.13583742082118988 -0.6351156830787659 -0.010252982378005981 0.5640971660614014 0.2687240540981293 -0.05667666718363762 0.14381258189678192 0.13726575672626495 0.010906144976615906 -0.061734724789857864 -0.0644541084766388 0.18993423879146576 -0.17698659002780914 0.2572246193885803 -0.3370077311992645 0.4050145745277405 0.37620362639427185 0.10753859579563141 0.04889464005827904 0.358586847782135 -0.18961134552955627 0.17034445703029633 -0.09013191610574722 0.2729354202747345 -0.43188562989234924 0.15281248092651367 0.09451857209205627 -0.5423158407211304 0.17548707127571106 0.32196882367134094 0.001198512502014637 0.4997362494468689 0.18230746686458588 -0.044250015169382095 0.07026774436235428 -0.39776164293289185 -0.34875860810279846 0.41016292572021484 -0.3340223431587219 0.37941402196884155 0.0989028662443161 -0.4282839596271515 
0.22883222997188568 0.12320508807897568 -0.584683895111084 0.31839796900749207 -0.1910228282213211 -0.3585428297519684 -0.05312758684158325 -0.08894498646259308 0.3092644214630127 -0.2067420780658722 0.2271808236837387 -0.19234229624271393 -0.24709196388721466 0.300835520029068 -0.0012048586504533887 -0.3515515625476837 0.13118460774421692 -0.15416161715984344 0.030297137796878815 -0.16813142597675323 -0.2978425621986389 -0.3778797686100006 0.6510931253433228 -0.17749056220054626 -0.1752791851758957 -0.19466163218021393 -0.18666987121105194 -0.18599143624305725 0.051541365683078766 -0.5829778909683228 0.16110166907310486 -0.13746283948421478 0.5637380480766296 -0.338376522064209 -0.2272646576166153 0.5537475347518921 -0.1546114981174469 0.29940512776374817 0.39864054322242737 -0.06268339604139328 0.039356574416160583 0.3229908347129822 0.12742960453033447 0.39577555656433105 -0.0703345537185669 -0.28027841448783875 -0.2936052978038788 -0.3439337909221649 0.3177063763141632 0.07859377562999725 
-0.36256325244903564 0.1583935171365738 -0.024066828191280365 -0.019517550244927406 0.10305439680814743 0.11364356428384781 0.12558211386203766 0.08107627183198929 -0.20833225548267365 -0.1326296180486679 0.24289724230766296 0.456227570772171 0.23389269411563873 0.26857954263687134 -0.13195526599884033 -0.2495034635066986 -0.03494337201118469 -0.05830194428563118 -0.016160326078534126 0.1705516278743744 0.24537676572799683 -0.0005193757824599743 0.025770433247089386 0.41304975748062134 0.28824153542518616 0.06378840655088425 0.05415087565779686 0.28473272919654846 -0.16097599267959595 0.11812753230333328 -0.23263390362262726 0.24624863266944885 -0.2770978808403015 0.0750189945101738 0.25046074390411377 0.15419048070907593 0.028917554765939713 0.11466523259878159 -0.25857868790626526 0.39374351501464844 0.10921578109264374 -0.4523850977420807 0.11567970365285873 -0.4285515546798706 -0.2522677183151245 0.21782709658145905 -0.05963347107172012 0.594459593296051 0.1567673236131668 -0.2554877996444702 
0.1574932485818863 -0.2868385314941406 0.0844525620341301 0.4001561105251312 -0.013221122324466705 -0.41883495450019836 -0.3886943459510803 0.07617850601673126 -0.4376792907714844 0.489780992269516 -0.19630035758018494 -0.7669280171394348 -0.9689772725105286 0.4975484013557434 -0.050031572580337524 0.05161092430353165 0.09117915481328964 -0.009026161395013332 0.8606878519058228 -0.272373229265213 0.24780018627643585 -0.4174189269542694 -0.2151111364364624 -0.2783172130584717 -0.9718549847602844 -0.18855808675289154 0.03047456592321396 -0.43636354804039 0.3015437126159668 0.11301212012767792 0.27359113097190857 -0.04558980092406273 0.35945573449134827 -0.40676793456077576 -0.35829973220825195 -0.010941850952804089 0.07749277353286743 0.48895463347435 -0.03956056758761406 -0.3345297574996948 0.32349517941474915 0.1486176699399948 0.025944434106349945 0.29621726274490356 -0.30018022656440735 -0.12212575227022171 0.2797142565250397 -0.43019142746925354 0.11958160996437073 1.4736660718917847 
0.03391245752573013 -0.01804526150226593 -0.03422841429710388 0.023968098685145378 0.026745736598968506 0.06850838661193848 -0.0253805723041296 0.0057915085926651955 -0.05892663821578026 0.011253743432462215 0.11047087609767914 -0.1297985166311264 0.11344488710165024 0.029233671724796295 -0.0006170644192025065 0.06875716149806976 -0.05990959331393242 0.014976480044424534 -0.05406675115227699 0.0783066377043724 0.06101888418197632 0.08210989832878113 0.0003314733621664345 -0.04222818836569786 -0.0823587030172348 -0.09734677523374557 -0.030073245987296104 -0.007027919869869947 0.05267145112156868 -0.0870576873421669 0.1301242709159851 -0.021816635504364967 -0.11410193145275116 0.04745316132903099 -0.05750589072704315 -0.08262234181165695 -0.05284141004085541 -0.07513895630836487 -0.05967837572097778 0.03312158212065697 -0.03864985704421997 -0.19021520018577576 -0.056760355830192566 -0.13500475883483887 0.10371611267328262 0.08493401855230331 -0.058033768087625504 -0.014400500804185867 0.029876844957470894 0.03026220202445984 
0.5801239013671875 -0.7040750980377197 -2.8092193603515625 0.9267521500587463 -0.4846564829349518 -2.4263458251953125 0.33927586674690247 -0.4554567337036133 0.2946983873844147 -0.35605132579803467 -0.3265896439552307 -0.4371536374092102 -1.757125973701477 1.0598143339157104 0.48073574900627136 -1.3010419607162476 -0.014323358424007893 -0.500444233417511 1.2373871803283691 0.09575922787189484 -0.018513303250074387 -2.3037190437316895 0.5559024214744568 -0.30996575951576233 -1.8665753602981567 -2.1663784980773926 1.3192710876464844 -0.6661316752433777 0.48442381620407104 -0.8194805979728699 1.7067220211029053 -0.24623152613639832 0.35610878467559814 -2.38614559173584 0.6671603322029114 1.0917803049087524 -1.3543753623962402 0.9955914616584778 1.0570738315582275 1.1889920234680176 1.1012449264526367 0.17456620931625366 -0.050377193838357925 0.48668110370635986 0.41975659132003784 0.05120747536420822 0.5726712942123413 -0.9320788979530334 1.3652561902999878 0.5352450609207153 
-0.03973950445652008 -0.131476029753685 -0.0804099589586258 0.02959994040429592 -0.091525137424469 0.04917217046022415 -0.06793364882469177 0.181167870759964 0.06716308742761612 -0.018590977415442467 0.04468943178653717 0.09126587212085724 0.028749825432896614 -0.053800471127033234 0.008751753717660904 0.04679196700453758 -0.1325906217098236 0.04195794463157654 -0.0020164689049124718 -0.0544695109128952 0.07685470581054688 -0.0638882964849472 0.07289733737707138 -0.18072982132434845 -0.058115679770708084 -0.10311389714479446 0.004916646983474493 0.018460851162672043 0.006448863539844751 0.11768016219139099 0.049403488636016846 -0.07602012902498245 0.12410638481378555 0.04802602902054787 -0.06510555744171143 -0.09166113287210464 0.19552357494831085 -0.06252556294202805 -0.016326121985912323 0.05395849794149399 -0.06603944301605225 0.02813030034303665 -0.12770265340805054 -0.08449476212263107 0.060726381838321686 0.12313119322061539 0.014471393078565598 -0.07924152910709381 -0.02815314754843712 -0.0017464726697653532 
-0.11316754668951035 -0.024898342788219452 0.00729275681078434 -0.06999976933002472 -0.017553729936480522 0.09509097039699554 0.012847159057855606 0.06810563802719116 -0.14090915024280548 -0.015177169814705849 -0.07786992192268372 0.052518196403980255 0.05748209357261658 -0.04433801397681236 0.06651824712753296 0.08678142726421356 0.12704803049564362 -0.01608961820602417 -0.0325457789003849 -0.051443781703710556 -0.062219660729169846 0.01953069493174553 0.076277956366539 -0.025033434852957726 -0.08332882821559906 -0.13120320439338684 0.03903006389737129 0.13051250576972961 -0.040120456367731094 -0.005705655086785555 -0.0032020488288253546 0.043200910091400146 0.0630875825881958 0.10379130393266678 -0.05548887327313423 0.19459061324596405 -0.1228797435760498 0.1882256120443344 -0.08354862779378891 -0.0031278592068701982 0.03445245325565338 0.009583448991179466 -0.12190128117799759 0.08249965310096741 -0.008360945619642735 0.0050536878407001495 0.007391834165900946 -0.06878167390823364 -0.03343402221798897 -0.005398318637162447 
0.02147185057401657 0.088389553129673 -0.15020771324634552 -0.036018580198287964 -0.15087302029132843 0.18669240176677704 -0.10039393603801727 0.06653671711683273 -0.007257866207510233 0.049029093235731125 0.24287982285022736 0.8629189133644104 0.40866830945014954 0.6679115891456604 -0.16767732799053192 -0.24502965807914734 0.18680082261562347 -0.37200379371643066 0.08954603224992752 0.25019824504852295 0.028880290687084198 -0.014764677733182907 0.0602843277156353 0.4287838637828827 -0.022740162909030914 0.07247202098369598 -0.47925129532814026 0.18396654725074768 -0.14924079179763794 0.3138050138950348 -0.18342682719230652 0.1870115101337433 -0.19605116546154022 0.13704775273799896 -0.1792082041501999 0.1674649566411972 0.03850390017032623 0.34421834349632263 0.014491310343146324 -0.08613084256649017 0.19943615794181824 -0.296121209859848 0.22635196149349213 -0.12526966631412506 -0.40373629331588745 0.6277931928634644 -0.6254422664642334 0.9062584042549133 -0.009052793495357037 0.5111875534057617 
-0.05432747304439545 -0.03230810537934303 -0.11804276704788208 0.027856098487973213 -0.05651605501770973 0.1228189617395401 -0.10259269922971725 0.007142920978367329 0.01988491602241993 0.01284534391015768 0.02545509673655033 -0.04586615040898323 0.04842512682080269 -0.011939596384763718 -0.09604649245738983 0.08593274652957916 -0.03981417044997215 0.1419118195772171 0.01422949880361557 -0.0526987724006176 0.033061109483242035 0.027758076786994934 0.07603758573532104 0.0372781828045845 -0.12097008526325226 -0.05214763805270195 0.04025867581367493 0.1129169836640358 -0.005584564059972763 -0.004863333888351917 0.06699531525373459 0.028181426227092743 0.16361086070537567 0.062382929027080536 0.04099513590335846 0.06244794279336929 -0.0700526013970375 0.02466728910803795 -0.14451809227466583 0.007532153744250536 -0.06682008504867554 -0.07008757442235947 -0.01417152862995863 -0.0021634043660014868 0.025365516543388367 -0.019526628777384758 -0.00014607088814955205 0.020838579162955284 -0.01870826818048954 -0.03382103890180588 
0.25269490480422974 -0.09722094982862473 -0.5387806296348572 0.19123658537864685 -0.2347307652235031 -0.7032740712165833 -0.09740285575389862 -0.0952424556016922 0.044393692165613174 -0.44010263681411743 0.10081653296947479 -0.18874847888946533 -0.571334719657898 0.3333841860294342 0.07957478612661362 -0.2163018435239792 0.17368635535240173 -0.3673017919063568 0.17826510965824127 -0.1356991082429886 -0.13501271605491638 -0.4714721739292145 0.3530128002166748 -0.1946774274110794 -0.6246674060821533 -0.5490032434463501 0.11525154858827591 -0.3387354910373688 -0.2208782285451889 -0.11727433651685715 0.4455070197582245 -0.036818817257881165 0.15677478909492493 -0.6043885350227356 0.037097204476594925 0.2937825620174408 -0.37851575016975403 0.07575828582048416 0.03868554159998894 0.24277833104133606 0.10961323231458664 0.18614469468593597 -0.0055510615929961205 0.007159604225307703 -0.2585763931274414 -0.2104705274105072 -0.2468762844800949 -0.2111503630876541 0.34412896633148193 0.2852952480316162 
-0.037036966532468796 0.09294062107801437 -0.0676807165145874 -0.01728087291121483 0.016063012182712555 -0.017389673739671707 0.09136351943016052 0.1431405395269394 0.020574556663632393 0.07245167344808578 0.02103836089372635 0.08008129149675369 -0.12087827920913696 0.06018907576799393 -0.07623357325792313 -0.07289353758096695 0.05146482586860657 0.0003073325497098267 0.06097019463777542 -0.026948973536491394 0.05622866004705429 -0.06961388140916824 -0.0378575399518013 -0.14606057107448578 0.07752015441656113 0.12247028201818466 -0.025749366730451584 -0.054302264004945755 -0.025838032364845276 -0.016774451360106468 -0.04732007533311844 -0.04261821508407593 0.04185207933187485 0.016180993989109993 0.03157777711749077 -0.1581820398569107 -0.10924077033996582 0.01746886782348156 0.027939293533563614 -0.02979286201298237 0.09461484849452972 0.03195830434560776 -0.10784225910902023 -0.0019300305284559727 0.019499070942401886 -0.03180456534028053 0.0463985949754715 0.09903432428836823 -0.023654358461499214 -0.062480486929416656 
-0.3589595556259155 0.24092133343219757 0.28847452998161316 -0.02060452103614807 0.21099811792373657 0.40360718965530396 0.24293068051338196 0.2032018005847931 0.1344684213399887 0.30147838592529297 0.05509984493255615 0.3991837203502655 0.2918040454387665 -0.2961401641368866 -0.02438092790544033 0.16762392222881317 -0.18691395223140717 0.014679715037345886 0.1776159256696701 -0.0531192347407341 -0.22822561860084534 0.23144465684890747 -0.7704448699951172 0.27817294001579285 0.34289470314979553 0.2771061658859253 0.268459677696228 0.3504401743412018 -0.0905153825879097 0.08932378888130188 -0.19899754226207733 -0.0664859265089035 -0.20470023155212402 0.2893482744693756 0.21430499851703644 -0.537449300289154 0.0946238785982132 -0.14158321917057037 -0.2779316306114197 0.4479823708534241 -0.2768290936946869 0.057562731206417084 -0.0652899220585823 -0.5098207592964172 -0.1616484373807907 0.07275557518005371 -0.03665386885404587 0.2996138632297516 -0.19061504304409027 0.01808081567287445 
0.24921461939811707 -0.12260514497756958 -0.21246492862701416 0.054229773581027985 -0.09892141073942184 -0.2580167353153229 0.024333106353878975 -0.038381803780794144 0.1750616729259491 -0.4586237668991089 -0.07000106573104858 -0.35281530022621155 -0.2772672474384308 0.050623901188373566 0.18453200161457062 -0.01775488816201687 0.05063265934586525 -0.035451315343379974 0.2652422785758972 0.0242344681173563 -0.2665080428123474 -0.47637996077537537 -0.23837922513484955 -0.40000221133232117 -0.15754888951778412 -0.350182443857193 0.26338016986846924 -0.3444100618362427 0.008003002032637596 -0.27370551228523254 0.40359586477279663 -0.15091824531555176 0.16377326846122742 -0.34521207213401794 -0.1539171040058136 -0.06593405455350876 -0.23138852417469025 0.18742451071739197 -0.09050033986568451 -0.048970796167850494 0.3005189895629883 0.17731592059135437 -0.013346567749977112 0.19471001625061035 0.29154905676841736 -0.1933348923921585 -0.33187252283096313 -0.3976192772388458 0.10252586752176285 0.21863053739070892 
-0.11840616911649704 -0.08660852164030075 0.1356208771467209 0.41050440073013306 0.0615866594016552 0.10236775875091553 0.8141051530838013 -0.7439296841621399 0.10287788510322571 -0.6492941975593567 0.15271686017513275 0.19031758606433868 0.26791074872016907 0.3947494924068451 0.3286166191101074 -0.296533465385437 -0.05774790793657303 -0.26492446660995483 0.34449994564056396 -0.12537077069282532 -0.26446521282196045 -0.37081021070480347 0.2985256612300873 -0.06727641820907593 0.3788864016532898 -0.21835832297801971 0.9774314761161804 0.012060603126883507 0.035792022943496704 -0.6549660563468933 -0.5255032181739807 -0.05154906213283539 -0.10427528619766235 -0.18113350868225098 0.9337630867958069 0.1050732210278511 -0.696869432926178 0.3633350431919098 -0.5437673330307007 1.7838356494903564 0.1834547519683838 0.03359100595116615 -0.047618404030799866 -0.16819092631340027 0.0895836278796196 -0.37245413661003113 -0.7281215786933899 -0.25364920496940613 0.2915841341018677 -0.20254667103290558 
-0.16353115439414978 0.13445159792900085 0.03241647407412529 -0.22901290655136108 -0.015082948841154575 0.17793966829776764 -0.20844636857509613 0.13116604089736938 -0.15514296293258667 -0.19825947284698486 0.3185619115829468 -0.03305783495306969 0.24764834344387054 -0.257984459400177 -0.20004041492938995 -0.14668382704257965 0.14008858799934387 -0.09093876928091049 -0.5804976224899292 -0.04783867299556732 -0.3025418817996979 -0.11795027554035187 -0.09979467839002609 -0.05913037434220314 0.2821662724018097 -0.07636610418558121 -0.4311102032661438 0.19369220733642578 -0.0500701479613781 -0.19119790196418762 -0.34583836793899536 -0.36790162324905396 -0.363765150308609 0.13813580572605133 -0.1836366504430771 -0.0042233518324792385 0.10810430347919464 -0.35443127155303955 -0.40629756450653076 -0.1154857650399208 -0.561474621295929 -0.09399659186601639 0.20785708725452423 -0.20168957114219666 0.25307878851890564 -0.33915719389915466 -0.15253394842147827 -0.152851864695549 -0.6934574842453003 -0.5157781839370728 
0.2686992883682251 -0.02525123953819275 -0.5161578059196472 0.6645137071609497 -0.4993149936199188 -0.4427919089794159 0.16219717264175415 -0.047511231154203415 0.3909614086151123 -0.9516485333442688 0.1480281800031662 0.040874678641557693 -0.06620404869318008 0.5502545237541199 0.1779654324054718 -0.3264697194099426 -0.03762083873152733 -0.06346827745437622 -0.017684120684862137 0.040226273238658905 -0.36789125204086304 -0.6070079207420349 0.36290422081947327 0.048124540597200394 -0.2573469579219818 -0.42268654704093933 -0.12705715000629425 0.016340265050530434 0.05855471268296242 -0.3151291012763977 0.08037113398313522 -0.12546293437480927 -0.08499404788017273 -0.4231012165546417 -0.23348678648471832 0.3510626256465912 -0.11061718314886093 0.3770590126514435 0.3796624541282654 -0.2521832287311554 0.38060978055000305 0.08793202042579651 0.10777120292186737 0.2411874681711197 0.1393732726573944 0.0974237397313118 -0.3495403826236725 -0.2299555242061615 0.25190025568008423 0.2895260453224182 
-0.09113864600658417 -0.13314475119113922 0.028455138206481934 -0.05309212952852249 0.06634689122438431 -0.09721504896879196 0.22307366132736206 -0.29005178809165955 -0.5763540267944336 0.1786898821592331 0.3691922724246979 0.19725574553012848 -0.022262705489993095 -0.2465154230594635 0.24838308990001678 -0.28262922167778015 0.14559730887413025 -0.029997967183589935 -0.11859706789255142 -0.10565880686044693 0.21797628700733185 -0.12035331130027771 -0.15999363362789154 0.3803541958332062 0.015440622344613075 -0.1378135085105896 -0.23806902766227722 0.25283071398735046 0.6985532641410828 -0.12162560969591141 0.18233156204223633 -0.18391668796539307 -0.4503890872001648 -0.17264054715633392 0.2455081045627594 0.024976367130875587 -0.2582028806209564 -0.05673890933394432 0.27501100301742554 0.14694732427597046 0.10441165417432785 -0.75507652759552 0.2889347970485687 -0.3670264184474945 0.11319135874509811 0.1790827512741089 0.7183263897895813 0.28530704975128174 -0.14670974016189575 0.2994080185890198 
-0.12310433387756348 0.14617212116718292 -0.025785580277442932 0.06367950886487961 0.01613498292863369 0.33351248502731323 0.04879378899931908 -0.1248076781630516 0.4007660746574402 -0.12367209047079086 0.0929362028837204 0.4022499620914459 0.2767699956893921 -0.14992231130599976 -0.038787972182035446 -0.15538156032562256 0.03431117162108421 -0.18367215991020203 -0.45126813650131226 0.2113063931465149 -0.3263286054134369 0.3175426125526428 0.005285988561809063 0.3488388657569885 0.40445616841316223 0.05547013878822327 0.11171839386224747 0.1297643780708313 -0.5589110851287842 -0.04717686399817467 0.0815567746758461 0.013225526548922062 -0.5195011496543884 0.31207022070884705 0.3520892560482025 -0.17093971371650696 0.16689541935920715 -0.08155135810375214 0.06218253821134567 -0.24547211825847626 -0.4258447289466858 0.0365624763071537 -0.05622313916683197 -0.262012243270874 0.022832170128822327 0.192922443151474 -0.0814337506890297 0.09921889752149582 -0.41085684299468994 -1.2265397310256958 
0.3749655783176422 0.08571100980043411 0.10709226876497269 -0.1050015389919281 0.21475069224834442 -0.05546575412154198 -0.24189572036266327 -0.09049177169799805 0.08262165635824203 -0.15252362191677094 -0.13720335066318512 -0.44046592712402344 -0.3395630121231079 0.0670662671327591 -0.12247946858406067 0.04455087333917618 0.008976420387625694 0.32460498809814453 0.3681771457195282 -0.27034690976142883 -0.21400775015354156 -0.19952315092086792 -0.010471813380718231 -0.43882235884666443 -0.19866299629211426 -0.09684628248214722 0.7710143327713013 -0.25382208824157715 0.710687518119812 -0.15623225271701813 0.26907941699028015 -0.1234239861369133 0.050504446029663086 -0.23239509761333466 -0.3159627318382263 0.16660964488983154 -0.17246976494789124 -0.14209513366222382 0.42613473534584045 0.22233149409294128 0.0760360062122345 0.13592848181724548 -0.07855532318353653 0.2734983563423157 0.3309972584247589 -0.2805022895336151 0.4085160493850708 -0.46497395634651184 0.3032277524471283 0.08346965909004211 
0.07609681040048599 -0.37438637018203735 -0.7654257416725159 0.25257712602615356 -0.40820127725601196 -0.4724627435207367 0.4237270951271057 0.003657163819298148 -0.06744497269392014 0.035901859402656555 0.030354421585798264 0.0506473146378994 -0.3695596754550934 0.3440461754798889 0.398630827665329 -0.2327365130186081 -0.06374738365411758 -0.22732669115066528 0.22425222396850586 0.007718565408140421 0.016680093482136726 -0.5245516896247864 0.16489863395690918 -0.18483228981494904 -0.5594236254692078 -0.7617058157920837 0.7897360324859619 -0.11270041018724442 0.37475770711898804 -0.39788439869880676 0.4668351113796234 0.0731913223862648 -0.005630014929920435 -0.9048691987991333 0.2656274735927582 0.2018907219171524 -0.2873307764530182 0.35333460569381714 0.4231488108634949 0.708086371421814 0.5114598870277405 -0.03149857744574547 -0.1869983673095703 0.24469125270843506 0.16327324509620667 -0.06454993784427643 0.33653053641319275 -0.14169204235076904 0.49540963768959045 0.33096522092819214 
-0.4404275119304657 0.23779016733169556 0.13869664072990417 -0.17801474034786224 0.075141042470932 0.443884015083313 -0.16984719038009644 -0.2060331404209137 0.06313510239124298 -0.6122364401817322 0.12994250655174255 0.9281946420669556 0.405396968126297 0.31292954087257385 -0.2752413749694824 -0.42325401306152344 -0.13940909504890442 -0.13766182959079742 -0.8825154900550842 0.4452064037322998 -0.17237652838230133 0.4514474868774414 -0.1577121913433075 0.6034886837005615 0.6113415360450745 0.2409394085407257 0.22428151965141296 0.5540896654129028 -1.091753602027893 0.4629129469394684 -0.04066689312458038 0.3610386848449707 -0.8434759974479675 0.5204974412918091 0.744644045829773 -0.2939879596233368 0.006277070846408606 0.029476583003997803 -0.7973078489303589 0.2947496175765991 0.19398526847362518 -0.4824669063091278 0.04662623256444931 -0.821024477481842 -0.22623211145401 0.6080505847930908 -0.3097076416015625 0.8921847343444824 -0.13967347145080566 -3.337257146835327 
0.10301394015550613 0.030790075659751892 -0.09357064962387085 0.0566360205411911 0.019358862191438675 0.07347532361745834 -0.05200115591287613 0.09679973870515823 0.0008770799613557756 0.025046031922101974 0.008788474835455418 0.022265484556555748 -0.004317804705351591 -0.04917532578110695 -0.11171524226665497 0.0028764710295945406 -0.029598332941532135 0.08811954408884048 0.09596613794565201 -0.07820554077625275 0.0501241460442543 0.005998511798679829 0.10806479305028915 -0.023485857993364334 -0.08900456875562668 0.020032355561852455 0.057713333517313004 0.014426561072468758 0.010156039148569107 0.03651518374681473 0.09992732852697372 0.032766688615083694 -0.017977897077798843 0.18793125450611115 -0.05534703657031059 0.1442812979221344 -0.10849631577730179 -0.09938875585794449 -0.15301384031772614 0.05589640885591507 -0.045847829431295395 -0.04186196252703667 -0.08266244828701019 -0.028039593249559402 0.015180320478975773 0.006510485429316759 -0.02326083742082119 -0.05108476057648659 -0.09737636148929596 -0.017948314547538757 
0.14591577649116516 -0.05375615879893303 -0.07340477406978607 0.28449010848999023 -0.33332374691963196 0.04050198569893837 0.31218573451042175 -0.29646018147468567 0.16264835000038147 -0.4458567500114441 -0.12005242705345154 -0.11947302520275116 0.17522700130939484 0.2713935375213623 0.11317340284585953 -0.12702882289886475 -0.11555995792150497 -0.1780901551246643 0.14071820676326752 -0.048087529838085175 -0.06229646876454353 0.11335864663124084 0.1460547000169754 -0.20840872824192047 0.03885434940457344 0.07403715699911118 0.5999026894569397 -0.2679083049297333 -0.30599063634872437 -0.3721098005771637 0.5610026121139526 0.17351800203323364 -0.4159873127937317 -0.03562470152974129 0.7177987694740295 0.1030670627951622 -0.21257878839969635 0.16226540505886078 0.2783387303352356 0.6929991245269775 0.39066073298454285 -0.029717857018113136 -0.02045828104019165 -0.15999625623226166 0.26410022377967834 -0.07298593968153 0.03480932489037514 -0.20520268380641937 0.3584005832672119 0.2454853355884552 
0.21885563433170319 -0.2840225398540497 -0.7674327492713928 0.4208265542984009 -0.2667025327682495 -0.6420251727104187 0.2104892134666443 -0.05795551836490631 -0.11409003287553787 -0.20809374749660492 -0.16657719016075134 -0.2561582624912262 -0.7984367609024048 0.3797590732574463 0.3860812485218048 -0.4202103912830353 -0.12292215973138809 -0.29006141424179077 0.23403257131576538 0.16194726526737213 -0.05577126890420914 -0.6093891859054565 0.3127554953098297 -0.2732031047344208 -0.7432559728622437 -0.9348524212837219 0.49547144770622253 -0.10998087376356125 0.221230149269104 -0.34445422887802124 0.7119117379188538 0.03200000524520874 0.055599141865968704 -1.070358395576477 0.22106342017650604 0.29453539848327637 -0.1659056842327118 0.411610871553421 0.40432384610176086 0.1594952493906021 0.4456067979335785 0.03004693053662777 -0.10804670304059982 0.17257142066955566 -0.003594967070966959 0.11111200600862503 0.43690988421440125 -0.11126403510570526 0.5726653337478638 0.25960773229599 
-0.17368775606155396 0.13238947093486786 0.02056821994483471 -0.18242353200912476 0.16943208873271942 -0.05789792537689209 0.06303634494543076 0.10120078176259995 -0.3740496039390564 0.3618071377277374 0.1280480921268463 0.12825869023799896 0.1537034660577774 -0.5482926368713379 -0.16655457019805908 0.1711585968732834 0.12903180718421936 0.09378714859485626 0.2612973153591156 0.03215334191918373 -0.2454533576965332 0.0020079384557902813 -0.4898645281791687 0.196443110704422 0.17554128170013428 0.05341188237071037 -0.20710942149162292 0.2706497013568878 -0.1856033056974411 -0.08936312049627304 0.08454164117574692 -0.14810703694820404 0.24041661620140076 0.08194272220134735 -0.3209092319011688 -0.2694260776042938 0.1317320466041565 -0.37960582971572876 0.026363493874669075 -0.15028773248195648 0.013919459655880928 0.24330228567123413 0.3025568127632141 0.013481595553457737 -0.12205667793750763 0.09081915766000748 -0.001200884929858148 0.04634654521942139 -0.05745163559913635 0.4920859932899475 
0.06435417383909225 -0.5406222939491272 -0.8428996801376343 0.5769935846328735 -0.07164805382490158 -1.1147068738937378 0.1633816659450531 -0.12134833633899689 0.12331607192754745 -0.502906858921051 -0.03573061525821686 -0.06022511422634125 -0.805362343788147 0.5575349926948547 0.20364636182785034 -0.9242054224014282 0.2566337585449219 -0.6406404376029968 0.8903271555900574 0.07945764809846878 -0.03521290794014931 -0.7504098415374756 0.2715889513492584 -0.01225990243256092 -0.902789294719696 -1.0668634176254272 0.9927489757537842 -0.05077030882239342 0.6263313293457031 0.23522508144378662 0.7586624026298523 -0.07995641976594925 -0.07237684726715088 -0.819884181022644 0.2660050392150879 0.32670512795448303 -0.5764294266700745 0.7859228253364563 0.5001264810562134 0.8575981259346008 0.5196563005447388 -0.11294665187597275 -0.11296800523996353 0.06281385570764542 0.2258787453174591 0.37463822960853577 0.4823652505874634 -0.2785792052745819 0.46894097328186035 0.7159373164176941 
0.2413947880268097 0.10204794257879257 0.015435383655130863 -0.07894781231880188 -0.05168042331933975 0.12860549986362457 -0.24479138851165771 0.017571961507201195 -0.009993454441428185 0.1470905840396881 -0.03260111063718796 0.28866496682167053 -0.07626910507678986 -0.20673441886901855 -0.17611607909202576 0.02067391201853752 0.16731120645999908 0.007382372859865427 -0.05977320671081543 0.022994134575128555 -0.26951175928115845 -0.058332692831754684 -0.06072816625237465 0.13662315905094147 0.13603034615516663 0.11621491611003876 -0.5211763978004456 0.13036911189556122 -0.1867491751909256 -0.19809015095233917 -0.11822093278169632 -0.19365236163139343 0.2795090675354004 -0.1197977140545845 -0.3334391415119171 -0.15050238370895386 -0.0011433763429522514 -0.17302392423152924 0.00961845088750124 -0.5360881686210632 -0.16668088734149933 0.1964975893497467 -0.004910716321319342 0.04086806997656822 0.1838330626487732 0.13927674293518066 -0.24239297211170197 0.12071406841278076 -0.23955149948596954 -0.16643375158309937 
0.3553025424480438 -0.9483564496040344 -1.9706534147262573 0.6164178848266602 -0.6429088711738586 -1.5347075462341309 0.5600932240486145 -0.16505275666713715 0.021925464272499084 -0.4898543059825897 -0.3919753134250641 -0.46945109963417053 -1.520561933517456 0.9366074204444885 0.6151030659675598 -0.8648561835289001 -0.04501128941774368 -0.5438525676727295 0.7837643027305603 0.11316432803869247 0.24969768524169922 -1.602416753768921 0.6193353533744812 -0.7199337482452393 -1.3163204193115234 -2.229930877685547 1.0435823202133179 -0.7052422761917114 0.6384814381599426 -0.5733250975608826 1.0322327613830566 0.09290017187595367 -0.08291138708591461 -2.1823034286499023 0.4917055070400238 0.9473363757133484 -0.8099378347396851 0.785468578338623 0.9913292527198792 1.2523164749145508 1.0791956186294556 -0.016481881961226463 -0.2484043836593628 0.0842696875333786 0.27403005957603455 0.16173335909843445 0.19534467160701752 -0.6177530288696289 1.200434684753418 0.5515777468681335 
-0.08047754317522049 -0.011861356906592846 -0.06442628055810928 -0.020070919767022133 0.023688798770308495 -0.03388103097677231 -0.005235021002590656 0.033968668431043625 -0.17383424937725067 -0.017806468531489372 -0.054393693804740906 -0.018055865541100502 0.11720851063728333 0.051189813762903214 -0.03584132343530655 0.14241701364517212 0.09252840280532837 -0.022608963772654533 -0.004911899100989103 -0.043859295547008514 0.0164527278393507 -0.1288844347000122 0.011302242055535316 0.0069709536619484425 0.06084822863340378 0.06733116507530212 0.008371165953576565 -0.08072371780872345 0.026993900537490845 -0.024179887026548386 0.048368677496910095 -0.016208099201321602 0.15325677394866943 0.07163920253515244 0.004953309893608093 -0.05666154623031616 -0.06697831302881241 0.011681979522109032 0.015899617224931717 0.02508101984858513 -0.04059406742453575 0.02553766965866089 0.004146451596170664 -0.06323327869176865 0.0889463797211647 -0.0038459107745438814 -0.026052625849843025 0.001616547699086368 -0.017306145280599594 -0.025614935904741287 
-0.08110882341861725 0.05062957480549812 0.10629483312368393 0.07327095419168472 -0.04963413625955582 -0.02229403518140316 -0.08463747054338455 0.05258173495531082 -0.18026380240917206 0.050470020622015 0.17240868508815765 -0.07137058675289154 -0.012327511794865131 0.017297537997364998 0.053914304822683334 -0.18716688454151154 0.03412284329533577 0.057193126529455185 -0.006288864649832249 0.018022332340478897 -0.02389604225754738 -0.1050291359424591 -0.015083645470440388 -0.03348751738667488 -0.1010904535651207 0.06485127657651901 -0.0986892357468605 0.11380777508020401 0.08525712788105011 -0.13159507513046265 0.0032811309210956097 0.044941265136003494 0.0010884263319894671 -0.03864636644721031 0.16398721933364868 0.03194509446620941 -0.0671548843383789 -0.15015296638011932 -0.0447789691388607 0.04873286187648773 0.05135069414973259 0.0341932587325573 -0.0957660973072052 -0.03850722685456276 0.08780127018690109 0.0483756847679615 -0.020869357511401176 0.10397899895906448 -0.006846487056463957 0.0039560506120324135 
0.4539138674736023 0.13374918699264526 -0.035919949412345886 -0.09423898160457611 -0.00024620257318019867 -0.30604687333106995 -0.12316504120826721 0.4120432734489441 -0.29946213960647583 0.0455867163836956 0.11125564575195312 0.1085689440369606 -0.14670297503471375 0.27971285581588745 -0.1661492884159088 0.15888112783432007 -0.039794906973838806 0.17248234152793884 0.13136668503284454 0.06861626356840134 0.3095162510871887 -0.01578208990395069 0.3338523805141449 -0.10763495415449142 -0.4873502552509308 -0.1099071055650711 -0.8289225101470947 -0.04780019447207451 0.02640078030526638 0.4203682541847229 0.028892895206809044 0.07160554826259613 0.4651220440864563 -0.024667397141456604 -0.40392324328422546 0.26911526918411255 0.16815787553787231 0.13499708473682404 0.013254562392830849 -0.630083441734314 0.12323309481143951 -0.06330405175685883 0.1954520046710968 0.42009884119033813 0.10133358836174011 0.18279419839382172 0.18468020856380463 0.3038627803325653 0.000915085372980684 1.3238743543624878 
0.28804153203964233 -0.1479186713695526 0.06682059913873672 0.2901957333087921 0.12938807904720306 -0.5353461503982544 -0.1986931562423706 -0.0065034120343625546 -0.05037712678313255 0.36422115564346313 0.044809479266405106 -0.3547515273094177 -0.23952899873256683 0.17777468264102936 -0.07190243154764175 0.10487835109233856 0.21133317053318024 0.22850939631462097 0.35149720311164856 -0.21105940639972687 0.2718433141708374 -0.34009841084480286 0.5210093855857849 -0.5492711663246155 -0.3591817021369934 -0.0974418893456459 0.28964725136756897 -0.5553909540176392 0.2821594178676605 -0.37302345037460327 0.12522639334201813 -0.16529956459999084 0.44403180480003357 -0.18499311804771423 -0.08304807543754578 0.34593963623046875 -0.27109357714653015 0.4437520503997803 0.20610278844833374 0.30782803893089294 0.18697133660316467 0.10888011008501053 0.029513072222471237 0.3572193682193756 0.21719743311405182 -0.4965774416923523 0.27779507637023926 -0.6712439060211182 0.39431220293045044 1.3179376125335693 
0.08114702999591827 0.10066608339548111 -0.13220080733299255 0.13506819307804108 0.14184314012527466 0.003535464173182845 0.17957666516304016 -0.07202717661857605 0.5668485164642334 0.14554694294929504 -0.21467836201190948 -0.4562540650367737 0.07840583473443985 0.23113247752189636 0.028906596824526787 0.012231525965034962 -0.1572580635547638 0.12779928743839264 -0.0121203837916255 -0.14092563092708588 -0.07684900611639023 0.03125159814953804 -0.029502201825380325 -0.19720183312892914 0.06717886030673981 0.23391422629356384 0.44577911496162415 -0.2845880687236786 0.6481356620788574 -0.11621001362800598 0.07766078412532806 -0.3414323329925537 -0.20384572446346283 -0.15039236843585968 0.2256821244955063 0.12235268950462341 -0.08308059722185135 0.19372126460075378 0.4423963725566864 0.05485157668590546 -0.07998941838741302 0.3737501800060272 -0.13702596724033356 0.19672435522079468 0.5451763868331909 -0.37619563937187195 0.35627785325050354 -0.3232990801334381 -0.06357309967279434 0.009658686816692352 
-0.3498070240020752 0.03961597755551338 -0.07129660993814468 0.027466336265206337 -0.03230968862771988 0.15597859025001526 -0.03773404285311699 0.1056898906826973 -0.02043299935758114 -0.21652774512767792 -0.05637533962726593 0.3859154284000397 0.17999012768268585 -0.7232394218444824 0.08175617456436157 0.10830386728048325 0.20102280378341675 -0.29102882742881775 -0.08975154906511307 0.10113034397363663 -0.280368834733963 0.06085088849067688 -0.3963962197303772 0.4200068712234497 0.1652984470129013 0.13006149232387543 -0.5822069048881531 0.27133190631866455 -0.6292803883552551 0.15879492461681366 -0.16468891501426697 0.08879197388887405 -0.23374977707862854 0.07514184713363647 0.05482680723071098 -0.39509013295173645 0.0784335657954216 -0.41259777545928955 -0.06849928945302963 -0.001248486922122538 -0.29011303186416626 0.0522291325032711 0.2566515803337097 -0.25883424282073975 -0.21074706315994263 0.3436000347137451 -0.1564391553401947 0.42625200748443604 -0.04745989292860031 -0.11332511901855469 
-0.22685320675373077 0.14592105150222778 0.21744215488433838 0.1472272127866745 0.09243645519018173 -0.08950764685869217 0.017522325739264488 -0.5008622407913208 0.3178934156894684 -0.2316744327545166 -0.0018572098342701793 0.19419044256210327 0.14093582332134247 -0.31920942664146423 0.17417597770690918 0.060481958091259 -0.313029408454895 0.10784175992012024 -0.4712526798248291 -0.051407668739557266 -0.33878254890441895 -0.02575845643877983 -0.023788893595337868 0.11599987745285034 0.14966261386871338 0.03109094500541687 0.7918933033943176 0.19429311156272888 0.067708820104599 -0.6460344195365906 -0.5778906345367432 -0.2351125180721283 -0.10903804004192352 0.023399604484438896 0.45014122128486633 -0.1655556559562683 -0.32005608081817627 0.06961015611886978 -0.2553942799568176 0.3308636248111725 -0.3611678183078766 0.17039205133914948 -0.363219678401947 -0.21560515463352203 0.06503605842590332 -0.33939605951309204 -0.025387048721313477 -0.09576866775751114 -0.30101287364959717 -1.3745336532592773 
0.20402029156684875 -0.02017560973763466 -0.3005565106868744 0.13812361657619476 -0.47086796164512634 -0.10382139682769775 -0.14306282997131348 0.0666947290301323 0.1750185191631317 0.11533890664577484 0.1867247372865677 -0.1880960613489151 -0.14599035680294037 0.013262799009680748 -0.18871425092220306 -0.21643199026584625 0.21842283010482788 -0.026183409616351128 -0.002856974257156253 -0.3471223711967468 -0.2946515679359436 0.034152936190366745 0.04625505208969116 0.08170093595981598 -0.060645006597042084 0.10846412926912308 -0.04968829080462456 0.1443646103143692 0.05556776374578476 -0.25978028774261475 0.06670892983675003 -0.37930193543434143 -0.04973192885518074 -0.1259242445230484 -0.35346928238868713 -0.07313001900911331 -0.037638790905475616 -0.0004903135122731328 0.25394758582115173 -0.4030911922454834 -0.12038322538137436 0.3281068205833435 0.042362965643405914 0.07189827412366867 0.1700253039598465 0.048302989453077316 0.03806551545858383 -0.12956534326076508 -0.18367119133472443 0.18151934444904327 
-0.6965195536613464 0.11160411685705185 0.16608673334121704 -0.14459455013275146 -0.010644344612956047 0.21433866024017334 0.12888726592063904 0.13120384514331818 -0.1398800164461136 0.06507117301225662 -0.002043908229097724 0.4754070043563843 0.4071938991546631 -0.02487826906144619 -0.16510356962680817 0.12293227761983871 -0.059691835194826126 0.09499436616897583 -0.18181897699832916 -0.04402540251612663 0.3647993505001068 0.2632278501987457 -0.24133707582950592 0.38151639699935913 0.12435282766819 0.2882057726383209 0.09634082764387131 0.3740471601486206 0.22945556044578552 0.19216199219226837 -0.43027541041374207 0.12082059681415558 -0.2745155692100525 0.33628496527671814 -0.0314972847700119 -0.18348203599452972 0.014932061545550823 -0.30058753490448 -0.029667101800441742 -0.3440878689289093 0.12028492987155914 -0.4812278151512146 0.11773840337991714 -0.5318873524665833 -0.20208285748958588 0.24402643740177155 0.3550167381763458 0.5431098341941833 -0.16687311232089996 0.3721638023853302 
0.19886109232902527 -0.20291844010353088 -0.03376217931509018 -0.09807443618774414 0.1504947543144226 -0.49369946122169495 -0.07925231009721756 0.24156776070594788 -0.34410253167152405 0.2007206231355667 -0.023609492927789688 -0.6964147090911865 -0.5358964204788208 0.09573835879564285 -0.04461940377950668 0.1883942186832428 0.14214852452278137 0.1474161446094513 0.472095251083374 -0.2279970943927765 0.27536970376968384 -0.24691593647003174 -0.04839017987251282 -0.5125237107276917 -0.7111045122146606 -0.2764575779438019 -0.1783037781715393 -0.519418478012085 0.6189397573471069 0.011611465364694595 0.1476164609193802 -0.19549903273582458 0.5353977680206299 -0.324535608291626 -0.32420411705970764 0.08470046520233154 -0.04269721359014511 0.31492871046066284 -0.07212331891059875 -0.08902010321617126 0.44197961688041687 0.07868355512619019 0.23290883004665375 0.31299012899398804 0.2452789694070816 -0.28866860270500183 0.5269039273262024 -0.8985229730606079 0.31016311049461365 1.668770432472229 
0.02647712454199791 -0.09246247261762619 0.05839827284216881 -0.008758030831813812 -0.02063862234354019 0.08601709455251694 0.10280123353004456 0.0126141756772995 0.05293234437704086 0.009764395654201508 -0.051403772085905075 -0.15687276422977448 0.08443669974803925 -0.09954484552145004 0.19394215941429138 0.04658741131424904 0.09136062860488892 -0.13441726565361023 0.008458155207335949 0.18897323310375214 0.04468417912721634 -0.06258158385753632 0.17119485139846802 0.06890843063592911 -0.05197026953101158 -0.07084768265485764 -0.059002798050642014 0.017246250063180923 -0.051362358033657074 -0.056775256991386414 0.016365310177206993 0.08359364420175552 -0.058239929378032684 -0.009193682111799717 -0.10073812305927277 -0.12203361093997955 -0.03579564765095711 0.030438696965575218 -0.003909011837095022 0.006257126107811928 0.1017620861530304 0.07026708871126175 -0.024050964042544365 -0.09822213649749756 0.07253465056419373 0.10977423191070557 -0.009115704335272312 0.03660356253385544 -0.030691947788000107 0.018410198390483856 
-0.015789829194545746 -0.08057621866464615 -0.07809168100357056 0.08261871337890625 0.15628328919410706 -0.1389128416776657 -0.056395500898361206 0.06061732396483421 -0.0012968422379344702 0.03672702610492706 0.08701439201831818 -0.03351845219731331 -0.0052889990620315075 -0.03083757497370243 0.09593621641397476 0.05270015820860863 -0.12825210392475128 -0.0680207833647728 -0.08138186484575272 0.0012103273766115308 0.09208045154809952 0.0204995796084404 0.04592711105942726 0.093195341527462 0.06803105026483536 0.022298382595181465 -0.0733722448348999 -0.07083825021982193 -0.02590576559305191 -0.005058234557509422 0.04891672357916832 -0.02670716680586338 -0.09973928332328796 0.09779045730829239 -0.008690658025443554 -0.09954462200403214 -0.005803301464766264 -0.033831264823675156 0.0021333363838493824 0.06576629728078842 0.008928404189646244 -0.16369396448135376 0.05079318583011627 0.03424110263586044 0.07189492881298065 -0.03498386591672897 -0.027570003643631935 0.04126405343413353 0.03603673726320267 -8.00595516921021e-05 
-0.02796586975455284 -0.03785695508122444 -0.04816265404224396 0.10370378196239471 -0.06557280570268631 -0.041242100298404694 -0.08619716763496399 0.09323945641517639 -0.068520687520504 0.0782991424202919 -0.12024258077144623 -0.038757264614105225 -0.0546548068523407 -0.028252849355340004 -0.16359984874725342 0.059225305914878845 -0.038769591599702835 -0.04213963821530342 0.004285093396902084 0.005615280941128731 -0.03792819008231163 0.07452844828367233 -0.017340438440442085 0.00709119439125061 0.10056143254041672 -0.05375272408127785 0.07033444195985794 0.02992969937622547 -0.003693771781399846 -0.031472016125917435 -0.004759910050779581 0.11427613347768784 -0.18334926664829254 0.06498698145151138 0.018328333273530006 -0.0509156696498394 -0.06130678579211235 -0.02166086621582508 0.01784798689186573 -0.034214772284030914 0.016053538769483566 0.053294338285923004 -0.13248322904109955 0.028606168925762177 0.06321593374013901 0.019068116322159767 -0.04249098524451256 0.012221695855259895 0.013662968762218952 0.010212430730462074 

-0.14195358753204346 0.3581364154815674 0.39934042096138 -0.1339428722858429 0.208205908536911 -0.00030731374863535166 0.11476583033800125 -0.13784369826316833 0.23793436586856842 -0.2753705382347107 -0.1565665453672409 0.4760591983795166 8.711594273336232e-05 -0.9916388392448425 -0.00043174048187211156 0.0003191783034708351 -0.20255619287490845 -0.0002661102917045355 -0.25392651557922363 0.0006473271059803665 0.2245120406150818 0.16211505234241486 -0.1469658613204956 -0.10344601422548294 0.2074946016073227 -0.12645664811134338 0.17424248158931732 0.17683658003807068 0.395332932472229 -0.33366167545318604 -8.190606604330242e-05 0.19155767560005188 0.5873945355415344 0.10009637475013733 -0.3772761821746826 0.04694999009370804 1.084653377532959 0.0009425764437764883 0.0007065232493914664 -0.15276606380939484 -0.35445839166641235 0.2180500030517578 0.10584493726491928 -0.1494852900505066 0.17587512731552124 -0.10300653427839279 -0.34697410464286804 9.165052324533463e-05 0.0009407479665242136 -0.0003076938446611166 
BIAS:
-0.5161064863204956 0.74500572681427 1.7074534893035889 0.12738271057605743 0.47338467836380005 0.6930747628211975 -0.36884087324142456 0.478683739900589 0.45966386795043945 -0.5527440309524536 0.604834258556366 0.4446226954460144 1.1261205673217773 -0.8156015276908875 -0.517791748046875 0.7952092885971069 0.157802551984787 0.2711581587791443 -0.38950061798095703 -0.3112403154373169 -0.3861532509326935 0.9050002694129944 -0.2116701304912567 0.4683724343776703 0.8886346220970154 1.178748369216919 -1.4620169401168823 0.6929222941398621 -0.9031689763069153 0.1700199991464615 -1.4337900876998901 -0.14590054750442505 -0.30102217197418213 1.1224242448806763 -0.23852171003818512 -0.7500734329223633 0.824192225933075 -0.4732467830181122 -0.8879039287567139 -1.688909649848938 -0.5080804824829102 0.29503700137138367 0.3076469600200653 -0.1882776916027069 0.3897738456726074 -0.005798805505037308 -1.1950781345367432 0.6389559507369995 -0.5212239623069763 -1.7154865264892578 

-0.21517200767993927 -0.05272506922483444 -0.08912411332130432 -0.09700281172990799 -0.18086600303649902 0.13347414135932922 0.375814825296402 0.05848079174757004 -0.02090444229543209 0.20428642630577087 0.03049176186323166 -0.14232628047466278 0.01783365197479725 -0.39187854528427124 0.05904091149568558 0.13271072506904602 0.031570952385663986 -0.022058511152863503 -0.01163796428591013 0.000690714456140995 0.1810687929391861 -0.13668395578861237 -0.050465818494558334 -0.03663590922951698 0.08114902675151825 -0.3489552140235901 0.17493055760860443 -0.031735826283693314 -0.17731423676013947 -0.06715274602174759 0.0008379325154237449 0.04812196269631386 -0.274606853723526 0.13930371403694153 -0.206585094332695 0.12410245835781097 -0.2660227119922638 -0.06822020560503006 0.0020202710293233395 -0.0560087151825428 -0.0805780440568924 0.12522070109844208 -0.07159098237752914 0.11084052175283432 0.08039259910583496 -0.07206021994352341 0.007284731604158878 0.06728122383356094 -0.14149300754070282 -0.031746938824653625 

0.09971645474433899 