0
7                  30                  30                  1
8.252813339233398 0.8958734273910522 0.4321559965610504 -0.13571873307228088 -1.8685818910598755 189.8113555908203 3.3642680644989014 
-1.3327234983444214 -1.5274773836135864 0.09107261896133423 -12.014565467834473 -5.841294765472412 48.59950637817383 -0.5050534605979919 
1.0 
0.0 
WEIGHT:
-1.462450623512268 -2.2476913928985596 0.3522787392139435 0.1651790738105774 0.45238029956817627 0.22094178199768066 0.8478811979293823 
0.3178800344467163 -0.7779386043548584 -0.28062018752098083 0.24942736327648163 0.4516996741294861 0.029605038464069366 -0.16597406566143036 
0.7370280623435974 1.208939552307129 0.9573612213134766 -0.2886428236961365 -1.0957496166229248 0.16986073553562164 0.8839080929756165 
0.34597766399383545 -0.29792535305023193 -0.4043489992618561 0.3165310025215149 0.6413772702217102 -0.2635880708694458 0.04093286022543907 
0.7855303287506104 -1.337217926979065 0.22502849996089935 -0.495177686214447 0.809066116809845 -0.2178334891796112 -0.17718683183193207 
1.1764311790466309 0.032408662140369415 -2.2486977577209473 0.7119715213775635 -0.32621392607688904 0.1389390081167221 -0.07456942647695541 
-0.24745163321495056 -0.09141083806753159 0.9915769100189209 -0.26950564980506897 0.5945784449577332 -0.5663298964500427 0.526773989200592 
-0.21819326281547546 -0.08473807573318481 -0.010150972753763199 0.489656537771225 -0.3614368140697479 -0.46915602684020996 1.7189570665359497 
0.5955500602722168 -0.19992242753505707 0.2218075841665268 0.06270191073417664 -0.24288366734981537 0.3898155987262726 -0.17588214576244354 
-0.20921364426612854 -0.2983771860599518 -0.6239085793495178 1.0873957872390747 -0.6118873357772827 0.25189507007598877 0.19452591240406036 
-0.4943047761917114 0.7210598587989807 0.38747936487197876 0.18386773765087128 -0.8096493482589722 -0.5375868678092957 -1.0465456247329712 
0.19421124458312988 -0.16049137711524963 0.3934161067008972 -0.09860722720623016 0.9909040331840515 0.37199369072914124 -0.7799679636955261 
0.02619328908622265 -0.48991894721984863 -0.4208759367465973 -0.34213516116142273 0.6940796375274658 -0.972258985042572 0.051940057426691055 
-1.1928170919418335 -0.5420935750007629 0.9707014560699463 -0.9610352516174316 0.2088613510131836 0.6845877766609192 -0.07985538989305496 
0.6274912357330322 0.5857683420181274 0.6833016276359558 -0.7209827899932861 -1.0006400346755981 -0.7933119535446167 0.14217235147953033 
0.5546618700027466 1.5408109426498413 -0.7459989190101624 -0.18940649926662445 0.04739518463611603 0.4496590793132782 0.7191949486732483 
-0.2079257369041443 -0.0732673928141594 1.0132248401641846 -0.4445492625236511 0.5959227681159973 -0.5783246159553528 -0.004173461347818375 
0.21285384893417358 -0.0023855881299823523 0.1806364208459854 0.28635045886039734 -0.23628997802734375 0.1540631800889969 -0.13215422630310059 
-1.5000088214874268 -0.5037579536437988 0.031069645658135414 -0.5329421758651733 0.2983522117137909 1.2983144521713257 3.54073166847229 
-0.08673939853906631 -0.15318454802036285 -0.7461727261543274 -0.02868865802884102 0.789967954158783 1.0581414699554443 -0.9676149487495422 
0.23452064394950867 0.17661528289318085 -0.141288161277771 0.45047709345817566 0.6926948428153992 0.15878596901893616 0.6511486768722534 
-0.33548232913017273 0.4837677776813507 0.2558942139148712 -0.19942216575145721 0.7732694149017334 -0.344281405210495 0.3009953796863556 
0.5856200456619263 1.637359380722046 -0.2812168300151825 0.40436431765556335 -1.030540108680725 -1.250565528869629 0.23025934398174286 
-1.059686303138733 1.1688761711120605 -0.7180350422859192 -0.28328871726989746 0.787287712097168 -0.364022821187973 -0.058598317205905914 
0.25656354427337646 0.39125120639801025 -0.9895234704017639 -0.36650148034095764 0.21372829377651215 -0.1252744197845459 -0.3147592842578888 
0.63065505027771 -0.5168944001197815 0.5647326111793518 0.3163335621356964 -0.10449934750795364 0.2436213493347168 0.07350458204746246 
0.37146106362342834 -0.49876487255096436 0.3270243704319 0.7964804172515869 0.6101874113082886 1.1063283681869507 0.4533683955669403 
-1.237603783607483 -1.2449028491973877 -1.4216374158859253 -0.1172313243150711 -0.9106178879737854 -0.25016817450523376 1.6277204751968384 
0.030891846865415573 0.756365954875946 -0.38782942295074463 -0.06794153898954391 0.6762808561325073 0.4087444543838501 0.06983933597803116 
-0.18995244801044464 1.0848972797393799 0.9023123383522034 0.31634968519210815 -0.23917129635810852 -0.6246598362922668 -0.3049158751964569 

-1.4044950008392334 -0.10974591225385666 -1.0255330801010132 0.3007124066352844 0.6481078267097473 0.2687542140483856 -0.026881448924541473 0.937929093837738 0.28162091970443726 0.41198232769966125 0.6585286855697632 -0.6185094714164734 -0.3282169997692108 -0.636793851852417 0.4224446415901184 -0.87522953748703 0.44497889280319214 0.6362015008926392 -0.7864990830421448 -1.79789137840271 0.030007215216755867 0.03239726647734642 -0.33015158772468567 -0.2829670011997223 -0.9407225251197815 0.4339286983013153 0.06973695009946823 -0.7634261846542358 -1.9543614387512207 0.534311830997467 
-0.9975295066833496 -0.1209878996014595 -0.9500896334648132 0.2403077483177185 -0.05165783688426018 0.2285919487476349 -0.30514129996299744 0.8944036960601807 0.39462268352508545 0.843715488910675 1.0971122980117798 -0.8055562973022461 -0.8628465533256531 -0.4242040514945984 0.5270423293113708 -1.0053828954696655 -0.031401000916957855 0.4708609879016876 -0.9398937225341797 -1.581885576248169 0.17221073806285858 -0.09163011610507965 -0.251508504152298 -0.43365931510925293 -0.8569126129150391 0.45105284452438354 -0.23616357147693634 -0.5565921068191528 -2.37703275680542 0.29702532291412354 
-0.30622225999832153 -1.9677484035491943 0.714049756526947 -0.8746106028556824 -1.8809049129486084 -0.6830132007598877 0.09888951480388641 0.5230944156646729 0.3183712363243103 0.07771787792444229 1.0575367212295532 -0.5822507739067078 -1.585500717163086 1.099043607711792 1.1210471391677856 -0.20236602425575256 0.24936310946941376 0.3156827986240387 1.3731451034545898 -0.3922545909881592 -0.19711337983608246 0.22160792350769043 0.9559810757637024 1.1571261882781982 -0.2827320992946625 0.18614351749420166 -0.7574084401130676 -0.5016128420829773 -0.5130147337913513 0.4542589783668518 
0.3630734086036682 0.2313252091407776 -0.11717043817043304 0.41173920035362244 -0.14946642518043518 0.25187796354293823 0.6972266435623169 0.10690809786319733 0.11097618192434311 0.2212439626455307 -0.036141715943813324 0.5576093196868896 0.6432052850723267 -0.3689378798007965 -0.9484883546829224 0.5840569138526917 0.3276883065700531 0.19615137577056885 -0.004847219213843346 0.19998158514499664 0.5563860535621643 0.32295435667037964 -0.41842299699783325 0.6082789897918701 0.015241401270031929 0.13647326827049255 0.4434385299682617 0.5315478444099426 1.3453190326690674 -0.17576684057712555 
0.37864622473716736 0.9988855719566345 -0.9672129154205322 0.3647586405277252 0.7117927670478821 -0.501503586769104 1.3574856519699097 0.023323582485318184 -0.11626429110765457 -0.6197828054428101 -0.10579962283372879 1.0813372135162354 0.9939615726470947 -0.348031222820282 -1.4995166063308716 0.03184891492128372 0.5893943905830383 0.1810499131679535 0.11460768431425095 0.3766711950302124 0.37360429763793945 0.700625479221344 -1.5471521615982056 0.5926034450531006 -0.31874537467956543 0.33963337540626526 1.0334343910217285 0.07510952651500702 1.4689499139785767 -0.08084090054035187 
-0.9306501150131226 0.25324466824531555 -0.2324714958667755 -0.2526657283306122 1.2651944160461426 0.7083708643913269 -0.9460897445678711 0.08099320530891418 0.9139947891235352 0.5562494397163391 -0.8913201093673706 0.1380438357591629 -1.7805862426757812 0.918491780757904 -0.41622957587242126 -0.2534608244895935 -0.0784415677189827 0.44782182574272156 0.38243553042411804 -0.3492068946361542 -0.10050815343856812 -0.6303113698959351 -0.8925259709358215 -1.0745344161987305 -0.48965397477149963 0.5404930114746094 0.6237098574638367 -0.8993449807167053 -1.8261983394622803 -0.1992081105709076 
-1.151579737663269 0.9109840989112854 -1.8260884284973145 0.11074882000684738 2.709279775619507 1.643507719039917 -1.3086813688278198 0.33070653676986694 1.3919187784194946 1.5528546571731567 -1.6191725730895996 0.4478185176849365 -1.2324256896972656 1.3718394041061401 -2.2345173358917236 -0.7568843364715576 -0.4049489200115204 0.8163368701934814 1.0016838312149048 -0.3618030846118927 -0.284213662147522 -1.2636959552764893 -2.702059507369995 -1.0213559865951538 -0.8365558981895447 1.1113916635513306 1.6391257047653198 -1.3558216094970703 -2.7444961071014404 -0.5834468603134155 
0.18361377716064453 0.20017588138580322 -0.24190449714660645 0.3986419141292572 -0.16706639528274536 0.364033579826355 0.5996185541152954 0.11929390579462051 5.2944447816116735e-05 0.3149840533733368 -0.13937972486019135 0.5835110545158386 0.7072824835777283 -0.17424239218235016 -1.1288106441497803 0.6906165480613708 0.12437819689512253 0.045906681567430496 -0.19387111067771912 0.14406682550907135 0.3387925922870636 0.6207382678985596 -0.22162878513336182 0.6784512400627136 0.23845818638801575 0.1335306167602539 0.36348801851272583 0.3121997117996216 1.4029533863067627 -0.2074155956506729 
0.19425922632217407 1.9216569662094116 0.14298197627067566 0.6354726552963257 -1.029828429222107 0.5590960383415222 -0.4390357732772827 0.14829415082931519 0.4304853081703186 1.2095122337341309 -0.602030873298645 0.6702384352684021 -0.5882031917572021 -1.3420932292938232 -1.9303804636001587 0.9718453288078308 -0.410338431596756 0.30703073740005493 -1.1087400913238525 1.7235543727874756 0.8119061589241028 -0.009322249330580235 0.4879682958126068 0.25505369901657104 0.1978498101234436 0.2450854629278183 1.1956924200057983 0.36242014169692993 1.8995351791381836 -0.1586405634880066 
0.11430058628320694 0.24399735033512115 -0.05303903669118881 0.44932496547698975 -0.12331334501504898 0.3007449805736542 0.6286104917526245 -0.054460540413856506 -0.06151281297206879 0.3192957639694214 -0.3226229250431061 0.6643728017807007 0.5039082765579224 -0.21984195709228516 -1.12319016456604 0.48460495471954346 0.30241575837135315 0.07166851311922073 0.10137830674648285 0.16770488023757935 0.5568435788154602 0.37642669677734375 -0.37166827917099 0.5714865326881409 0.06460300832986832 0.20406657457351685 0.6338832974433899 0.24923034012317657 1.6111482381820679 -0.08405426144599915 
0.2383655458688736 0.8028539419174194 -0.6643129587173462 0.371157705783844 0.5107831358909607 -0.45963549613952637 0.9139057993888855 0.05057956278324127 -0.17885518074035645 -0.49961572885513306 -0.18135349452495575 0.9760410189628601 1.026685118675232 -0.24971331655979156 -1.377687931060791 -0.12693434953689575 0.4979810416698456 0.1027950569987297 0.317863792181015 0.26166224479675293 0.4755198657512665 0.4380519390106201 -1.1059215068817139 0.25945329666137695 -0.3439410328865051 0.044521041214466095 0.8430449962615967 0.19244012236595154 1.3182381391525269 0.020715028047561646 
-0.499330073595047 0.06395134329795837 -2.783811569213867 -0.07665550708770752 1.321969985961914 1.2248930931091309 0.8142955899238586 0.006212287116795778 -0.4082162082195282 -0.5182552933692932 -2.90519118309021 -0.2878236472606659 1.427497148513794 0.6425123810768127 -1.3782930374145508 -1.4721729755401611 0.11577775329351425 -0.20374339818954468 0.34726619720458984 -0.6558928489685059 -0.7861131429672241 -0.26006636023521423 -3.3461968898773193 0.3480369746685028 0.14819075167179108 -0.03012288734316826 -0.1084904670715332 -0.436158150434494 -1.1869381666183472 -0.7389361262321472 
-0.11217132210731506 -0.9815829992294312 -0.9047731757164001 0.014480295591056347 -0.7914649844169617 -1.5400216579437256 1.163489580154419 -0.9832022786140442 -0.445865660905838 -1.2852294445037842 1.1975640058517456 0.6339870095252991 1.2547131776809692 0.1144193559885025 -0.9692268967628479 -0.027655024081468582 0.30236729979515076 -0.09322343021631241 -0.23041053116321564 -0.0723436176776886 -0.11046452075242996 0.3173488974571228 -0.9382464289665222 0.4164847433567047 0.04420945793390274 -0.17801834642887115 0.1985083967447281 0.4824269711971283 2.251025438308716 0.10896459221839905 
0.4146766662597656 0.30937662720680237 -0.12059363722801208 0.5221513509750366 -0.04728981480002403 0.14003512263298035 0.7587504982948303 -0.043777965009212494 -0.0882081612944603 0.2662128806114197 -0.22909584641456604 0.7126674056053162 0.8898261785507202 -0.25449851155281067 -1.2160937786102295 0.7110201120376587 0.2346937358379364 0.1903640776872635 -0.09933032095432281 0.3906589448451996 0.6279175877571106 0.49605515599250793 -0.20246382057666779 0.4448429048061371 0.15964214503765106 0.08949583768844604 0.5496467351913452 0.4849618077278137 1.316095232963562 0.04485519602894783 
0.02706282213330269 0.5479468703269958 -0.7351569533348083 0.46238288283348083 0.9225758910179138 -0.6823056936264038 1.3163769245147705 0.33407163619995117 -0.011115865781903267 -0.7007773518562317 -0.15732420980930328 1.0072160959243774 0.906288206577301 -0.2690752148628235 -1.3687560558319092 0.06798689067363739 0.6351839303970337 0.2877656817436218 0.26706206798553467 -0.12403855472803116 0.4917049705982208 0.6527262330055237 -0.7962601184844971 0.3812481164932251 -0.5465640425682068 0.20563209056854248 0.7865666747093201 0.12053646892309189 1.2949670553207397 -0.009630046784877777 
0.08698131889104843 0.39193254709243774 0.02344566397368908 0.3694721758365631 -0.2655712962150574 0.1068800836801529 0.6859159469604492 0.01749338023364544 0.007069190964102745 0.30896973609924316 0.0370488315820694 0.60445237159729 0.5753663778305054 -0.09299150854349136 -0.9750731587409973 0.7171767950057983 0.08612766116857529 0.08522975444793701 -0.03554850444197655 0.08197183907032013 0.5016434788703918 0.4949742555618286 -0.09920252114534378 0.36038318276405334 0.08105063438415527 0.28947970271110535 0.316881388425827 0.2665771245956421 1.1892722845077515 -0.26324746012687683 
0.3760685324668884 0.3889208734035492 -0.2498343586921692 0.4334537088871002 0.033811476081609726 0.4499967694282532 0.6774135828018188 0.006554540246725082 0.10535925626754761 0.2917468249797821 -0.2688184082508087 0.7370591163635254 0.614881157875061 -0.3460191786289215 -1.1505486965179443 0.6207267045974731 0.35645365715026855 0.09228178858757019 -0.1610831320285797 0.16921930015087128 0.5670055150985718 0.34980666637420654 -0.5205952525138855 0.7131865620613098 0.17781925201416016 0.13695396482944489 0.5178022980690002 0.5726150274276733 1.5939732789993286 0.04041556641459465 
0.07155721634626389 0.16557982563972473 -0.43376678228378296 0.3394167721271515 -0.3095066249370575 0.2160455733537674 0.683139979839325 0.057109519839286804 0.09287417680025101 0.23302021622657776 0.11508902162313461 0.6148543953895569 0.7186919450759888 -0.11594165116548538 -1.1215704679489136 0.3239482343196869 0.2075531780719757 0.08367953449487686 -0.06131642311811447 0.29334911704063416 0.6279090046882629 0.2663702964782715 -0.4134722650051117 0.5614938735961914 0.18606364727020264 -0.05178925395011902 0.4954194128513336 0.12137042731046677 1.2591968774795532 -0.06554640084505081 
0.10719852894544601 0.6556530594825745 -0.6563917994499207 0.5607953667640686 0.794827938079834 -0.8063592314720154 1.3379862308502197 0.30004456639289856 0.30538225173950195 -0.5167986154556274 -0.045229315757751465 0.9077796339988708 1.129409909248352 -0.24144473671913147 -1.3900156021118164 0.16372238099575043 0.6084933876991272 0.16856485605239868 0.3151703476905823 -0.06415319442749023 0.5079721212387085 0.8120971918106079 -0.9675552845001221 0.4409376084804535 -0.6173492670059204 0.22455595433712006 0.8483234643936157 -0.1031520888209343 1.2976937294006348 -0.06447428464889526 
0.2833632528781891 0.7518823742866516 -0.41856804490089417 0.4054580330848694 0.8268111944198608 -0.6535443663597107 1.2780271768569946 0.39028918743133545 0.1532241851091385 -0.4593855142593384 0.05270490422844887 0.7422105073928833 1.0112346410751343 -0.3528178334236145 -1.276328682899475 -0.026467351242899895 0.560588538646698 0.207118958234787 0.2813069224357605 0.08169816434383392 0.6519759893417358 0.6284746527671814 -1.0456173419952393 0.43619048595428467 -0.6335597634315491 0.1980689913034439 0.6659688949584961 -0.08701542764902115 1.2902697324752808 0.10527735203504562 
0.007154952734708786 -0.5653252005577087 2.052018642425537 -0.18208101391792297 -5.757274150848389 -1.7133139371871948 -3.1653971672058105 -0.22828106582164764 -0.2553962171077728 0.5152592658996582 2.6772890090942383 -1.3669973611831665 -1.80056631565094 -1.1210485696792603 1.1902844905853271 0.5053992867469788 -0.94935542345047 -0.05726993829011917 -0.5934997797012329 0.41908031702041626 -0.03548971563577652 -0.07540275156497955 2.543844699859619 0.33165979385375977 -1.2205866575241089 -0.47864192724227905 -0.2923620641231537 -0.7112897634506226 0.7788512706756592 0.7173544764518738 
0.7158787846565247 0.22958561778068542 -0.10223150998353958 0.03715738654136658 0.4178473651409149 -0.749691903591156 1.456600546836853 0.32300856709480286 -0.2543383538722992 -0.8472012281417847 0.8361302018165588 0.6937462091445923 1.4969311952590942 -0.21793881058692932 -0.9795503616333008 0.258681982755661 0.23320159316062927 -0.10480330139398575 1.2497731447219849 0.40587636828422546 0.3084598183631897 0.5327920913696289 -1.0113394260406494 0.04038258641958237 -0.07107287645339966 0.08528663218021393 0.3269682228565216 0.5747025609016418 1.9141743183135986 -0.06099313497543335 
0.25462496280670166 0.1649145781993866 -0.4432510733604431 0.5366125702857971 -0.09792282432317734 0.28361624479293823 0.8972355127334595 0.25522059202194214 0.03238137811422348 0.16253726184368134 -0.4599094092845917 0.879922091960907 0.8670182824134827 -0.2947854995727539 -1.3096634149551392 0.5864388346672058 0.3071664273738861 -0.0641610324382782 -0.1383494883775711 0.47339701652526855 0.49365243315696716 0.5517615675926208 -0.5474110245704651 0.46334123611450195 0.19764238595962524 0.0455816313624382 0.9340788722038269 0.5456068515777588 2.052319049835205 -0.09062635153532028 
-1.357264518737793 0.0774291455745697 -1.3054509162902832 0.03799374774098396 0.31370195746421814 0.26580771803855896 -0.05741310864686966 0.8550387024879456 0.266182005405426 0.5820425152778625 0.6754814386367798 -0.44256463646888733 -0.40718477964401245 -0.6699603796005249 0.37725159525871277 -1.0022679567337036 0.2579245865345001 0.3480086326599121 -0.8484386801719666 -1.6970077753067017 -0.016801927238702774 0.1750781238079071 -0.4464620053768158 -0.2838174104690552 -0.6182838082313538 0.6075069904327393 -0.07563823461532593 -0.6009986996650696 -2.170302152633667 0.6330689191818237 
-0.93517005443573 -0.2192036509513855 -0.9054560661315918 0.087347112596035 -0.5611613392829895 0.24823880195617676 0.16989535093307495 0.7285079956054688 -0.031418077647686005 0.6901983618736267 1.1710119247436523 -0.6450532078742981 0.03292006999254227 -0.43574321269989014 0.8715853691101074 -1.1249959468841553 0.22204595804214478 0.404132217168808 -0.3543776273727417 -1.0444072484970093 -0.22692593932151794 -0.08650990575551987 -0.49626782536506653 0.4665206968784332 -0.6130057573318481 -0.004640206228941679 -0.8526312708854675 -0.4453413784503937 -2.22934889793396 0.4028497040271759 
-0.9955129623413086 0.2548016309738159 -0.44504407048225403 -0.13974085450172424 1.7283049821853638 0.9785135388374329 -1.0147234201431274 0.035893067717552185 1.2508530616760254 0.9104461669921875 -1.0533019304275513 0.1700756847858429 -1.8686691522598267 1.0566368103027344 -1.2301466464996338 -0.40404602885246277 -0.1972813457250595 0.5879847407341003 0.6755833625793457 -0.4193664789199829 -0.31768736243247986 -0.8817554712295532 -1.800025463104248 -1.269708514213562 -0.4541751742362976 0.9347670078277588 1.1535553932189941 -0.9013768434524536 -1.8004471063613892 -0.33711546659469604 
-0.5088774561882019 -2.3355300426483154 1.9071241617202759 -0.9780214428901672 -3.5526552200317383 -0.5984142422676086 -0.03370056673884392 0.7258098721504211 0.4201526343822479 0.7415533661842346 2.4385461807250977 -0.7842011451721191 -2.4199960231781006 1.7472420930862427 0.9886470437049866 0.6489371061325073 -0.08286990225315094 0.6130957007408142 1.5661935806274414 -0.535407543182373 -0.11766991764307022 0.25166139006614685 0.6970686912536621 1.2872717380523682 -0.31345638632774353 0.09553687274456024 -0.7118124961853027 -0.657634437084198 0.08876488357782364 0.4666038453578949 
-1.1925466060638428 -0.12221817672252655 -0.39525526762008667 0.09733576327562332 0.7227889895439148 0.06462214142084122 -0.25661590695381165 0.8639879822731018 0.4630606472492218 0.47476792335510254 0.712607741355896 -0.45864802598953247 -0.11485439538955688 -0.8872706294059753 0.9600489139556885 -0.4151878356933594 0.12162136286497116 0.09832683950662613 -0.3698147237300873 -1.558408498764038 -0.05849014222621918 0.2842537462711334 -0.30016660690307617 -0.08452010154724121 -0.6685752272605896 0.35923582315444946 -0.452587366104126 -0.707931399345398 -1.6381603479385376 0.42938390374183655 
-1.2211934328079224 0.23003020882606506 -0.7006107568740845 0.2265084832906723 0.6371738314628601 0.0855468288064003 0.5173667669296265 1.0351523160934448 0.3073504567146301 0.22948724031448364 0.5570341348648071 -0.5957702994346619 -0.5378065705299377 -1.0980514287948608 0.7932764291763306 -0.5842124223709106 0.45187002420425415 0.26212719082832336 -0.8680217862129211 -1.5960615873336792 0.49461668729782104 0.47174012660980225 -0.6324253082275391 -0.053926531225442886 -1.0190187692642212 0.5512837767601013 -0.032506637275218964 -0.727419376373291 -1.9026662111282349 0.6906747221946716 
-1.1894053220748901 0.703302800655365 -0.41378676891326904 0.42352890968322754 -2.215891122817993 0.972008228302002 -1.9126386642456055 0.39664801955223083 0.09339532256126404 2.332420587539673 0.6785852909088135 -0.7475072145462036 -1.3176569938659668 -0.655181348323822 -0.29713544249534607 -0.3418222665786743 -0.47547852993011475 0.3652137815952301 -1.0155667066574097 -0.7868355512619019 -0.014517836272716522 -0.7194541096687317 0.8022707104682922 -0.3401370942592621 -0.4737630784511566 0.3435649275779724 0.40097612142562866 -0.6396310329437256 -1.5325196981430054 0.12698079645633698 

1.6855223178863525 1.928613543510437 2.6199729442596436 -1.2260699272155762 -1.3253686428070068 2.257413625717163 2.9153525829315186 -0.9639829993247986 -1.8978352546691895 -1.1625480651855469 -1.4013667106628418 3.097175359725952 -1.8383114337921143 -1.1303410530090332 -1.0525704622268677 -0.881534218788147 -1.1009398698806763 -0.8914195895195007 -1.1232810020446777 -1.2519543170928955 5.7765116691589355 -1.8449968099594116 -1.2584365606307983 1.8590567111968994 2.262444496154785 2.4060561656951904 4.146849155426025 1.6186583042144775 1.6104973554611206 2.4856083393096924 
BIAS:
0.206682026386261 -0.18443793058395386 -0.4224521517753601 -0.3327725827693939 0.21234558522701263 0.06897323578596115 -0.19079750776290894 0.3685007691383362 0.6007181406021118 0.6855271458625793 0.06548565626144409 -0.14627313613891602 -0.32485654950141907 0.8868889808654785 -0.3789270222187042 -0.3325469195842743 0.08547855168581009 0.7578606009483337 0.4227527678012848 -0.12570013105869293 -0.13829901814460754 -0.23845987021923065 -1.0320050716400146 0.18930280208587646 -0.5400098562240601 0.9226773381233215 0.16270959377288818 -1.0469696521759033 -0.6386085748672485 0.0018226372776553035 

0.28070440888404846 0.23361298441886902 0.3388614356517792 0.23685988783836365 0.07639522105455399 0.1482205092906952 0.6279653310775757 0.3453059494495392 0.17222726345062256 0.021455366164445877 0.22566598653793335 -0.020536864176392555 -0.34658610820770264 0.031716227531433105 0.35305672883987427 0.15095701813697815 0.08346559852361679 0.08335300534963608 0.1879553496837616 0.25383052229881287 -0.26276305317878723 -0.33410966396331787 0.1627916693687439 0.33582764863967896 0.26067477464675903 0.36511990427970886 0.7407523393630981 0.44729238748550415 0.4905608594417572 0.14761658012866974 

0.025253629311919212 