1
4                  50                  50                  1
8.092100143432617 0.7440779209136963 0.41616278886795044 187.7636260986328 
-0.853958249092102 -1.4291534423828125 0.09678874164819717 65.70668029785156 
-0.025437839329242706 
-4.040681838989258 
WEIGHT:
0.2098199874162674 0.15297448635101318 0.4676332175731659 0.5406578183174133 
0.4567908048629761 -0.45639583468437195 0.6407439112663269 0.5420466661453247 
-0.6018224358558655 -0.6442817449569702 -0.8425613641738892 0.7911813259124756 
-0.6015655398368835 0.4771241545677185 0.4979906380176544 -0.717614471912384 
-0.2774392068386078 -0.1625208705663681 0.011220082640647888 0.7466581463813782 
-0.2251339852809906 -0.30903610587120056 -0.8313959836959839 -1.0670833587646484 
0.4497114419937134 0.43835026025772095 -0.91552734375 0.02297271229326725 
0.11046230047941208 0.6181633472442627 -0.4114893674850464 -0.18395885825157166 
-0.014070656150579453 1.0055047273635864 -0.5086473226547241 -0.17112292349338531 
-0.0020951642654836178 0.2258213460445404 -0.25457054376602173 -0.07458622753620148 
-0.3484879732131958 0.8325322866439819 -0.3026505708694458 0.006237875670194626 
-0.9620992541313171 0.14452406764030457 -0.14033286273479462 0.43378332257270813 
0.7623263597488403 0.3681955933570862 -0.5179233551025391 -0.27214962244033813 
-0.7503402829170227 0.6441498398780823 -0.5451049208641052 -0.3042982518672943 
0.7362096309661865 -0.20821858942508698 -0.6633840799331665 1.0557934045791626 
-0.20439258217811584 -0.4555366039276123 0.6610162258148193 -0.19553925096988678 
-0.41407808661460876 0.2662971019744873 -0.7951310276985168 0.24065659940242767 
-0.232196643948555 -0.18098199367523193 0.1253410428762436 0.8954322338104248 
0.7274954319000244 -0.18274883925914764 0.11904451996088028 -0.510758638381958 
0.04514440894126892 0.6915268301963806 -0.28955814242362976 0.43886423110961914 
0.29739218950271606 -0.3149928152561188 0.3203946053981781 -0.7474358081817627 
0.27291247248649597 0.017038529738783836 -0.7523015737533569 -0.3707544207572937 
0.5248500108718872 -0.3876161277294159 0.9828627109527588 0.4608196020126343 
-0.20588360726833344 0.4288471043109894 -0.9496483206748962 -0.16739670932292938 
-0.7552860379219055 0.411056250333786 -0.04899890720844269 -0.5571700930595398 
1.0739446878433228 -0.356288343667984 -0.37385717034339905 -0.27326974272727966 
0.8437831401824951 0.36970460414886475 0.4725953936576843 0.8285263180732727 
-0.3899831175804138 -0.5056741833686829 0.2978363335132599 -0.3835671842098236 
-0.43495941162109375 0.6526528000831604 0.7125194072723389 0.09606737643480301 
-0.26613789796829224 0.2853987216949463 0.3851031959056854 0.6930391192436218 
0.0030120345763862133 -0.6023375391960144 0.7688364386558533 0.11756017804145813 
-0.0610039047896862 0.871199369430542 -0.46522530913352966 -0.39757034182548523 
0.23927827179431915 -0.33378899097442627 -0.7612196803092957 -0.2718018591403961 
-0.05265773832798004 -0.37750691175460815 0.7371723055839539 -0.7192727327346802 
-0.3969281017780304 0.8070105910301208 0.5029855370521545 0.23322829604148865 
-0.03438112512230873 0.9055790305137634 0.42159318923950195 0.15368299186229706 
-0.276955246925354 0.22477656602859497 1.3515874147415161 0.4832443594932556 
0.09888684004545212 -0.5816302299499512 0.39896631240844727 0.26923447847366333 
0.06780058890581131 0.018930574879050255 0.8639329075813293 0.9674190282821655 
-0.4723009169101715 -0.109792560338974 0.7445601224899292 -0.5257543325424194 
-0.15958239138126373 0.5304985642433167 0.304917573928833 0.037976473569869995 
-0.17241163551807404 0.3037220537662506 0.8536966443061829 0.14567482471466064 
0.5640931129455566 0.619927704334259 -0.24493388831615448 0.23196040093898773 
-0.14269153773784637 -0.1037491038441658 0.9877183437347412 -0.2986958920955658 
-0.3896805942058563 -0.5894437432289124 -0.03355460986495018 0.45033037662506104 
-0.0405791737139225 0.1109044998884201 0.8395624756813049 0.4075945019721985 
-0.5487875938415527 0.10095364600419998 -0.956554114818573 0.6446011662483215 
-0.6613540649414062 -0.4686352014541626 0.6660608053207397 0.02065500244498253 
0.4737108051776886 0.16640877723693848 -0.2115846872329712 -0.34351274371147156 
-0.017314421012997627 0.7907034158706665 -0.6936912536621094 -0.5728669166564941 

-0.06278657913208008 0.07648665457963943 0.3387681543827057 -0.11987978219985962 -0.15538480877876282 0.41680020093917847 0.022945694625377655 -0.19266007840633392 -0.41317763924598694 -0.09039166569709778 -0.7135070562362671 -0.13450855016708374 -0.01231454685330391 -0.3061804175376892 0.35266223549842834 0.23548480868339539 -0.32706841826438904 0.30124399065971375 0.15553031861782074 -0.46154212951660156 0.7381080389022827 0.23387271165847778 0.1879926174879074 -0.2902333736419678 0.1547018140554428 0.5271579623222351 -0.3430398106575012 0.2706616520881653 -0.556365430355072 -0.0915880799293518 0.06769724935293198 -0.21168485283851624 0.3410975933074951 0.4282343089580536 -0.6977759599685669 -0.5260270237922668 -0.11044929176568985 0.2728475034236908 0.008252711035311222 0.19174829125404358 -0.3633511960506439 -0.09860511869192123 -0.4030613303184509 0.20575052499771118 0.038234103471040726 -0.17731553316116333 0.010495893657207489 0.06797632575035095 0.20723146200180054 -0.26519566774368286 
0.08497727662324905 -0.11250557750463486 0.193324014544487 -0.1256459504365921 0.031282689422369 0.12243180721998215 0.16703520715236664 -0.02441347762942314 0.023582100868225098 0.004675494506955147 0.3074026107788086 0.2500993311405182 -0.03886878862977028 0.4485945701599121 0.16922220587730408 0.05485779419541359 0.014097403734922409 0.25685805082321167 -0.08053206652402878 0.2889614403247833 -0.2247285544872284 -0.10497640818357468 -0.3582485318183899 0.09359622001647949 0.0032515546772629023 -0.10313858091831207 -0.09965147823095322 0.15135177969932556 0.08634535223245621 0.10726335644721985 -0.013120255433022976 0.03434998542070389 0.07666638493537903 -0.30037325620651245 0.3284272849559784 0.030859310179948807 -0.2530120313167572 -0.01622340828180313 0.009543810971081257 0.07862291485071182 0.09509292244911194 -0.1620662957429886 -0.0408298596739769 0.03670364245772362 -0.1001708060503006 -0.1890338659286499 0.010635658167302608 0.1033443883061409 0.060652073472738266 0.009949557483196259 
-0.27499666810035706 -0.03254467621445656 -0.781119704246521 0.678530752658844 -0.9045709371566772 -0.13731011748313904 -0.16556687653064728 0.019086413085460663 0.42680221796035767 -0.025961818173527718 1.2971901893615723 -0.09562196582555771 -0.18291684985160828 0.5718485713005066 -0.7758507132530212 -0.22795644402503967 -0.05551041662693024 -0.4987950623035431 -0.2077280580997467 1.047418475151062 0.2269386649131775 -0.21854902803897858 -0.3771592080593109 0.08773797750473022 0.1314990520477295 -0.5929883122444153 0.06878770142793655 -0.3971885144710541 0.46542131900787354 -0.16602379083633423 0.03272757679224014 0.21908554434776306 -0.3191201686859131 0.21200881898403168 0.5303074717521667 0.34228360652923584 0.092948317527771 -0.4666811525821686 -0.5029017925262451 0.16252650320529938 0.21359466016292572 0.38987964391708374 0.024146536365151405 0.054520171135663986 -0.05928165093064308 0.05060382932424545 0.06899344176054001 0.1226317435503006 1.3183699593355414e-05 0.5895554423332214 
0.1664988249540329 0.12471393495798111 0.09795825928449631 0.3378855586051941 0.05084636062383652 0.16890400648117065 -0.22156085073947906 -0.09838869422674179 0.0012095299316570163 -0.07074011862277985 -0.23441170156002045 -0.22610822319984436 -0.09522336721420288 -0.40725183486938477 -0.19926555454730988 0.110846146941185 -0.2843945026397705 0.02993837371468544 0.1395404040813446 -0.38766324520111084 0.40355706214904785 -0.24178068339824677 0.5368077754974365 -0.25537338852882385 0.059625133872032166 0.01663512922823429 -0.06223636120557785 0.2862030565738678 -0.006863923277705908 -0.06198802962899208 0.01888517662882805 -0.11376522481441498 0.10088739544153214 0.26710957288742065 0.0066843279637396336 -0.11160087585449219 0.09525234252214432 0.06749039143323898 0.2627801299095154 0.325030118227005 0.00845047365874052 0.34939172863960266 -0.0731964111328125 0.10515247285366058 -0.03959153592586517 0.32937905192375183 -0.08832550793886185 -0.13141071796417236 -0.04415654018521309 -0.37689870595932007 
-0.14054079353809357 -0.04001381993293762 0.19471341371536255 -0.25149068236351013 0.12436581403017044 -0.013843209482729435 0.17220306396484375 0.014886067248880863 -0.17162595689296722 0.11966098099946976 0.021980073302984238 0.014512392692267895 -0.03655382990837097 0.25796905159950256 0.00825941190123558 -0.1113334372639656 0.05286822468042374 0.1085856482386589 -0.1444622129201889 0.2025395929813385 -0.27302926778793335 -0.14577654004096985 -0.19638165831565857 0.036501195281744 0.12215404957532883 0.0006896394188515842 0.12175951153039932 0.11302444338798523 -0.05595063045620918 0.09339766204357147 -0.12414609640836716 0.049528803676366806 0.033976275473833084 -0.05944009870290756 0.28983673453330994 0.0009024616447277367 -0.1914827823638916 -0.022267811000347137 -0.1531585156917572 0.07659967988729477 -0.04094180464744568 -0.1785810887813568 -0.0132833793759346 0.0735425055027008 -0.07523693144321442 0.02175341360270977 0.039750684052705765 0.16361917555332184 0.08770688623189926 0.11708176881074905 
0.048342060297727585 0.35154804587364197 -0.5210501551628113 0.07323563098907471 -0.26913073658943176 -0.1888500452041626 -0.05673445016145706 -0.20440420508384705 0.11889612674713135 -0.11975658684968948 0.0982925221323967 -0.015004548244178295 0.12115469574928284 -0.511543869972229 -0.6840955018997192 0.11597760766744614 -1.321666955947876 -0.006787205580621958 -0.0682758018374443 0.11158733069896698 0.11795865744352341 -0.6269223093986511 0.7927700877189636 -0.9125597476959229 0.05885262414813042 -0.15397478640079498 0.1339256912469864 -0.10652806609869003 0.5900778770446777 0.0553068071603775 0.4297237992286682 0.13244706392288208 -0.568865954875946 0.3156753480434418 0.48919621109962463 0.31030404567718506 1.089260220527649 0.11225845664739609 0.21587738394737244 0.407322496175766 0.10198100656270981 0.8616828918457031 0.06900835782289505 0.30050036311149597 0.17373377084732056 0.8331476449966431 -0.1070205420255661 0.36176568269729614 -0.01374896802008152 0.09569084644317627 
0.10078892856836319 0.08177431672811508 0.07903195917606354 0.08585719019174576 -0.0662401020526886 0.023440374061465263 -0.025388091802597046 -0.0505560040473938 0.14315801858901978 0.057948414236307144 -0.1421179175376892 0.06289804726839066 -0.12888848781585693 -0.13140955567359924 -0.09749013185501099 0.03465811908245087 -0.14171911776065826 -0.05288739129900932 0.08361604064702988 0.024075061082839966 -0.21134859323501587 -0.016801530495285988 0.08970526605844498 0.060575734823942184 -0.07079333811998367 -0.04281041398644447 0.0908651202917099 -0.1061895340681076 -0.06237039342522621 -0.13721469044685364 -0.07415983825922012 0.020046822726726532 -0.00944148562848568 -0.0961068645119667 -0.2508048117160797 -0.09181928634643555 -0.08420439809560776 0.03166792914271355 0.08966665714979172 0.0809498205780983 -0.06689453125 0.07614672183990479 -0.04627380520105362 0.08647322654724121 0.026303743943572044 0.01048060692846775 -0.020455600693821907 -0.10639312863349915 0.024027107283473015 0.15809261798858643 
0.009952531196177006 -0.2713867127895355 -0.048321351408958435 -0.20955468714237213 -0.11799323558807373 0.15042559802532196 0.10934196412563324 0.16628485918045044 -0.04108940437436104 0.231720432639122 0.15405887365341187 -0.1359509378671646 0.03483949974179268 0.30112573504447937 0.2705426812171936 0.12678712606430054 0.10149891674518585 0.15631704032421112 0.02715560421347618 0.0028090921696275473 -0.06105834245681763 0.059409789741039276 -0.3235570788383484 0.21037091314792633 0.21607506275177002 0.09087689220905304 -0.06634289026260376 -0.007289502769708633 0.005206542555242777 0.13271139562129974 -0.044528618454933167 -0.0788780227303505 -0.03402070328593254 -0.23025353252887726 0.08204755187034607 -0.05187106877565384 -0.26425617933273315 0.07309874892234802 -0.2515510320663452 -0.01657768525183201 0.15153279900550842 -0.053957775235176086 -0.0012510031228885055 -0.1705712378025055 0.04043180122971535 -0.28343504667282104 0.12597450613975525 0.030282946303486824 0.20188027620315552 -0.08522123843431473 
0.1700468510389328 -0.10941267758607864 0.11337362229824066 -0.5257746577262878 0.11617878824472427 -0.02310488186776638 0.20711766183376312 -0.032109424471855164 0.07283449172973633 0.14362473785877228 0.20302630960941315 -0.09520231932401657 0.1257154494524002 0.11460616439580917 0.4196696877479553 -0.16557656228542328 0.14453226327896118 0.15356676280498505 0.08501213043928146 0.5353544354438782 -0.4840984046459198 0.03594723716378212 -0.12596926093101501 0.15638524293899536 -0.08816778659820557 0.1274532973766327 0.06562452018260956 -0.17805969715118408 -0.09871094673871994 0.2468923032283783 -0.18425199389457703 0.023466622456908226 -0.00986123364418745 -0.6766843795776367 0.2680993974208832 -0.2724514305591583 -0.12200331687927246 0.009748714044690132 0.26946690678596497 -0.30195000767707825 0.016102228313684464 0.005412181373685598 0.11582040041685104 -0.30449506640434265 -0.17300301790237427 0.18680725991725922 0.035376258194446564 -0.07299695163965225 -0.03997764736413956 0.060714129358530045 
-0.10742323845624924 0.34062740206718445 -0.45360589027404785 0.4195462167263031 -0.39248839020729065 -0.4850423336029053 -0.22087395191192627 -0.0727388858795166 0.2581426799297333 -0.15802006423473358 0.28255796432495117 -0.20313303172588348 -0.2002495676279068 -0.7322416305541992 -1.3133928775787354 0.0306398905813694 -0.9998312592506409 -0.294376939535141 -0.14347319304943085 0.11260737478733063 0.6269169449806213 -0.10783898085355759 1.5550618171691895 -0.8448655009269714 -0.20252929627895355 -0.3929654061794281 -0.13578751683235168 -0.08355046063661575 0.9932235479354858 0.13088156282901764 0.23060427606105804 0.009612767957150936 -0.47657954692840576 0.6722283959388733 0.4421803653240204 0.10681566596031189 1.5122267007827759 -0.22496874630451202 0.532394528388977 0.42950788140296936 0.1557653248310089 1.5838173627853394 0.1388460397720337 0.5204444527626038 -0.06983627378940582 1.2730687856674194 0.20297282934188843 0.2488033026456833 -0.19079290330410004 0.114010751247406 
-0.0023757782764732838 -0.1728680282831192 -0.8799014687538147 0.2675071954727173 -0.3196024000644684 -0.20540644228458405 -0.4075407385826111 -0.2635333240032196 -0.2858524024486542 -0.020252235233783722 0.19718168675899506 -0.3126501441001892 -0.07780292630195618 -0.06472553312778473 -0.15878929197788239 -0.026716236025094986 -1.0424275398254395 -0.3878802955150604 0.06751880049705505 0.3628782629966736 -0.05637664720416069 -0.6155447363853455 0.11118276417255402 -0.5000827312469482 0.09952592849731445 -0.21581244468688965 -0.08933012187480927 0.003859843360260129 0.32862016558647156 -0.3511679768562317 0.2086508870124817 -0.2344656139612198 -0.2955392599105835 -0.07837288081645966 0.4713648557662964 0.011895681731402874 0.21697644889354706 0.07236186414957047 -0.373668909072876 0.14876757562160492 0.207405224442482 0.29740190505981445 -0.3019285202026367 0.2175920456647873 -0.3408399224281311 0.022119710221886635 -0.12165290117263794 0.19510531425476074 -0.025287862867116928 -0.07099936157464981 
-0.013998301699757576 0.2734648883342743 -0.038648732006549835 0.19534307718276978 0.1694394201040268 -0.0867445096373558 -0.20787778496742249 -0.24634484946727753 -0.12889115512371063 -0.10057415068149567 -0.03816119581460953 -0.05691661685705185 -0.1737169772386551 -0.6088567972183228 0.09660910069942474 -0.02424916811287403 -0.23718072474002838 -0.026843637228012085 -0.04234519973397255 -0.1601899415254593 0.0017535870429128408 -0.02777646854519844 0.744780957698822 -0.08473772555589676 0.07131404429674149 -0.14147809147834778 0.024711064994335175 0.0383337065577507 -0.26600202918052673 0.07375010848045349 0.25955167412757874 -0.2852885127067566 0.16919444501399994 0.219150111079216 -0.17995306849479675 -0.06259813159704208 0.07870179414749146 0.2820102870464325 0.22148749232292175 0.22592130303382874 -0.11746078729629517 0.22681692242622375 -0.18022650480270386 0.012552816420793533 0.11097358167171478 0.11291825026273727 -0.1588716208934784 0.22628986835479736 -0.2038160115480423 -0.2532172203063965 
0.27038246393203735 0.09696447849273682 0.06439070403575897 -0.10852136462926865 0.27497631311416626 -0.17343133687973022 -0.19096507132053375 -0.22181564569473267 -0.22070835530757904 0.0915570929646492 -0.41688215732574463 0.12592539191246033 -0.2342430204153061 0.12860704958438873 0.18122152984142303 0.29514816403388977 -0.09598404914140701 0.24628916382789612 -0.05305205285549164 -0.5031683444976807 -0.03535158187150955 -0.15991057455539703 -0.11696342378854752 -0.2073904126882553 0.08892175555229187 0.04030001536011696 0.15206536650657654 0.30233120918273926 -0.03936856985092163 0.21452809870243073 0.26152417063713074 -0.2390824407339096 -0.37448811531066895 -0.03358917310833931 0.0185371283441782 -0.19546256959438324 -0.042302511632442474 0.212138369679451 -0.016205554828047752 0.15694956481456757 -0.03722359612584114 0.05242009833455086 -0.13192686438560486 0.025955239310860634 -0.048316553235054016 -0.21240763366222382 -0.14992330968379974 0.10660944879055023 -0.009957114234566689 -0.4670833945274353 
-0.19244137406349182 0.10814982652664185 0.1848546415567398 -0.32488948106765747 -0.004413795657455921 0.4591797888278961 -0.12138140946626663 -0.23051922023296356 -0.5517246723175049 0.015066752210259438 -0.6289850473403931 -0.19431546330451965 -0.0016991918673738837 -0.5035839080810547 0.3592618703842163 0.1499287337064743 -0.3021637499332428 0.18868587911128998 0.20252563059329987 -0.8173280954360962 0.7040323615074158 0.18566256761550903 0.4240410327911377 -0.3038659691810608 -0.017817219719290733 0.4247002601623535 -0.2429649978876114 0.20626048743724823 -0.4485306739807129 -0.18078236281871796 0.00960855558514595 -0.2336668074131012 0.3051029145717621 0.3966508209705353 -0.8571450710296631 -0.2656738758087158 -0.05563170835375786 0.37171483039855957 -0.11186377704143524 0.18463660776615143 -0.30455002188682556 -0.3774498701095581 -0.2046307623386383 0.0529509074985981 -0.04266733676195145 -0.2642475366592407 0.06334231793880463 -0.06173180043697357 0.24925640225410461 -0.30003196001052856 
-0.10169888287782669 -0.060446757823228836 -0.16568756103515625 0.5470010042190552 -0.3004412353038788 0.47356805205345154 -0.04088716581463814 0.16420413553714752 0.37156951427459717 -0.04111480712890625 0.11666791886091232 -0.22494390606880188 0.2825639843940735 0.07828731834888458 -0.7658279538154602 -0.058787327259778976 -0.07466686517000198 -0.30792367458343506 0.023022053763270378 -0.20330460369586945 0.869912326335907 0.13468244671821594 0.2533282935619354 0.09146246314048767 0.12628361582756042 -0.10709697753190994 -0.13957564532756805 0.13273227214813232 0.23402947187423706 -0.07737705856561661 -0.014114300720393658 0.11882205307483673 0.18411767482757568 0.6111533045768738 -0.13306257128715515 0.2179436832666397 0.20367294549942017 -0.22177448868751526 0.19005976617336273 0.40188881754875183 0.08407533168792725 0.19676829874515533 0.15050892531871796 0.436972439289093 0.136878103017807 0.18075773119926453 -0.08856771141290665 0.1018579751253128 -0.08665796369314194 0.396227091550827 
-0.029660439118742943 -0.19520415365695953 -0.13900966942310333 -0.2277665138244629 0.04613058641552925 0.05198337882757187 -0.0470256432890892 0.1412855088710785 -0.14169546961784363 0.07916639745235443 -0.016994796693325043 -0.009931792505085468 0.1443023681640625 0.19982339441776276 0.20049087703227997 -0.05769515037536621 0.1504603624343872 0.16873054206371307 -0.09075232595205307 0.26000335812568665 -0.264498233795166 -0.05999451130628586 -0.09895704686641693 0.11152064055204391 0.05330399423837662 -0.0008943512802943587 -0.018717536702752113 -0.03522351756691933 -0.11196091771125793 -0.14853636920452118 -0.23729781806468964 -0.0692090168595314 0.18660330772399902 -0.40560564398765564 0.12367008626461029 -0.2731657326221466 -0.242764413356781 0.08521400392055511 0.05537638068199158 -0.36455097794532776 -0.1887785643339157 -0.034959882497787476 0.04693059250712395 -0.2385387122631073 -0.14578355848789215 -0.22078676521778107 -0.028831757605075836 -0.16116094589233398 0.13903747498989105 -0.16700607538223267 
0.02554265223443508 0.24892207980155945 -0.015586859546601772 0.3303954601287842 0.09892588108778 -0.6433458924293518 -0.14100852608680725 -0.1409028321504593 0.22313225269317627 -0.34057217836380005 0.3290846049785614 0.15048182010650635 -0.2841757535934448 0.16970907151699066 -0.863373875617981 -0.18970297276973724 -0.027979519218206406 0.18037696182727814 -0.5088282823562622 0.23685871064662933 -0.8932903409004211 -0.3340412378311157 0.607849657535553 -0.4536128640174866 -0.23239678144454956 -0.8658932447433472 -0.14361454546451569 -0.12332413345575333 1.0344046354293823 0.4341410994529724 0.1952582448720932 0.01944420114159584 -0.8901035189628601 -0.3513363003730774 0.3902676999568939 0.11250867694616318 1.4126392602920532 0.052347686141729355 0.759335994720459 0.05728330463171005 0.12210743874311447 1.1052844524383545 0.006401867605745792 0.11762741208076477 0.17544420063495636 1.0357983112335205 -0.04075139760971069 0.10092899203300476 -0.3823978900909424 0.025152573361992836 
0.10478116571903229 0.022856637835502625 0.2508859634399414 0.09300263226032257 0.2317226082086563 -0.18897166848182678 -0.03643647953867912 0.04215308651328087 0.19710245728492737 0.0910675898194313 -0.18155987560749054 0.19721882045269012 0.05813521891832352 -0.15036508440971375 0.2587515413761139 -0.10843946784734726 0.16429553925991058 0.15427632629871368 0.016626907512545586 -0.13381555676460266 -0.5917491316795349 -0.18222440779209137 0.49722346663475037 0.04736338555812836 -0.04441610723733902 0.05399075895547867 0.22779792547225952 -0.09972275793552399 0.38632604479789734 0.3326002359390259 0.0180074293166399 0.11771725863218307 -0.06960263848304749 -0.10909884423017502 0.13375546038150787 0.3919711709022522 0.5115324258804321 0.002257899148389697 0.558626651763916 0.010822046548128128 0.10988198220729828 0.46931925415992737 0.1283082216978073 0.03675299882888794 0.21779733896255493 0.5053840279579163 0.07602193206548691 -0.06460564583539963 -0.09956236183643341 -0.1673157960176468 
-0.011165980249643326 -0.1463565081357956 -0.16498011350631714 0.39769691228866577 -0.10639657080173492 0.0983097106218338 0.013988376595079899 -0.007391966413706541 -0.019292546436190605 0.046753913164138794 -0.12217758595943451 -0.1010328158736229 -0.08457565307617188 0.22062546014785767 -0.359986275434494 0.22212934494018555 0.028741400688886642 -0.060910724103450775 0.24143318831920624 -0.2484186589717865 0.08652698248624802 0.13434049487113953 -0.17301450669765472 -0.031066423282027245 0.11748891323804855 -0.0829903781414032 -0.134230375289917 0.18319325149059296 0.3569906949996948 0.10947880893945694 -0.12082578241825104 0.10931400209665298 -0.17178700864315033 0.4445500373840332 0.0839400514960289 0.25532129406929016 0.09967551380395889 -0.1559518426656723 -0.026372499763965607 0.21721363067626953 0.09726936370134354 0.1371004432439804 0.01153518445789814 0.10538062453269958 -0.10506442189216614 0.004528499208390713 -0.21597634255886078 -0.10388031601905823 -0.02581103704869747 0.04119861125946045 
0.13178634643554688 -0.12502360343933105 0.1604892909526825 -0.17804913222789764 0.20000633597373962 0.08300167322158813 -0.03623287379741669 0.026690276339650154 -0.19811108708381653 0.07286786288022995 -0.011365272104740143 0.20688261091709137 0.04834481701254845 0.20985005795955658 0.2539341151714325 0.10497235506772995 0.011646364815533161 0.11040889471769333 0.12465700507164001 0.15918265283107758 -0.04756947234272957 0.09490642696619034 -0.19408416748046875 0.2090894728899002 0.20094051957130432 -0.05984651669859886 -0.09901225566864014 -0.09002532064914703 0.11660802364349365 0.13118469715118408 0.04764634743332863 0.03848978132009506 -0.003050904953852296 -0.20005753636360168 0.20522107183933258 -0.03533418849110603 0.05836598947644234 -0.011297685094177723 0.07433020323514938 0.02895393781363964 0.11480855196714401 -0.19085954129695892 -0.0068582589738070965 -0.0656687468290329 0.014277925714850426 -0.022379353642463684 -0.1103634461760521 0.0735565572977066 0.09194575250148773 -0.10854822397232056 
-0.12919114530086517 -0.14063408970832825 0.2971794307231903 0.00026299277669750154 -0.05466727539896965 0.22436659038066864 0.012186983600258827 -0.13041210174560547 -0.12490622699260712 -0.10838498920202255 0.036397259682416916 0.22535400092601776 -0.15599456429481506 0.37512555718421936 0.02452915534377098 0.0525585412979126 0.19627414643764496 0.02058476209640503 0.04013993963599205 0.17326754331588745 -0.06405212730169296 0.09752990305423737 -0.15399892628192902 0.11652589589357376 0.11106924712657928 -0.17824552953243256 0.017079386860132217 0.07537135481834412 -0.026531007140874863 0.13986501097679138 -0.02803567424416542 0.05245750769972801 0.1401052176952362 -0.10831815749406815 0.20103444159030914 -0.04509894549846649 -0.10208284854888916 0.010749011300504208 0.0412929430603981 0.09112630784511566 -0.10957252979278564 -0.09035909920930862 0.08881592750549316 -0.00033264473313465714 -0.03103785030543804 -0.004056109115481377 0.26827940344810486 0.020605478435754776 0.0032142968848347664 0.044341541826725006 
-0.17006945610046387 -0.18797704577445984 -0.05668593570590019 0.4633537530899048 -0.06786120682954788 -0.029429323971271515 -0.22896912693977356 -0.08014219254255295 0.2174517959356308 0.06387531012296677 0.024094494059681892 -0.0739017128944397 -0.08586027473211288 0.07046649605035782 -1.0133618116378784 0.03847254067659378 -0.35710155963897705 -0.16142800450325012 -0.14010795950889587 -0.11017659306526184 0.6266807317733765 -0.19960997998714447 -0.1758316308259964 -0.029871299862861633 -0.09320329129695892 -0.29762476682662964 -0.06226330250501633 0.08716125786304474 0.45566433668136597 -0.14662763476371765 0.18732477724552155 0.03797746077179909 -0.3921699821949005 0.6577372550964355 0.15148848295211792 0.03086845390498638 0.1297970414161682 -0.10202343016862869 0.00622611865401268 0.4193888008594513 0.02315649203956127 0.33103495836257935 0.0720512717962265 0.3746781349182129 -0.07798925042152405 0.16154667735099792 -0.05920432507991791 0.18435393273830414 0.03492453321814537 0.04253717511892319 
-0.05373850837349892 0.09734146296977997 -0.10024837404489517 -0.03720887005329132 0.36971020698547363 0.09432558715343475 -0.3019912540912628 -0.5589397549629211 -0.687683641910553 -0.138341024518013 -0.5658686757087708 -0.0693286806344986 -0.47239598631858826 -0.3756616711616516 0.08353972434997559 0.1639215648174286 -0.4737924635410309 0.3568652868270874 0.012359574437141418 -0.7128726243972778 0.4992675185203552 -0.40196290612220764 0.30532553791999817 -0.7852920293807983 -0.006439507938921452 -0.04141569510102272 0.13035966455936432 0.4707599878311157 -0.09289087355136871 0.3164913058280945 0.40391457080841064 -0.7492679953575134 0.01358778402209282 0.3902607560157776 -0.10762210190296173 -0.5056842565536499 0.49875256419181824 0.5751323699951172 0.20656614005565643 0.4186142683029175 -0.23101182281970978 0.1984151154756546 -0.38708141446113586 0.47435736656188965 -0.02974279224872589 -0.05278604105114937 0.010700582526624203 0.36279216408729553 -0.025962868705391884 -0.7316665649414062 
-0.15843799710273743 -0.16757014393806458 0.16146007180213928 -0.5159885287284851 0.20079772174358368 0.34816205501556396 0.0965372696518898 0.1473589539527893 -0.10162244737148285 0.223271444439888 -0.5231505632400513 -0.12173593044281006 0.06826727837324142 0.22268174588680267 0.6485909223556519 0.11398780345916748 0.6548553705215454 -0.0031932287383824587 0.04665330797433853 -0.15748627483844757 -0.12328176945447922 0.355499267578125 -0.6985282301902771 0.2315037101507187 -0.0037687732838094234 0.5424174666404724 0.006356397643685341 0.14428222179412842 -1.3105835914611816 -0.30280178785324097 -0.40647590160369873 0.19423465430736542 0.4951052963733673 -0.4607602655887604 -1.1912128925323486 -0.4064615070819855 -1.1232696771621704 -0.04211147874593735 -0.6416779160499573 -0.29639720916748047 -0.22101467847824097 -1.070492148399353 -0.12203038483858109 -0.4418262839317322 -0.097616046667099 -0.8882627487182617 -0.2824402153491974 -0.4594607651233673 0.08902780711650848 -0.07084126770496368 
-0.08368699997663498 -0.10214723646640778 -0.055464908480644226 -0.04271477833390236 -0.05645827576518059 -0.03182566538453102 0.1323055475950241 0.007452106103301048 -0.00025035953149199486 0.17151963710784912 0.018189897760748863 0.06431489437818527 -0.09404032677412033 0.16734778881072998 0.21673613786697388 -0.11971957981586456 0.22309646010398865 0.003907540813088417 0.07563932240009308 0.1352798491716385 -0.06066498905420303 -0.07072965055704117 -0.19314703345298767 -0.006592048332095146 0.09221985936164856 0.11637863516807556 -0.07279657572507858 0.05717433616518974 -0.03471416234970093 -0.06042364239692688 -0.08507856726646423 -0.0017635079566389322 -0.043049052357673645 -0.11233056336641312 0.17538394033908844 -0.09519034624099731 -0.14946633577346802 0.04865838959813118 -0.17689771950244904 -0.016848988831043243 0.04350796341896057 -0.1464879959821701 0.012929404154419899 -0.012070918455719948 0.02552364580333233 -0.10330121219158173 -0.05097554251551628 0.029583647847175598 0.04899318888783455 0.09486176818609238 
-0.05570431798696518 0.1313869208097458 0.06272834539413452 0.28499987721443176 -0.2114545702934265 0.003965272568166256 -0.05117384344339371 -0.13844585418701172 0.19584864377975464 -0.23231610655784607 -0.0929286777973175 -0.06167786940932274 0.029483435675501823 -0.24547283351421356 -0.5975103378295898 0.09954355657100677 -0.16738219559192657 -0.1438090205192566 0.03786155954003334 -0.17065566778182983 0.5564267635345459 -0.11267386376857758 0.14892689883708954 -0.12600663304328918 0.025823384523391724 -0.21019260585308075 -0.044190675020217896 -0.09963489323854446 0.4206893742084503 -0.029932748526334763 0.09624230861663818 0.06032755225896835 -0.1340613216161728 0.2799176275730133 -0.07180146872997284 0.08203551173210144 0.08562378585338593 -0.0909433513879776 0.15669676661491394 0.09007543325424194 0.12251530587673187 0.17686906456947327 0.11329391598701477 0.34621089696884155 0.08526341617107391 0.25607019662857056 -0.10420165956020355 0.09344003349542618 -0.13734948635101318 0.11391420662403107 
-0.038904931396245956 -0.12236719578504562 -0.11912927776575089 -0.316570520401001 -0.19718290865421295 0.13655321300029755 0.12408159673213959 0.12543387711048126 0.13075469434261322 -0.07921113818883896 0.40420734882354736 -0.19722352921962738 0.17545366287231445 0.2681543231010437 0.23619085550308228 -0.13526953756809235 0.1706518530845642 0.11506668478250504 0.08077668398618698 0.37458881735801697 -0.20870399475097656 0.17602141201496124 -0.15436285734176636 0.09789752215147018 -0.023538412526249886 0.10008487105369568 0.04560578987002373 -0.3494625985622406 -0.1045236736536026 -0.12151982635259628 -0.24947084486484528 0.14744329452514648 0.30920764803886414 -0.49725180864334106 0.18527546525001526 0.14076977968215942 -0.19269558787345886 -0.14933393895626068 -0.13477778434753418 -0.32060810923576355 -0.04962126910686493 0.0013705927412956953 0.15422843396663666 -0.1949874460697174 -0.13098637759685516 0.016099194064736366 0.07902473956346512 -0.1738184541463852 0.10790770500898361 0.2015775740146637 
0.03602312505245209 -0.142719566822052 -0.09439007192850113 0.39347752928733826 -0.2787076532840729 0.00845885369926691 -0.048847656697034836 -0.1466054767370224 0.10676130652427673 -0.17498670518398285 -0.06743328273296356 -0.043440379202365875 -0.004038457293063402 -0.0707191526889801 -0.5115047693252563 -0.09275606274604797 -0.12436644732952118 -0.21333852410316467 0.04750490561127663 -0.1445370465517044 0.4463929533958435 -0.08896443992853165 0.3613841235637665 -0.19593986868858337 -0.09403921663761139 -0.2196839302778244 -0.09475863724946976 -0.045830339193344116 0.33559489250183105 -0.1854996532201767 -0.016628500074148178 -0.050953060388565063 -0.06064245477318764 0.2781151533126831 -0.07560257613658905 0.058222949504852295 0.3580739498138428 0.051370467990636826 0.19925826787948608 0.11306706070899963 0.1097162589430809 0.19153814017772675 -0.0600641667842865 0.25535550713539124 0.06791182607412338 0.20134344696998596 0.05936093255877495 0.15544521808624268 -0.06510112434625626 -0.079355388879776 
-0.02131837047636509 -0.0034021269530057907 -0.5468551516532898 -0.2268742173910141 -0.5705141425132751 -0.4262118339538574 -0.21497425436973572 0.02838488295674324 -0.22232024371623993 0.07589821517467499 0.3190172016620636 -0.4084453284740448 -0.025885308161377907 0.004201161675155163 0.13237912952899933 -0.036376941949129105 -0.5294523239135742 -0.3428002595901489 0.10785029828548431 0.3015236258506775 -0.00014329090481624007 -0.2534833550453186 0.35338571667671204 -0.2288263440132141 -0.13784189522266388 -0.036243367940187454 0.20191213488578796 -0.22655263543128967 0.13579970598220825 -0.12190156430006027 -0.022129463031888008 -0.2504520118236542 -0.3664990961551666 -0.21223638951778412 0.22007377445697784 0.022781414911150932 0.01569969207048416 0.011614355258643627 -0.1813506931066513 -0.30937618017196655 -0.056106094270944595 0.151971697807312 -0.10720957070589066 0.09045106917619705 0.02895531989634037 0.1079430878162384 -0.04704243317246437 -0.2238447070121765 -0.02791319228708744 -0.2003747969865799 
0.004741628188639879 -0.08683076500892639 -0.16191817820072174 0.36939606070518494 0.08410102874040604 0.031612806022167206 -0.22275781631469727 -0.06340504437685013 -0.22720026969909668 -0.053070783615112305 -0.44750645756721497 -0.26122382283210754 -0.12613356113433838 -0.24371720850467682 -0.34134557843208313 0.19873729348182678 -0.21234376728534698 -0.004415037110447884 0.02262955531477928 -0.48315250873565674 0.36200571060180664 -0.06681572645902634 0.5636677742004395 -0.034554168581962585 0.011888914741575718 -0.053937878459692 -0.12133893370628357 0.2574380338191986 0.09600864350795746 0.1509697139263153 0.06556610018014908 0.005912947002798319 0.21087689697742462 0.21436737477779388 -0.09659241884946823 -0.14846204221248627 0.21504472196102142 0.05562421306967735 0.29733067750930786 0.08033815771341324 0.07355943322181702 0.23559792339801788 -0.014553816057741642 0.2988756000995636 0.05795157700777054 0.16132719814777374 -0.0631520077586174 0.013102492317557335 -0.11037527024745941 -0.43151021003723145 
0.012883290648460388 -0.11941837519407272 -0.4529932737350464 -0.10276762396097183 -0.5728769898414612 -0.21445883810520172 -0.02198611944913864 -0.014703255146741867 -0.06581870466470718 0.11188413947820663 0.576643168926239 -0.3594796657562256 -0.03464970365166664 0.23297536373138428 -0.1816508024930954 -0.0996534526348114 -0.16475553810596466 -0.0850691944360733 -0.137913778424263 0.4384608864784241 -0.2550217807292938 0.016455674543976784 -0.1508580595254898 0.04069308564066887 -0.047564566135406494 -0.14309599995613098 -0.023407304659485817 -0.2924061715602875 0.03448428586125374 -0.0884050652384758 0.13625067472457886 -0.028501402586698532 -0.13205121457576752 -0.00802567321807146 0.18655958771705627 0.16565431654453278 0.08424300700426102 -0.05436337739229202 -0.2783889174461365 -0.15159089863300323 -0.05273517221212387 0.025264954194426537 0.10146526992321014 0.07806026190519333 -0.1399252861738205 -0.09627721458673477 0.03652551397681236 0.039632853120565414 0.0765099823474884 0.26603594422340393 
0.013737920671701431 0.2320876270532608 -0.7115830183029175 0.2449265867471695 -0.38837435841560364 -0.06732527166604996 -0.12548282742500305 0.003920144867151976 -0.003569022985175252 -0.22442592680454254 0.22673232853412628 -0.3061485290527344 -0.1420336812734604 -0.5087687969207764 -0.41679349541664124 0.17648638784885406 -1.2445405721664429 -0.15912191569805145 0.1543491780757904 0.19448886811733246 0.360307514667511 -0.35323667526245117 0.5392754673957825 -0.7691434025764465 -0.10925525426864624 -0.007026825565844774 -0.01961963251233101 0.03511711210012436 0.4950544834136963 -0.1623906046152115 0.43504396080970764 -0.18272903561592102 -0.4277645945549011 0.12627056241035461 0.16102954745292664 0.20815213024616241 0.502080500125885 0.293783575296402 -0.10101433843374252 0.23983456194400787 0.19440709054470062 0.5886735320091248 -0.04735695943236351 0.37991514801979065 -0.03749557211995125 0.4772438108921051 -0.09617529809474945 0.0744653269648552 -0.1343102902173996 -0.017017493024468422 
-0.06089826673269272 0.050513893365859985 -0.21909675002098083 -0.4231142997741699 0.05838990584015846 0.03823959454894066 0.14332547783851624 0.01748448982834816 -0.037239573895931244 0.16691654920578003 -0.008794037625193596 -0.27279043197631836 0.03924548625946045 -0.00806652195751667 0.12533652782440186 0.0330536924302578 0.024484120309352875 0.1009959802031517 -0.1068311259150505 0.22144098579883575 -0.3631002902984619 -0.005377683788537979 -0.10082370787858963 -0.014768390916287899 -0.09534987062215805 0.10284141451120377 -0.06952683627605438 -0.04775566607713699 -0.10387986153364182 0.005487882532179356 -0.07062407582998276 -0.12524636089801788 0.18888366222381592 -0.5892161726951599 -0.05578995496034622 -0.14271749556064606 -0.15911701321601868 -0.009437759406864643 -0.10929156094789505 -0.3833647072315216 0.04365155100822449 -0.10051248967647552 -0.09072507917881012 -0.2556232810020447 -0.23630131781101227 0.0789923146367073 0.03801673650741577 -0.2575037181377411 0.12547509372234344 -0.06598177552223206 
-0.035358380526304245 0.12089401483535767 -0.6261759400367737 -0.11057302355766296 -0.518713116645813 -0.43557482957839966 -0.16599217057228088 0.03310301899909973 -0.2913563549518585 0.039305560290813446 0.22703231871128082 -0.5656731724739075 -0.0917515680193901 -0.08480694890022278 -0.019569288939237595 -0.09530694782733917 -0.31020787358283997 -0.25933897495269775 0.059562161564826965 0.2788700461387634 -0.25582894682884216 -0.24292054772377014 0.1832035928964615 -0.18771851062774658 0.014084141701459885 -0.09249517321586609 0.2400958091020584 -0.3125433921813965 0.0026021264493465424 -0.16942216455936432 0.06609135121107101 -0.25833722949028015 -0.2795894145965576 -0.3463747799396515 0.08449441939592361 0.024704039096832275 -0.016139989718794823 0.11768914014101028 -0.1796341985464096 -0.21215704083442688 0.05774185433983803 0.1553751528263092 -0.057049766182899475 -0.10283003002405167 -0.09415633976459503 0.05627872049808502 -0.12494634091854095 -0.05183645710349083 -0.07932276278734207 -0.19384391605854034 
-0.16906622052192688 0.2655482292175293 0.19162389636039734 -0.22428634762763977 0.0014904916752129793 0.12756164371967316 -0.08652766048908234 -0.04379215091466904 -0.05792830511927605 0.029482826590538025 -0.2658711373806 0.008363081142306328 -0.0830354318022728 -0.3048544228076935 -0.03843729570508003 -0.08274098485708237 -0.06370507925748825 -0.03380018100142479 0.03972607105970383 -0.33600080013275146 0.327243834733963 -0.08812683820724487 -0.01733609288930893 -0.05923724174499512 -0.1641758233308792 -0.007733996491879225 -0.17848318815231323 0.054943036288022995 -0.3458171486854553 -0.2089747190475464 0.055325962603092194 -0.16246189177036285 0.20451577007770538 0.18630553781986237 -0.9721433520317078 -0.2329307645559311 -0.33369919657707214 0.1281641274690628 -0.1581488400697708 -0.06167985126376152 -0.54704749584198 -0.14871007204055786 -0.11911246925592422 0.0035696853883564472 0.021770762279629707 -0.24531970918178558 0.1187020093202591 0.11119899153709412 -0.054410241544246674 -0.14285525679588318 
0.09387942403554916 -0.15074287354946136 0.09123730659484863 0.18989679217338562 -0.08809909224510193 0.032495345920324326 0.10642854869365692 0.40161481499671936 0.6450990438461304 -0.07121527940034866 0.18599720299243927 0.11123796552419662 0.3394297659397125 0.059926509857177734 -0.36598020792007446 -0.08786047250032425 0.15206703543663025 -0.3195202052593231 -0.06946010142564774 0.21698904037475586 0.013728374615311623 0.18522444367408752 -0.06341756135225296 0.22808706760406494 0.10190578550100327 -0.312880277633667 -0.26416653394699097 -0.25758790969848633 0.043186165392398834 -0.14439503848552704 -0.46104922890663147 0.4103163182735443 -0.19223906099796295 -0.0338611975312233 0.11796728521585464 0.2443702667951584 -0.2138826698064804 -0.7951582074165344 0.035029634833335876 0.09806835651397705 0.21538610756397247 -0.13930828869342804 0.37843212485313416 -0.11726812273263931 -0.07934869080781937 -0.14070996642112732 -0.10082637518644333 -0.17435133457183838 0.13276752829551697 0.32765376567840576 
0.035042762756347656 0.02317044325172901 -0.058913588523864746 -0.12266117334365845 -0.23901575803756714 0.05328461527824402 0.05136663839221001 -0.08596883714199066 -0.1383891999721527 0.03706967458128929 -0.30694299936294556 -0.07945816963911057 0.09789713472127914 -0.02153412625193596 0.04602542519569397 -0.008110173046588898 0.2048325091600418 0.027997611090540886 0.10430270433425903 -0.03493697941303253 -0.0713987872004509 0.00484531419351697 -0.16689477860927582 0.07670992612838745 -0.11076273024082184 -0.05111019313335419 0.024817101657390594 -0.1466081738471985 -0.09502318501472473 0.003117209766060114 -0.057953815907239914 -0.14875014126300812 -0.032461825758218765 -0.20778146386146545 0.20892582833766937 -0.02230583317577839 -0.07402929663658142 -0.0588444285094738 -0.049508675932884216 -0.05153537169098854 -0.06895733624696732 0.043764106929302216 0.00727773318067193 0.04699822887778282 -0.11645007133483887 -0.17524102330207825 -0.08105454593896866 0.035842444747686386 0.11199939250946045 -0.21789245307445526 
0.374023973941803 0.3121546506881714 0.11925224959850311 -0.2330610603094101 0.502459704875946 -0.48981404304504395 -0.1747434139251709 -0.13354267179965973 -0.1400158852338791 -0.017730725929141045 -0.4175857901573181 0.04998932033777237 -0.12412206083536148 -0.4587290585041046 0.6649057865142822 0.15241163969039917 0.39465516805648804 0.2614748775959015 -0.07124540209770203 -0.2272908091545105 -1.315338373184204 0.015104042366147041 0.65440833568573 0.062043383717536926 -0.1115880087018013 0.014292814768850803 0.3400988280773163 0.11344205588102341 -0.08833391964435577 0.538940966129303 -0.08570407330989838 -0.017525453120470047 0.07003455609083176 -0.4757381081581116 0.2141190767288208 0.10413094609975815 0.26442185044288635 0.28393036127090454 0.7807132005691528 -0.3721436858177185 0.072573721408844 0.1438741832971573 -0.05271124839782715 -0.23125238716602325 0.16290909051895142 0.4645313322544098 -0.22547659277915955 0.026865484192967415 0.08275122195482254 -0.5231533050537109 
0.0017485545249655843 0.04801729694008827 -0.6801576614379883 0.037904687225818634 -0.45153293013572693 0.06388971209526062 -0.28339049220085144 -0.1781160533428192 -0.3498617112636566 0.04284186288714409 0.036058876663446426 -0.46655794978141785 -0.22128203511238098 -0.019806604832410812 -0.14849136769771576 0.12512542307376862 -0.8096849322319031 -0.18489529192447662 0.07326219975948334 0.1170625314116478 0.4657571315765381 -0.2637181282043457 0.16119684278964996 -0.2800203263759613 -0.07501915097236633 0.03573380038142204 -0.09915011376142502 -0.052103862166404724 0.04292410612106323 -0.3114370107650757 0.1215486228466034 -0.12499691545963287 -0.03948887065052986 0.18542525172233582 0.041505906730890274 -0.04243404418230057 0.031051544472575188 -0.04551425948739052 -0.08363023400306702 0.10307534039020538 -0.006035422440618277 0.001173187280073762 -0.1540013700723648 0.2224353849887848 -0.223944753408432 -0.16654983162879944 -0.19599787890911102 0.030734211206436157 0.10295374691486359 -0.1211089938879013 
0.052664149552583694 0.1887076050043106 -1.0499682426452637 -0.10397124290466309 -0.4076796770095825 -0.1984652280807495 -0.20621882379055023 -0.3413764536380768 -0.18950241804122925 -0.3467184901237488 -0.001998376566916704 -0.17269034683704376 -0.14543302357196808 -0.8479427695274353 -0.8232213258743286 0.0031749282497912645 -1.7801753282546997 0.06361212581396103 -0.24886499345302582 0.15561743080615997 0.05888587608933449 -1.1150048971176147 1.3996864557266235 -1.5375230312347412 -0.10950072854757309 -0.2458873838186264 0.26893317699432373 -0.08837995678186417 1.1732797622680664 0.46036580204963684 0.5751436352729797 -0.1673731505870819 -0.8301416039466858 0.28249210119247437 0.7358847260475159 0.4534241855144501 2.2180681228637695 0.23682302236557007 0.8551126718521118 0.36614665389060974 0.30115747451782227 1.5240086317062378 0.24477390944957733 0.38961002230644226 0.003629092127084732 1.3575983047485352 0.10794292390346527 0.4229629635810852 -0.26524993777275085 -0.24074365198612213 
0.09130498021841049 0.09841161221265793 -0.20421673357486725 0.09045957773923874 -0.08503489196300507 -0.25767916440963745 -0.2829560935497284 -0.12272275984287262 -0.33725613355636597 -0.09368175268173218 -0.3092769384384155 0.21092018485069275 -0.23496957123279572 0.020491955801844597 -0.32961615920066833 0.00241192989051342 -0.28834474086761475 0.1313050240278244 -0.08047722280025482 -0.23131632804870605 0.3381820023059845 -0.27658405900001526 -0.08201929926872253 -0.42712414264678955 -0.09245041757822037 -0.1123926118016243 0.14078286290168762 0.17532877624034882 0.3085503876209259 0.24834929406642914 0.08204413205385208 -0.2143658697605133 -0.43669193983078003 0.27450546622276306 0.041396282613277435 -0.1987527757883072 0.40251246094703674 0.2380029559135437 0.1319650411605835 0.05245007202029228 0.02701105736196041 0.26020634174346924 -0.17984622716903687 0.3505178987979889 -0.08861586451530457 0.11360284686088562 -0.13591031730175018 0.1674024611711502 -0.09475374966859818 -0.30509331822395325 
-0.17804047465324402 -0.1511344611644745 -0.6275240778923035 0.35017406940460205 -1.365964412689209 0.43721359968185425 -0.1434258222579956 -0.014434050768613815 -0.07347378134727478 -0.1259787678718567 0.5685889720916748 -0.27130237221717834 -0.011158809065818787 0.4156460762023926 -0.5492466688156128 0.03873436525464058 -0.06266415119171143 -0.4778181314468384 -0.16194291412830353 0.10102768242359161 0.5748792290687561 -0.12803280353546143 -0.37751615047454834 0.08493940532207489 0.15155547857284546 -0.31638863682746887 -0.5263603329658508 -0.048049408942461014 -0.08225228637456894 -0.3357694745063782 0.032136574387550354 0.05303293839097023 0.09095068275928497 0.41647762060165405 -0.12529195845127106 -0.05056345462799072 -0.12628652155399323 -0.27210506796836853 -0.6589464545249939 0.36157503724098206 0.05463594198226929 0.056566644459962845 -0.18276695907115936 0.024356087669730186 0.08835508674383163 -0.3987948000431061 -0.09837798774242401 0.17180106043815613 0.022767361253499985 0.46881863474845886 
0.010792707093060017 0.17959710955619812 -0.12032651901245117 -0.10479265451431274 0.19310329854488373 -0.14042504131793976 -0.16455639898777008 -0.11773476749658585 -0.09093429893255234 0.03139765188097954 -0.21192336082458496 -0.06604728102684021 -0.06730984151363373 -0.33904626965522766 0.06807070970535278 -0.06129325553774834 0.07440485060214996 -0.04426970332860947 -0.13863158226013184 -0.3726624846458435 -0.1770634800195694 -0.08096349984407425 0.2067483365535736 -0.1492270678281784 -0.03542875126004219 -0.07276603579521179 -0.125766322016716 0.07833848148584366 -0.4126911461353302 -0.03218865394592285 0.2327139973640442 -0.18697276711463928 0.18911601603031158 -0.00992248859256506 -0.2219090759754181 -0.08141937106847763 -0.0041684419848024845 0.11215172708034515 0.06972572952508926 0.04728562757372856 -0.14657171070575714 0.03964725881814957 -0.07188868522644043 0.12290344387292862 0.1501452475786209 0.06762201339006424 0.0501229427754879 -0.07280036807060242 -0.03565054014325142 -0.20812110602855682 
-0.1739903837442398 0.39347806572914124 -0.2443513572216034 0.4902649223804474 -0.008335166610777378 -0.4274634122848511 -0.204365074634552 -0.20699912309646606 0.31967175006866455 -0.24432633817195892 0.22111552953720093 0.10006611049175262 -0.4548124074935913 -0.5790343284606934 -0.8344829678535461 -0.134128138422966 -0.44676753878593445 -0.15929310023784637 -0.2323215752840042 0.23248103260993958 0.016773449257016182 -0.4157554805278778 0.8273476958274841 -0.4498831033706665 -0.2613457143306732 -0.7979552745819092 0.3652540147304535 -0.1334519237279892 0.9361660480499268 0.30292588472366333 0.07682029902935028 0.04536861926317215 -0.3145264685153961 0.2739245295524597 0.49412888288497925 0.22960585355758667 1.4304953813552856 0.011928762309253216 0.42805102467536926 0.16308458149433136 0.15477971732616425 1.4007375240325928 0.022632336243987083 0.3434354066848755 0.11404331773519516 1.1452783346176147 -0.09519276767969131 0.16471870243549347 -0.44458863139152527 -0.05185769498348236 
-0.12115545570850372 0.6350927948951721 -0.5281538367271423 -0.41116267442703247 0.06516961008310318 -0.1727704256772995 -0.024513984099030495 -0.22350142896175385 -0.2324219048023224 -0.2333039492368698 0.08205631375312805 0.006353274453431368 -0.21165090799331665 -1.3880892992019653 0.14289221167564392 -0.1496591567993164 -0.9781453609466553 0.1861652135848999 -0.11753696203231812 0.1735515296459198 0.10744044929742813 -0.6333652138710022 1.5695292949676514 -1.1123439073562622 -0.3058525323867798 0.09085946530103683 0.34070876240730286 -0.11309979856014252 0.18273665010929108 0.38161253929138184 0.42940554022789 -0.49802377820014954 -0.3707798719406128 0.1450873166322708 0.03552578389644623 0.16804766654968262 0.982062578201294 0.3186025023460388 0.8983319997787476 -0.09860818833112717 -0.1368524581193924 0.6307156682014465 0.19343450665473938 0.2576514780521393 0.13492515683174133 0.7437600493431091 0.2707987427711487 0.05900399386882782 -0.2705138325691223 -0.36030474305152893 
-0.017815126106142998 -0.21001967787742615 0.204988032579422 -0.32905882596969604 -0.18199467658996582 0.15045702457427979 0.3295128643512726 0.24031268060207367 0.14171747863292694 -0.009480394423007965 0.4677373766899109 -0.0617186464369297 0.1050221398472786 0.31179091334342957 0.23954497277736664 -0.30680233240127563 0.5119486451148987 0.008058729581534863 -0.15058909356594086 0.5629372596740723 -0.2714737057685852 0.3489779829978943 -0.4149095416069031 0.37322813272476196 -0.043115850538015366 0.241437166929245 -0.003886700142174959 -0.5789443850517273 0.0019174745539203286 -0.05415186285972595 -0.3496052026748657 0.17450940608978271 0.32985615730285645 -0.5946937799453735 0.11193667352199554 -0.10342440754175186 -0.14289802312850952 -0.18834950029850006 -0.40034782886505127 -0.35988008975982666 -0.13345392048358917 -0.11488005518913269 0.10910091549158096 -0.2527545094490051 -0.00908503495156765 -0.08997649699449539 0.0911422073841095 -0.06185029074549675 -0.07647089660167694 0.5081106424331665 
0.026369579136371613 -0.12245062738656998 0.05850877985358238 -0.19688645005226135 0.11696365475654602 0.15372489392757416 0.017497656866908073 -0.034090571105480194 0.16441133618354797 0.016798220574855804 -0.13470903038978577 -0.11074025183916092 0.2720178961753845 0.0068653179332613945 -0.01277676410973072 0.0902102068066597 0.07774493843317032 -0.13094526529312134 0.27154502272605896 -0.02894379012286663 0.3886626660823822 0.20908713340759277 -0.09784693270921707 0.24784570932388306 -0.0007314679096452892 0.39588430523872375 -0.059132128953933716 0.11001961678266525 -0.49382051825523376 -0.324211061000824 -0.19381554424762726 0.13433414697647095 0.0983094647526741 -0.10849858075380325 -0.6520249843597412 0.07064762711524963 -0.5487229228019714 -0.06071377545595169 -0.4508204162120819 -0.06705264002084732 -0.13235829770565033 -0.4135131537914276 -0.04329993203282356 -0.06790608912706375 0.004354800563305616 -0.44157543778419495 -0.11427900940179825 -0.161958247423172 0.03152695670723915 0.07083749771118164 
0.2112560272216797 -0.0727681815624237 0.11024481058120728 0.05221916362643242 0.13046544790267944 -0.04920274391770363 0.1333216428756714 -0.029955586418509483 -0.059660281985998154 0.11815465241670609 -0.14753302931785583 0.06652288883924484 -0.06973450630903244 0.3266894817352295 0.03703823313117027 0.03318304568529129 0.1926567703485489 0.23867164552211761 0.009526261128485203 -0.04780035465955734 -0.1293068826198578 -0.021400103345513344 -0.1269424855709076 0.16975392401218414 0.13626675307750702 -0.060007113963365555 -0.16989357769489288 0.00980298314243555 -0.0638495609164238 0.23284243047237396 -0.08077353984117508 -0.05743616819381714 -0.0028975564055144787 -0.22045284509658813 0.13746875524520874 -0.14736831188201904 0.06455951184034348 -0.006846559699624777 -0.009495513513684273 0.05356607586145401 0.004279073793441057 -0.07812242209911346 -0.11563330888748169 -0.1111622303724289 -0.04966955631971359 -0.07466456294059753 0.03673894703388214 -0.06519891321659088 0.159806489944458 -0.1758032590150833 
-0.13414070010185242 -0.07714932411909103 -0.6085081696510315 0.08415523171424866 -1.014432668685913 0.026649517938494682 -0.11801288276910782 0.010722886770963669 0.04340318217873573 0.07934310287237167 0.5046862959861755 -0.5862571001052856 -0.1327325850725174 -0.04863221198320389 -0.3428705334663391 -0.19815753400325775 -0.07511916011571884 -0.46007442474365234 -0.10145564377307892 0.18765084445476532 0.08971844613552094 -0.03429669141769409 0.09154012799263 -0.036383550614118576 -0.039890263229608536 0.025072777643799782 -0.34889665246009827 -0.27386474609375 0.1434720903635025 -0.35437312722206116 0.1555955559015274 0.1520254909992218 0.00044711216469295323 -0.03628123179078102 0.11371906101703644 -0.046856530010700226 -0.05903125926852226 -0.03434585779905319 -0.27091071009635925 -0.07407861202955246 0.08617056906223297 0.12178654968738556 -0.12086895853281021 -0.06759084016084671 0.0073222327046096325 0.04387412220239639 -0.06684807687997818 -0.020671656355261803 0.0443287119269371 0.14357644319534302 
0.15658800303936005 0.054317668080329895 -0.12408486008644104 0.31255146861076355 -0.11118140816688538 0.23552021384239197 -0.28159454464912415 -0.10595235973596573 -0.17464452981948853 0.07114637643098831 -0.37963032722473145 -0.11373473703861237 0.0128850769251585 -0.3958911597728729 0.01727338507771492 0.07533835619688034 0.03725558891892433 0.06708774715662003 0.018306301906704903 -0.16655951738357544 -0.02793271839618683 -0.09480094909667969 0.5670186281204224 -0.0661216452717781 -0.030563469976186752 0.054172273725271225 -0.024310579523444176 0.21846753358840942 -0.19598910212516785 -0.07925359159708023 0.02267453633248806 -0.12280387431383133 0.28726455569267273 0.1732662320137024 0.08409172296524048 -0.0065122139640152454 0.2495889663696289 0.1575114130973816 0.2490466833114624 0.057329922914505005 -0.08030801266431808 0.29281771183013916 -0.02713645249605179 0.23447094857692719 0.07379862666130066 0.3824697434902191 -0.24470274150371552 0.022947611287236214 -0.12102451920509338 -0.3406810462474823 

-0.2990851402282715 -0.23818959295749664 -0.6303548812866211 0.21808423101902008 -0.17464996874332428 -0.39559730887413025 0.0038718951400369406 -0.3047705590724945 -0.22726590931415558 0.6051624417304993 -0.287941575050354 0.2731814682483673 -0.2442263811826706 -0.37034568190574646 0.5463165044784546 -0.1911240667104721 0.34565621614456177 0.25711482763290405 0.384659081697464 -0.20635652542114258 -0.08996964246034622 0.35851210355758667 -0.25844618678092957 0.5806907415390015 -0.05592622235417366 0.2085120528936386 -0.2388346791267395 0.2083519548177719 -0.23676764965057373 0.25358694791793823 -0.352377325296402 -0.33008119463920593 -0.2486264556646347 -0.25038769841194153 0.28971394896507263 0.31129974126815796 -0.022434856742620468 0.2938101291656494 -0.4011633098125458 -0.5660016536712646 -0.2105284482240677 -0.47128984332084656 0.2629851698875427 0.4150426983833313 -0.3450462818145752 -0.2670201063156128 0.17302945256233215 -0.20339858531951904 -0.2965673804283142 0.15605518221855164 
BIAS:
0.23477545380592346 -0.18910278379917145 1.1072053909301758 -0.5491344928741455 0.6300397515296936 0.06833074241876602 0.3745364546775818 0.07445847243070602 -0.38397008180618286 0.585131049156189 -0.48532265424728394 0.31323695182800293 -0.018822558224201202 0.28402411937713623 0.9485166668891907 0.30117735266685486 0.6274021863937378 0.5356394648551941 0.2687501609325409 -0.4130161702632904 -0.452475905418396 0.45923736691474915 -0.49845001101493835 0.6913424134254456 0.4007968306541443 0.4136708676815033 -0.18824726343154907 0.4728403389453888 -0.6720258593559265 -0.020301979035139084 -0.18120230734348297 -0.07775984704494476 0.5228414535522461 -0.587463915348053 -0.34241876006126404 -0.7666593790054321 -0.9893897771835327 0.2465721070766449 -0.20961108803749084 -0.5469763875007629 -0.3655787408351898 -0.7752683162689209 -0.5055730938911438 -0.7348804473876953 -0.13499502837657928 -0.5439021587371826 -0.19042149186134338 -0.3770662546157837 0.30828768014907837 -0.4037775993347168 

0.004599519539624453 0.1489589661359787 -0.08949588984251022 0.1321098506450653 0.15205521881580353 -0.20414409041404724 0.05248739570379257 0.10233985632658005 0.09060110151767731 -0.3027215003967285 0.034710463136434555 -0.11413276195526123 0.05333615094423294 0.14305035769939423 -0.09104741364717484 0.0828547477722168 -0.2851335406303406 0.09378696233034134 0.01242614071816206 0.13875886797904968 0.13855616748332977 -0.2231443226337433 0.20056387782096863 0.13530492782592773 0.1847706139087677 -0.05217759311199188 -0.07717978954315186 0.03674210235476494 -0.08829443901777267 0.12145315110683441 0.030328575521707535 -0.09403238445520401 0.15392403304576874 -0.10611144453287125 -0.05212106555700302 -0.15105147659778595 0.07173234224319458 0.08842408657073975 0.023858075961470604 -0.2997153401374817 0.06899777799844742 -0.1596188098192215 0.003281672950834036 -0.22300449013710022 -0.18388690054416656 -0.04375240579247475 0.03985966369509697 0.16949905455112457 -0.0413036122918129 0.08590354025363922 

-0.04603930562734604 