1
5                  50                  50                  1
8.385207176208496 0.896817147731781 0.43299970030784607 192.17037963867188 3.4093198776245117 
-0.36217039823532104 -1.2008874416351318 0.08893681317567825 47.70822525024414 -0.32652023434638977 
3.536620616912842 
-0.9720711708068848 
WEIGHT:
-1.121228814125061 3.053075075149536 0.33869296312332153 -0.8545018434524536 -0.8443753719329834 
0.00303131272085011 0.361672043800354 0.5097490549087524 0.28848278522491455 -0.44332200288772583 
-0.7835568785667419 -0.7269991040229797 -0.9847537279129028 1.9505302906036377 0.2768428325653076 
0.448281854391098 -0.46743205189704895 -0.7867072820663452 0.26785826683044434 -0.6143063306808472 
-0.2640029489994049 -1.1396102905273438 1.237862229347229 -0.1454879492521286 -0.23139864206314087 
-1.9364598989486694 -1.1144827604293823 -1.731532335281372 1.2465927600860596 -1.7684412002563477 
0.43744590878486633 0.08199769258499146 0.29279908537864685 0.9721755385398865 0.9584490060806274 
-1.1023763418197632 1.1639068126678467 -0.9981212615966797 0.7593112587928772 -0.5803584456443787 
0.6923098564147949 -0.511735200881958 -0.2407657951116562 -0.05720078945159912 -0.8637399077415466 
0.2813062369823456 0.8215577006340027 -0.8012003898620605 0.09724611043930054 0.2772837281227112 
-0.40815022587776184 -0.7236121892929077 3.283705472946167 0.8270551562309265 -0.09841514378786087 
-0.26890668272972107 1.498387336730957 -1.377952218055725 -0.7577145099639893 1.0499929189682007 
-0.010955528356134892 2.8393852710723877 0.7110433578491211 -0.8127666115760803 0.7382696866989136 
-0.7045614123344421 -0.5137379765510559 0.6657879948616028 0.5956017971038818 -0.5431230664253235 
-0.5200362801551819 0.596853494644165 -0.3262331485748291 0.7035707831382751 1.487890362739563 
-1.0835700035095215 0.3699893057346344 -2.1211190223693848 -0.30314579606056213 0.6477002501487732 
0.4871487319469452 1.189258098602295 0.5017256140708923 -0.364595890045166 0.6265637874603271 
-0.13314616680145264 0.24384130537509918 -1.3405743837356567 1.0051699876785278 -0.2877168357372284 
0.3307473659515381 -1.3256301879882812 -0.18938402831554413 -0.23225055634975433 -0.4427528381347656 
-0.7384966015815735 0.6573567986488342 -0.3971380889415741 -0.8932244777679443 0.01972275972366333 
1.1631742715835571 -0.16285870969295502 -0.21056349575519562 0.39516082406044006 0.6630521416664124 
-0.295571506023407 -0.027643447741866112 1.2461776733398438 -0.38289639353752136 -0.3923362195491791 
-0.6508966088294983 0.7895474433898926 0.38882336020469666 -0.031797584146261215 -0.11128579080104828 
1.2992357015609741 -0.7465935945510864 0.009212026372551918 0.8241943120956421 -0.10282435268163681 
0.4128686189651489 0.731046199798584 -0.4372442662715912 -0.3158382177352905 0.34276148676872253 
0.09157237410545349 -0.57676100730896 -0.3007732331752777 -1.972306489944458 1.435497522354126 
-0.18982382118701935 -0.20488104224205017 0.4047708809375763 -0.15302245318889618 -0.3802868723869324 
-0.09153112769126892 -0.454264372587204 -0.02651972509920597 0.6712806820869446 -0.22424747049808502 
0.23664064705371857 1.1306036710739136 -0.34012261033058167 0.4772973954677582 0.06804688274860382 
4.073516845703125 3.806565523147583 1.5483779907226562 -2.118555784225464 0.09296491742134094 
-0.19529682397842407 -0.711211621761322 0.6555984616279602 1.0031474828720093 -0.16416357457637787 
0.003868285333737731 -0.8504655361175537 -0.03546638414263725 -2.4267187118530273 0.34388187527656555 
-0.06867155432701111 -0.9708932042121887 0.7542670369148254 -0.05172738805413246 -0.22645559906959534 
-0.7858367562294006 -0.87766432762146 0.6909065246582031 0.20261727273464203 0.14201679825782776 
0.6036527752876282 0.015230012126266956 1.1832741498947144 1.1835262775421143 0.41274401545524597 
-0.2566651999950409 -0.6061745882034302 0.1295774132013321 0.31424304842948914 -0.24752584099769592 
0.0007642371929250658 -0.7703656554222107 1.0858442783355713 0.4962015748023987 0.010008295997977257 
-0.3705061078071594 -0.7629123330116272 -1.6040303707122803 -0.11257605999708176 -0.6807041764259338 
-0.47255173325538635 -0.8670157194137573 -0.8089756369590759 -0.5512167811393738 0.21565844118595123 
1.0562074184417725 -0.1337369978427887 0.598388671875 1.6641370058059692 -0.0036576546262949705 
-0.8992252945899963 0.00122528662905097 1.153760552406311 0.45142123103141785 0.0001466751127736643 
1.6565841436386108 2.381526231765747 -0.32851216197013855 0.3681579530239105 -1.281337022781372 
-0.36057987809181213 0.5383605360984802 -0.03175841271877289 -0.2513250410556793 0.7009711861610413 
-0.2104758769273758 -0.4069764316082001 -0.19345764815807343 0.34820491075515747 -0.7562363743782043 
-0.5998290777206421 -1.0341538190841675 -0.9866167306900024 0.9679417014122009 -0.3891142010688782 
0.39052340388298035 -0.8187748789787292 0.6090835928916931 0.45613837242126465 -0.6665812134742737 
1.1333091259002686 -0.8239327073097229 1.044925570487976 -1.7706005573272705 0.895886242389679 
-0.6267572045326233 0.4960281252861023 -0.33191704750061035 -0.4163007140159607 -0.7934313416481018 
-0.4853527247905731 -0.2932989001274109 0.1690887212753296 0.7712171673774719 -0.41331979632377625 
-0.4900439977645874 0.47819679975509644 -0.3250795900821686 -0.061073627322912216 1.0603042840957642 

-0.05393394082784653 -0.1302059441804886 -0.0248369500041008 0.5426272749900818 -0.319912850856781 0.14191047847270966 -0.14114107191562653 0.13845966756343842 0.08183122426271439 0.08866452425718307 -0.5931028723716736 -0.0178359504789114 -0.061182405799627304 -0.25267767906188965 0.05062301456928253 0.3177691102027893 0.019932057708501816 0.03888240456581116 -0.0036830278113484383 0.0386342853307724 -0.15901389718055725 -0.2158631980419159 -0.04157034307718277 0.2575046420097351 -0.2698449492454529 0.24540407955646515 -0.1432473510503769 0.038784969598054886 -0.012868192046880722 -0.10396939516067505 -0.1698104292154312 -0.30286160111427307 -0.36380019783973694 -0.24384987354278564 -0.6558319330215454 -0.03720038756728172 -0.4025737941265106 0.5325844883918762 0.1360596865415573 0.04035557433962822 -0.19857116043567657 0.008379954844713211 0.067239910364151 0.03864017501473427 0.05585866793990135 -0.1757892668247223 -0.05808347091078758 0.3352111876010895 -0.08319219201803207 -0.049007728695869446 
-0.2933356463909149 -0.22487428784370422 0.024843640625476837 0.48637655377388 0.05547093600034714 0.20667853951454163 -0.052266545593738556 -0.16897620260715485 0.23016533255577087 -0.005093350075185299 -0.19029155373573303 -0.1909119337797165 -0.13906988501548767 0.1442054659128189 0.5975847840309143 0.16531170904636383 -0.5185349583625793 0.047612547874450684 -0.13104915618896484 -0.3405624032020569 0.14285477995872498 -0.0693514347076416 -0.5035866498947144 0.31917333602905273 -0.10698685795068741 -0.09201647341251373 0.13960424065589905 0.10610077530145645 -0.16352470219135284 -0.35059604048728943 0.28074005246162415 0.09009522199630737 0.06599090248346329 0.2200869917869568 -0.4999718964099884 0.10439940541982651 0.13337428867816925 0.20191867649555206 -0.021222436800599098 -0.2552014887332916 -0.06162851303815842 -0.1927461475133896 -0.3873347043991089 0.25581708550453186 0.10154030472040176 0.06707575172185898 -0.28201985359191895 -0.05749675631523132 0.2003287374973297 0.37319180369377136 
-0.7878227233886719 0.17225444316864014 -0.3101823031902313 0.7197332978248596 -0.0775337815284729 -0.0662602037191391 0.18045049905776978 -0.367418497800827 0.7761425375938416 -0.6574695706367493 -0.021952224895358086 -0.0938531756401062 -0.6194157004356384 0.20061185956001282 -0.70107501745224 -0.1541713923215866 -0.1266907900571823 -0.2653018534183502 0.6529330611228943 0.044488776475191116 0.10415326803922653 -0.3893660604953766 -0.7079125642776489 0.27165713906288147 -0.19756467640399933 1.0142910480499268 0.027115151286125183 0.00864013098180294 -0.28787311911582947 -0.3899090588092804 -0.004763141740113497 0.15191638469696045 0.1355992555618286 -0.13390864431858063 0.1366051584482193 -0.0045015146024525166 0.08634432405233383 0.034230224788188934 0.14526484906673431 0.13104864954948425 -0.23696990311145782 -0.19095078110694885 -0.2951430678367615 0.03858651593327522 -0.29239970445632935 0.20285727083683014 0.34674331545829773 -0.5313659906387329 0.09266934543848038 -0.4570002257823944 
-0.13563324511051178 -0.1391819268465042 -0.06559208035469055 0.6591735482215881 0.10417170822620392 -0.23685908317565918 -0.22620785236358643 -0.31288984417915344 0.5201388001441956 0.19983771443367004 -0.0348193421959877 -0.07628738880157471 0.022919515147805214 0.11229141801595688 -0.20871204137802124 -0.04347056895494461 -0.24661971628665924 -0.27130407094955444 -0.21583138406276703 0.1196863055229187 -0.12189841270446777 -0.06561709195375443 -0.5213349461555481 0.19364382326602936 -0.023644620552659035 0.9584040641784668 0.007357989437878132 0.24173329770565033 -0.16147153079509735 -0.1824503391981125 0.07694052904844284 0.5570910573005676 0.1673128604888916 0.22698907554149628 0.030770234763622284 0.1790429800748825 0.2831859588623047 0.23244544863700867 -0.0847223550081253 0.12581142783164978 0.13363483548164368 -0.23453466594219208 0.036085281521081924 0.05368415266275406 -0.055679209530353546 0.12202180922031403 0.45643553137779236 -0.08691342175006866 0.17432832717895508 -0.09572463482618332 
-0.29910069704055786 0.07536730170249939 -0.21081633865833282 0.10987233370542526 -0.19093605875968933 -0.118105947971344 -0.18755386769771576 0.38156840205192566 -0.41761261224746704 0.10350888222455978 -0.25846412777900696 -0.0427420474588871 -0.17035631835460663 -0.09215427190065384 0.2638198137283325 0.3700385093688965 -0.2803732752799988 0.00492175342515111 -0.3005169630050659 -0.4787270724773407 0.048245854675769806 -0.3960822820663452 -0.5263193845748901 0.24735106527805328 0.0027832910418510437 -0.21707196533679962 -0.2369082123041153 0.38680678606033325 -0.06366351246833801 -0.06591072678565979 -0.1985674649477005 -0.4992344379425049 -0.13539524376392365 -0.0009317428921349347 -0.5242817401885986 -0.0007919603958725929 -0.1377972960472107 0.11750222742557526 -0.18950815498828888 0.07420233637094498 -0.14560671150684357 -0.004667743109166622 -0.06643731147050858 0.06556128710508347 -0.15054398775100708 -0.008835389278829098 -0.47071337699890137 -0.21906715631484985 -0.020091213285923004 0.278197705745697 
-0.28858745098114014 0.14854921400547028 -0.39366480708122253 -0.29779279232025146 -0.0035846366081386805 0.028372693806886673 -0.10412582010030746 0.14076073467731476 -0.9377493262290955 -0.1687130331993103 0.31186798214912415 0.02742576412856579 -0.06804700940847397 -0.27487844228744507 0.7282346487045288 0.09503141790628433 -0.2560349106788635 0.15921668708324432 -0.5147146582603455 -0.34610453248023987 -0.19302916526794434 0.2683177888393402 0.2592930197715759 -0.24053210020065308 -0.01813563145697117 -0.5357810854911804 -0.04422885924577713 -0.15153507888317108 -0.08111990243196487 -0.21093299984931946 -0.2615939974784851 -0.5153812170028687 -0.0186319537460804 -0.26023954153060913 0.27489006519317627 -0.023167768493294716 -0.07952933013439178 0.10030537843704224 -0.4508303999900818 0.02476000413298607 0.37907707691192627 -0.09162040799856186 -0.06520193070173264 -0.017373712733387947 -0.24778369069099426 0.061045680195093155 -0.26391535997390747 0.2834629416465759 -0.20820114016532898 0.3260500431060791 
0.09529557824134827 -0.12296469509601593 -0.23750045895576477 -0.5991504788398743 0.04076467826962471 -0.04619697108864784 0.21389815211296082 -0.28360480070114136 -1.2776647806167603 -0.11188579350709915 0.1874561905860901 0.16917338967323303 -0.04551418498158455 0.13812416791915894 0.19813233613967896 -0.029858501628041267 0.10450205206871033 -0.18292339146137238 -0.14060069620609283 -0.01840081624686718 -0.084942527115345 -0.20190396904945374 0.05307542905211449 -0.04508262872695923 0.13090449571609497 0.11642659455537796 -0.01592542976140976 0.03361964225769043 0.22223569452762604 0.14136743545532227 0.045033589005470276 0.047282781451940536 0.1547946333885193 0.10375921428203583 0.1816241592168808 0.05981815606355667 0.15040424466133118 -0.23591551184654236 0.10159222036600113 0.0158663559705019 0.16482804715633392 0.3103167414665222 0.19588027894496918 -0.005999708082526922 0.012273465283215046 0.11378242820501328 0.11979616433382034 0.10236519575119019 0.043782006949186325 0.2238132208585739 
-0.09905213117599487 -0.06906548887491226 -0.12878037989139557 0.4909365773200989 -0.150812566280365 0.22235547006130219 -0.3492911756038666 -0.020496031269431114 0.01609160006046295 -6.297707295743749e-05 -0.629584014415741 -0.30774667859077454 -0.04300900921225548 -0.16349764168262482 -0.05394576117396355 0.2446395605802536 -0.006642376538366079 -0.10238680988550186 -0.09969793260097504 -0.3898388743400574 -0.14634659886360168 -0.24491652846336365 -0.10496175289154053 0.22594121098518372 -0.2682340741157532 0.30186727643013 -0.03316603973507881 0.08526235818862915 -0.01772875152528286 -0.11157474666833878 0.017420371994376183 -0.16567596793174744 -0.13599073886871338 -0.08396760374307632 -0.4973461329936981 -0.038721032440662384 -0.10981138050556183 0.9221144914627075 0.3045496344566345 -0.06576970964670181 -0.33562353253364563 0.042489636689424515 -0.002602019812911749 0.2969161868095398 0.22179779410362244 -0.017352614551782608 0.10593907535076141 0.18559089303016663 -0.1069033145904541 0.03535914048552513 
-0.598831295967102 0.200799360871315 -0.4949604868888855 0.6206480860710144 0.0513765774667263 -0.04720326140522957 0.15380720794200897 0.13168099522590637 -0.13520312309265137 0.2803923785686493 0.10138821601867676 -0.822415292263031 -0.4639895558357239 0.06710506975650787 0.4953846037387848 0.32479819655418396 -0.28383028507232666 -0.2549724876880646 -0.5322030186653137 -1.2883630990982056 0.29106423258781433 -0.5019105076789856 -0.8716092109680176 0.8092286586761475 -0.5670735239982605 -0.6426867842674255 -0.025597188621759415 0.6165687441825867 -0.357535183429718 -0.45978087186813354 -0.16191108524799347 -0.21148556470870972 0.13217446208000183 -0.28222987055778503 0.09686119854450226 0.20415149629116058 0.06557554006576538 0.2666870951652527 -0.4376339912414551 0.720336377620697 -0.07736465334892273 -0.26705652475357056 -0.1997825801372528 0.04677197337150574 -0.3823022246360779 0.3620609641075134 -0.1428077071905136 -0.8576201796531677 0.10978598147630692 0.7056193947792053 
-0.19032058119773865 -0.03041134588420391 -0.35931459069252014 -1.0361943244934082 0.4037363529205322 -0.24711942672729492 -0.15979008376598358 -1.011020541191101 -0.33714842796325684 -0.1754736751317978 0.6541392207145691 0.3210160434246063 -0.09552524983882904 -0.08329024910926819 -0.5182841420173645 -1.9015721082687378 -0.3263780176639557 -0.21863040328025818 -0.14691734313964844 0.0874992236495018 -0.041291169822216034 0.5348165035247803 -0.09471946954727173 0.14489129185676575 0.004382480401545763 0.8369012475013733 0.36380359530448914 0.008312373422086239 0.06212594732642174 -0.3490248918533325 0.48670125007629395 0.7011721730232239 0.40097418427467346 0.0977909192442894 0.8667095899581909 0.11638546735048294 0.3953254818916321 -0.45089906454086304 -0.3513104319572449 0.16928322613239288 0.3107632100582123 -0.5840776562690735 -0.299959272146225 0.10295012593269348 -0.24965476989746094 0.3038589358329773 0.3082936704158783 -0.46837183833122253 -0.08499844372272491 -0.42397400736808777 
-0.015989098697900772 -0.06303852051496506 0.012263264507055283 0.2471190094947815 0.0206148698925972 0.05053500831127167 0.1748391091823578 -0.42449477314949036 0.21048952639102936 0.06077355518937111 -0.09782129526138306 -0.013884318061172962 -0.07168398052453995 0.016618579626083374 -0.03949965164065361 -0.6281911730766296 -0.2795214354991913 0.053775083273649216 0.01282500009983778 -0.025255324319005013 0.4884340763092041 0.2817450761795044 -0.14000268280506134 0.36758431792259216 0.09590736031532288 -0.2541573643684387 0.1945102959871292 0.20511092245578766 -0.010734773240983486 -0.3103872835636139 0.553219735622406 0.15846829116344452 0.011658694595098495 0.08513618260622025 0.40337032079696655 0.14789192378520966 0.21289481222629547 0.06114611029624939 -0.17036394774913788 0.19842174649238586 -0.12277421355247498 -0.3395204544067383 -0.42908233404159546 0.13323929905891418 0.1366133689880371 0.1117899939417839 0.29479560256004333 0.08751727640628815 0.19902274012565613 -0.16411031782627106 
-0.14072786271572113 -0.0614679679274559 0.06715629994869232 0.352301687002182 0.28926360607147217 -0.0014307994861155748 0.15171635150909424 -0.06253037601709366 0.7240621447563171 -0.012576756067574024 0.28107112646102905 0.38308268785476685 0.12039391696453094 0.13913822174072266 -0.6708868145942688 -0.12317907810211182 0.24170131981372833 0.059348903596401215 0.2287893295288086 0.004999944008886814 0.2699089050292969 0.11862295120954514 -0.15452244877815247 0.05100442096590996 0.4338568150997162 0.1177583858370781 0.004199321381747723 -0.12796223163604736 0.17041507363319397 0.2272852659225464 0.02057780511677265 0.19454404711723328 0.2194654494524002 0.1907452940940857 0.04971686005592346 0.055385950952768326 0.000746110687032342 -0.06326121091842651 -0.2683105170726776 -0.13012845814228058 -0.10892608016729355 0.1307980716228485 0.014957918785512447 -0.09708808362483978 -0.2310676872730255 0.1776365488767624 0.11604458093643188 -0.12699368596076965 -0.06068249046802521 -0.45524460077285767 
-0.3702584505081177 0.034046467393636703 -0.31433215737342834 -0.5693732500076294 0.3630017340183258 -0.10085081309080124 -0.3494017720222473 -0.5489069223403931 -0.4791121780872345 -0.3208669424057007 0.5415860414505005 0.11085491627454758 -0.12753692269325256 0.22626690566539764 -0.46832579374313354 -2.1817166805267334 -0.3239693343639374 -0.17508313059806824 -0.08909963816404343 -0.2347036451101303 0.07598559558391571 0.13080842792987823 -0.19103184342384338 -0.1300937533378601 0.11144481599330902 -0.5064903497695923 0.2100277841091156 -0.03390295058488846 -0.4130261540412903 -0.157819002866745 0.2604047656059265 0.2938530147075653 0.4093148410320282 0.25780537724494934 0.30100491642951965 -0.015096575953066349 0.5113507509231567 -0.6413737535476685 -0.5883359313011169 0.23651880025863647 0.03703832998871803 -0.5544940829277039 -0.30931317806243896 -0.008526818826794624 -0.24384503066539764 0.2316705286502838 0.3217225670814514 -0.5362178683280945 0.05728502944111824 -0.35912373661994934 
-0.10092348605394363 -0.016827242448925972 0.05161193758249283 -0.0849737897515297 0.08067551255226135 0.08000180125236511 -0.12925602495670319 -0.019330663606524467 -0.23175838589668274 0.2344217598438263 0.1003265529870987 -0.08975911885499954 -0.15755529701709747 0.05342516675591469 0.09034314006567001 -0.4973912537097931 -0.24555081129074097 0.03145664557814598 -0.20962417125701904 -0.22590702772140503 0.10541980713605881 0.23308543860912323 -0.2952047884464264 0.35607028007507324 -0.10509197413921356 0.031315162777900696 0.10880406945943832 0.2994513213634491 -0.3401738107204437 -0.26264384388923645 0.24542053043842316 0.17294828593730927 0.20360682904720306 0.021488098427653313 0.37278544902801514 0.11273980885744095 0.32907989621162415 -0.10553029179573059 -0.21009661257266998 0.28316470980644226 0.18189170956611633 -0.39656710624694824 -0.16915260255336761 0.2030887007713318 0.060775283724069595 0.2813144326210022 0.41596344113349915 -0.11891380697488785 0.2425217628479004 0.028022048994898796 
0.13365958631038666 0.0526244193315506 -0.14985696971416473 0.2508426010608673 -0.4950041174888611 0.14962400496006012 0.11267226934432983 0.15647858381271362 0.11101912707090378 0.29906266927719116 -0.1634039431810379 0.17679299414157867 0.2437281608581543 -0.07272162288427353 0.4581885039806366 0.32498466968536377 -0.02842048369348049 0.1687275767326355 -0.06399182975292206 0.1659252792596817 0.18321719765663147 -0.21608567237854004 0.2330467700958252 -0.17565017938613892 0.258105605840683 -0.4885927438735962 -0.20798732340335846 -0.33307945728302 0.4486660957336426 0.2631306052207947 -0.11265916377305984 -0.6357190012931824 -0.35444751381874084 0.021722888574004173 -0.003543273312970996 -0.3472943902015686 -0.1428436040878296 0.35528436303138733 -0.036751117557287216 -0.022779902443289757 -0.052354440093040466 0.11621393263339996 -0.0044281864538788795 0.03298020362854004 -0.13684166967868805 -0.5858184695243835 -0.8583781719207764 0.002670421963557601 -0.07727060467004776 0.38012921810150146 
0.11935379356145859 -0.27363815903663635 0.34962400794029236 -0.5571439862251282 -0.0664803758263588 0.032427314668893814 -0.22054824233055115 -0.44371673464775085 -0.5901542901992798 -0.3186689019203186 0.454741507768631 0.9021748900413513 0.14242984354496002 0.10206758230924606 -0.9323068261146545 -1.7010573148727417 0.1594398468732834 0.2765127718448639 0.10711336880922318 0.8387032747268677 0.24514591693878174 -0.20587903261184692 1.2419519424438477 -1.6160584688186646 1.4607197046279907 0.012764244340360165 -0.2189827412366867 -0.3125365972518921 0.4895540177822113 0.3295229375362396 0.37197259068489075 -0.26716187596321106 -0.06680759787559509 0.14572025835514069 0.736638069152832 -0.004725971259176731 0.13107475638389587 -0.24832837283611298 -0.13661929965019226 -1.365883231163025 0.6508088707923889 0.09108324348926544 0.13403305411338806 -0.12135669589042664 0.32491064071655273 -0.6281517148017883 0.03638727590441704 -0.3994252383708954 0.006485060788691044 -0.3326725959777832 
0.327508807182312 0.08759047091007233 -0.0837021917104721 -0.3933219313621521 -0.2887345254421234 -0.299592524766922 0.08815168589353561 0.03956681489944458 -0.5700993537902832 0.20514628291130066 -0.07200243324041367 0.016909217461943626 0.17845380306243896 -0.5201858282089233 0.029853802174329758 0.15594482421875 0.06586764007806778 0.07333549857139587 -0.10745581239461899 -0.07103756070137024 0.015542082488536835 -0.27229824662208557 -0.14255470037460327 -0.36742573976516724 0.06265956163406372 0.35295528173446655 -0.35298794507980347 -0.2971732020378113 -0.13561266660690308 0.3526354134082794 -0.03759569302201271 -0.004354856442660093 -0.2296326458454132 -0.43312379717826843 -0.06411825865507126 -0.2258979231119156 -0.22445082664489746 -0.3231613039970398 0.0121342483907938 0.15125489234924316 -0.1373090147972107 0.16257214546203613 0.1668132096529007 -0.14388392865657806 -0.2164037525653839 -0.11755939573049545 0.15136459469795227 0.16350196301937103 -0.30071428418159485 -0.12728247046470642 
0.23317696154117584 -0.3950117230415344 -0.16246049106121063 -0.08493200689554214 -0.19257012009620667 0.15965916216373444 0.274471640586853 -0.3956424295902252 -0.07503727823495865 -0.06945307552814484 0.10010572522878647 0.506807804107666 0.2838346064090729 0.03830510750412941 0.30303049087524414 -0.21560172736644745 -0.023334331810474396 0.6625153422355652 0.08455803245306015 -0.003352041821926832 0.11484953761100769 0.32330143451690674 0.37239670753479004 0.10771343111991882 0.7161039113998413 0.17169666290283203 -0.1145220398902893 -0.1411740481853485 0.13349464535713196 0.2953184247016907 0.0831511914730072 -0.530790388584137 0.010305231437087059 -0.1391589492559433 -0.05189645290374756 -0.1586349755525589 0.039909567683935165 -0.25640350580215454 -0.047309283167123795 -0.09477401524782181 -0.11376722157001495 0.13365259766578674 0.11838898062705994 0.03189645707607269 0.010613379068672657 -0.22034497559070587 -0.1377561092376709 0.5485471487045288 -0.20585626363754272 0.04607976973056793 
-0.13606636226177216 -0.0008261153125204146 -0.48493194580078125 -0.2378925383090973 0.4906167984008789 -0.2032795399427414 0.177107572555542 0.1405230611562729 -0.06580796837806702 0.03332630172371864 0.34811750054359436 0.36491093039512634 -0.09538853168487549 0.1047235056757927 -0.5353689789772034 -0.07486457377672195 0.35565781593322754 -0.07318916916847229 0.10984073579311371 0.23787319660186768 0.2812157869338989 0.7023423314094543 0.4060630798339844 -0.2648218274116516 0.11034911125898361 0.08513329178094864 0.2823111116886139 -0.1193932369351387 0.23605792224407196 -0.05859882012009621 -0.1082431897521019 0.24646712839603424 0.36126941442489624 0.06883595883846283 -0.08499772101640701 0.10381465405225754 0.19463245570659637 -0.3085409104824066 -0.2365735024213791 -0.27709004282951355 0.3552820384502411 0.0661773607134819 0.22117817401885986 -0.20641404390335083 -0.45272472500801086 0.14847522974014282 0.3797776401042938 0.34760376811027527 -0.21726568043231964 -0.15121880173683167 
0.12947805225849152 -0.033799175173044205 0.18977941572666168 -0.6723818182945251 0.051597293466329575 -0.10832096636295319 -0.1460677981376648 0.2097833901643753 -1.1651173830032349 0.039949122816324234 0.03268640115857124 -0.2465800940990448 0.152818500995636 -0.09421759098768234 0.3805089294910431 0.12501296401023865 0.1833386868238449 0.201152041554451 -0.2140244096517563 -0.14613346755504608 -0.0475972518324852 0.23565185070037842 0.37893712520599365 -0.03604503720998764 -0.06080053746700287 -0.18090121448040009 0.059995852410793304 0.10569365322589874 0.3041156828403473 -0.042216941714286804 0.18865974247455597 -0.21130017936229706 0.10426579415798187 -0.011882721446454525 0.028227439150214195 -0.09292643517255783 0.12471543997526169 -0.14369310438632965 -0.08719839155673981 0.23333312571048737 0.24230819940567017 0.2233208268880844 0.07505194842815399 0.02073247916996479 0.2831665575504303 -0.012107633985579014 -0.5739993453025818 0.13394483923912048 0.04834340885281563 0.21245871484279633 
0.35226044058799744 0.17740067839622498 0.12709283828735352 0.266159325838089 -0.5426583886146545 0.4194558560848236 -0.06790237873792648 0.197842076420784 0.003269992535933852 0.3893784284591675 -0.27344977855682373 -0.06475740671157837 -0.0038785485085099936 -0.12876033782958984 0.6533882021903992 0.36276108026504517 -0.013903726823627949 0.24158579111099243 -0.23006866872310638 0.07061060518026352 0.11455037444829941 -0.14198023080825806 0.006053633987903595 0.11696717143058777 0.08280254155397415 -0.5357741713523865 -0.21322821080684662 -0.11705818772315979 0.25017744302749634 0.32241132855415344 -0.18120941519737244 -0.11470288783311844 -0.4329386055469513 -0.01286342740058899 -0.2007484883069992 -0.2056979537010193 -0.3922313451766968 0.6820999979972839 0.35489583015441895 -0.7351853251457214 0.16871368885040283 0.11521611362695694 0.1016550213098526 -0.16498759388923645 -0.037558820098638535 -0.6490222215652466 -1.2110048532485962 0.3847959637641907 -0.03714101389050484 0.5477101802825928 
0.2735852003097534 0.09989074617624283 -0.28097283840179443 -0.1032891497015953 0.30171412229537964 -0.021175429224967957 0.13471536338329315 0.0727541521191597 -0.8898413181304932 0.025190582498908043 0.9990239143371582 0.8037428259849548 0.2786179780960083 0.0017161526484414935 -0.03497162088751793 -0.05598237365484238 0.22365200519561768 0.5457558035850525 -0.10826244950294495 0.4523903429508209 0.02576102875173092 0.1759001910686493 0.6194582581520081 -0.5128774046897888 0.6909835338592529 -0.4178905487060547 0.025026457384228706 -0.29556599259376526 0.38912585377693176 0.33846867084503174 0.09159786999225616 -0.5879815220832825 0.2323477566242218 0.17306557297706604 0.17606143653392792 -0.21133987605571747 0.20232011377811432 -0.02862701192498207 -0.19667822122573853 0.28169795870780945 0.36865538358688354 0.2433800846338272 0.21405959129333496 -0.140249103307724 -0.07921542227268219 0.1535787582397461 -0.35056155920028687 0.8867363333702087 0.012970858253538609 0.055237799882888794 
0.0847632959485054 0.06976808607578278 -0.07308591902256012 0.08002137392759323 -0.2655514180660248 -0.2496565729379654 0.2910536527633667 -0.010552211664617062 -0.1854376643896103 0.06585366278886795 -0.27205443382263184 -0.00868512224406004 0.2440170794725418 -0.4573867917060852 -0.12224855273962021 -0.050429802387952805 0.19443872570991516 0.09417268633842468 -0.10753217339515686 -0.2862003743648529 0.14875927567481995 -0.33016371726989746 -0.29988470673561096 -0.15380752086639404 0.0897173136472702 0.13878056406974792 -0.4070405662059784 -0.09353356063365936 0.1467761993408203 0.21246705949306488 -0.12942074239253998 -0.18664361536502838 -0.224216490983963 -0.40245872735977173 0.14059992134571075 -0.4133874475955963 -0.26137351989746094 -0.1401863694190979 -0.11771588772535324 0.44987350702285767 -0.08362112194299698 0.04625541344285011 0.07169553637504578 -0.012646175920963287 -0.021451333537697792 0.00987227726727724 -0.06570611894130707 -0.050954341888427734 -0.3145333230495453 -0.10071633756160736 
-0.19956208765506744 -0.0019887143280357122 -0.18540987372398376 0.3649130165576935 -0.2052757889032364 -0.17506103217601776 -0.19775983691215515 0.04699781537055969 0.11965563893318176 0.04826376587152481 -0.2553023397922516 -0.3647095263004303 -0.16855348646640778 -0.43166372179985046 -0.19398362934589386 0.11810249835252762 -0.1377970427274704 -0.14184488356113434 -0.26990073919296265 -0.7484979033470154 -0.06278523057699203 -0.38205239176750183 -0.5810039043426514 0.4977012276649475 -0.5092328786849976 -0.0929800346493721 -0.3289952576160431 0.1807287037372589 -0.3283195495605469 -0.003180920146405697 -0.17557935416698456 -0.22412173449993134 -0.08208434283733368 -0.32548797130584717 -0.07704807072877884 0.06191554665565491 -0.18809178471565247 0.1557893455028534 -0.17083823680877686 0.3572969138622284 -0.11831225454807281 -0.1023833304643631 -0.11739428341388702 -0.03090115822851658 -0.39949941635131836 0.11289073526859283 -0.04888332262635231 -0.17604979872703552 -0.16899976134300232 -0.053650952875614166 
-0.1385291963815689 -0.09227310121059418 -0.23666900396347046 0.524165153503418 -0.21572454273700714 0.11332054436206818 -0.24431845545768738 0.08399997651576996 0.7800825238227844 -0.12678606808185577 -0.5235028862953186 -0.35516783595085144 0.14057548344135284 -0.08356265723705292 -0.057992491871118546 0.08163851499557495 -0.42899349331855774 0.16342049837112427 -0.005032094195485115 -0.0941350981593132 -0.2959589958190918 -0.03577560558915138 0.13819587230682373 0.10540333390235901 -0.16966596245765686 0.07057181000709534 -0.02421378158032894 0.14188672602176666 -0.12104246765375137 0.009785371832549572 -0.16978251934051514 -0.07266228646039963 0.01260435488075018 -0.1940334290266037 -0.24794183671474457 -0.08492055535316467 -0.28796496987342834 0.5222548842430115 -0.14997343719005585 -0.08663296699523926 -0.7058687210083008 0.0006357025122269988 -0.3092527687549591 0.37967854738235474 -0.10742897540330887 0.05820046737790108 0.3082006573677063 0.15317679941654205 -0.019935518503189087 -0.39302995800971985 
-0.44018933176994324 0.014829419553279877 -0.6878278851509094 -0.41920265555381775 0.40550369024276733 -0.6936173439025879 0.2303222417831421 -0.30316415429115295 0.5570511221885681 -1.2515476942062378 0.8910824060440063 0.31611865758895874 -0.3358205258846283 0.22252139449119568 -0.6794480681419373 -1.7399449348449707 0.26596900820732117 -0.22017306089401245 0.05809767544269562 0.32930511236190796 -0.273161917924881 0.48398980498313904 0.8081745505332947 0.07206153124570847 0.0627281442284584 0.7865754961967468 0.037807006388902664 -0.1038677841424942 -0.3169018030166626 -0.8173345327377319 0.43887731432914734 0.28847163915634155 0.3115200698375702 0.2579179108142853 1.6246747970581055 -0.09028825908899307 0.5183191895484924 -0.9434341192245483 -0.4790874123573303 0.3223893642425537 0.6543430685997009 -0.5116319060325623 -0.24856333434581757 -0.09029366075992584 -0.095493845641613 0.36663714051246643 0.7653287649154663 -0.2079453021287918 -0.03574714809656143 -1.4285787343978882 
-0.36510342359542847 -0.16687390208244324 -0.5538334846496582 -0.16519437730312347 -0.29902711510658264 -0.19864708185195923 -0.17092302441596985 -0.12421350926160812 -0.262877494096756 -0.19269631803035736 -0.41725513339042664 -0.17809505760669708 -0.24698850512504578 -0.4236830174922943 -0.04935317113995552 -0.024666836485266685 -0.10365892201662064 -0.41574081778526306 -0.14374800026416779 -0.07259830832481384 -0.19007734954357147 -0.4353468418121338 -0.6195581555366516 0.06516118347644806 -0.2945050299167633 0.6058838963508606 -0.08047943562269211 -0.06828641146421432 -0.3917716145515442 0.10108126699924469 0.028679363429546356 0.32885104417800903 -0.13135521113872528 -0.1674657016992569 -0.18516533076763153 -0.05132126808166504 -0.18212589621543884 0.06437336653470993 0.0012252131709828973 -0.16703364253044128 -0.1528729796409607 -0.32559818029403687 0.16966140270233154 -0.13331037759780884 -0.25727227330207825 0.1189555749297142 0.18529543280601501 0.05460337921977043 -0.3764345049858093 -0.17128965258598328 
0.15400664508342743 0.026287710294127464 0.3449436128139496 0.092059426009655 -0.07019271701574326 0.3761048913002014 -0.375899076461792 -0.1957337111234665 -0.032221902161836624 -0.10917143523693085 -0.00529874674975872 0.8632372617721558 0.40917444229125977 0.272317111492157 -0.9878514409065247 -0.8505358099937439 0.5187584757804871 0.015045050531625748 0.6302856802940369 0.39578214287757874 -0.04637369513511658 -0.039003968238830566 0.5680251121520996 -0.2172423154115677 0.5423700213432312 -0.2881842851638794 -0.02808332070708275 0.037382736802101135 0.09355057775974274 0.1540185511112213 0.311908096075058 -0.5363232493400574 -0.1098293736577034 0.015717921778559685 -0.05241357907652855 0.05959118530154228 -0.033957865089178085 -0.20402869582176208 -0.24305032193660736 -0.30975618958473206 -0.16963940858840942 0.07283322513103485 0.04699123278260231 0.4084707200527191 0.40806278586387634 0.024891870096325874 -0.19087372720241547 -0.1793432980775833 0.30526700615882874 -0.3207280933856964 
0.014027970843017101 0.12721240520477295 -0.37312644720077515 -0.06851431727409363 0.0761272981762886 0.026392295956611633 -0.3946385383605957 -0.03867586329579353 0.010995731689035892 0.02242758311331272 0.12225304543972015 0.15659351646900177 0.007158324588090181 0.14398932456970215 -0.43908873200416565 -0.3828943967819214 0.03063536435365677 -0.09094056487083435 -0.1402091234922409 0.03350929915904999 -0.09520948678255081 0.30669036507606506 0.031937241554260254 0.21809923648834229 0.18364687263965607 0.48977091908454895 0.17396503686904907 0.17868012189865112 -0.13096560537815094 0.11701629310846329 0.08886134624481201 0.6705954670906067 0.2546822726726532 -0.057641007006168365 -0.007450195495039225 0.22802500426769257 0.09336183220148087 0.05752580240368843 -0.06101999804377556 0.19856178760528564 0.2580500543117523 -0.07383052259683609 -0.2159813940525055 0.382988303899765 0.10091429203748703 0.2038857489824295 0.32049235701560974 0.1981954127550125 0.02702977880835533 -0.28430166840553284 
-0.23297731578350067 0.17751532793045044 -0.6294886469841003 -0.5767752528190613 0.35162797570228577 -0.6473381519317627 -0.3529273569583893 -0.5092958807945251 -0.4326176345348358 -0.10959779471158981 0.8133335113525391 0.028536660596728325 -0.43852901458740234 0.029842542484402657 -0.6075173020362854 -2.1722657680511475 0.20379291474819183 -0.12050231546163559 -0.47776374220848083 -0.28779613971710205 0.018311522901058197 0.35739484429359436 -0.028050724416971207 0.025171885266900063 -0.0038962725084275007 0.35344213247299194 0.20039458572864532 0.13902577757835388 -0.7442824244499207 -1.0639493465423584 0.662718653678894 0.6890445351600647 0.45380279421806335 0.021833235397934914 0.9500530958175659 0.2067391574382782 0.5338754057884216 -0.6797024011611938 -1.138045310974121 0.33167576789855957 0.4836835265159607 -0.9480580687522888 -0.26500263810157776 0.11051279306411743 0.010103864595293999 0.5898489952087402 1.051403284072876 0.2290610522031784 0.03697824850678444 -0.5458711385726929 
-0.6093332767486572 0.11866709589958191 -0.06012042611837387 0.20735058188438416 -0.17046302556991577 0.14872369170188904 0.06631606072187424 -0.3556431829929352 0.27118977904319763 -0.4456295073032379 -0.8153142333030701 -0.34577977657318115 -0.8377939462661743 0.08911412209272385 -0.6720889210700989 0.19976560771465302 -0.07140126079320908 -0.28634166717529297 0.5311607718467712 -0.1946456879377365 -0.16384238004684448 -0.7282968163490295 -1.1137970685958862 0.48500508069992065 -0.36566096544265747 0.6534293293952942 0.006489613559097052 0.1635727435350418 -0.629550039768219 -0.2768872082233429 -0.1308574229478836 0.3092057704925537 0.15870726108551025 0.07904325425624847 -0.3582351803779602 0.16681188344955444 -0.05082155391573906 -0.04883468896150589 -0.19600865244865417 0.12965084612369537 -0.6262205243110657 -0.45404568314552307 -0.08013509213924408 -0.10470287501811981 0.06415454298257828 0.10592777281999588 0.4674828052520752 -0.8191639184951782 0.03223869204521179 -0.13080595433712006 
0.1161034107208252 0.2372587025165558 -0.062365833669900894 0.08978747576475143 -0.4806632399559021 0.031815722584724426 -0.05665005370974541 0.3972354829311371 0.08851588517427444 0.24788638949394226 -0.15795451402664185 0.1323719173669815 0.39339369535446167 -0.20820049941539764 0.44422560930252075 0.28785744309425354 0.2912830710411072 0.11404988169670105 -0.12513484060764313 0.4797908365726471 0.022040963172912598 -0.09733576327562332 0.5059502720832825 -0.175925612449646 0.05487251281738281 -0.014558449387550354 -0.2090725153684616 -0.6432945132255554 0.5843752026557922 0.439073771238327 -0.2020747810602188 0.08643392473459244 -0.6134611964225769 -0.21599194407463074 -0.1641029566526413 -0.40814658999443054 -0.3868628740310669 0.2884100377559662 0.27244776487350464 -0.3467671573162079 0.021652719005942345 0.360073059797287 0.14316712319850922 -0.2961772382259369 -0.1675591766834259 -0.4559932053089142 -0.3629991412162781 0.040858328342437744 -0.20911173522472382 0.33899471163749695 
0.24630104005336761 -0.043721627444028854 -0.10324675589799881 0.11361461132764816 -0.304714560508728 -0.08717448264360428 -0.1055573895573616 0.1365884691476822 -0.38001325726509094 0.09887145459651947 -0.5021114945411682 -0.020175818353891373 0.28270208835601807 -0.18158192932605743 -0.07509682327508926 0.11347205191850662 0.03975243866443634 0.09051188826560974 0.04763280600309372 0.20401063561439514 -0.209919273853302 -0.21342340111732483 0.21533481776714325 -0.3079366981983185 -0.04657885059714317 0.1385541707277298 -0.03461357578635216 -0.1115497574210167 0.17516817152500153 0.1591583490371704 -0.07038649916648865 -0.5767008662223816 -0.42121633887290955 -0.2600466012954712 -0.31584659218788147 -0.20600448548793793 -0.34162530303001404 0.35878390073776245 0.1420808881521225 -0.05058647692203522 -0.39027079939842224 0.47237691283226013 0.12928970158100128 -0.01005171611905098 0.029584739357233047 -0.539584755897522 -0.5601931810379028 0.16855928301811218 -0.1706259399652481 0.017210209742188454 
-0.0875084176659584 -0.2051382213830948 0.18985077738761902 -0.012739002704620361 -0.3951917886734009 -0.2637539207935333 0.4449797570705414 -0.24397912621498108 0.11127866804599762 0.0031935847364366055 -0.48745590448379517 -0.03610171750187874 -0.014634454622864723 -0.3476533889770508 0.11889256536960602 -0.14545680582523346 0.011515525169670582 0.2166624218225479 0.21983283758163452 -0.4540584981441498 0.4705977439880371 -0.4137401878833771 -0.35279563069343567 -0.053434085100889206 0.11648520827293396 -0.08604954183101654 -0.2163257598876953 0.0018661462236195803 0.1781904399394989 -0.0026410960126668215 0.18075554072856903 -0.8687528967857361 -0.27818140387535095 -0.20291583240032196 0.0253573190420866 -0.33985424041748047 -0.1239289790391922 -0.29492029547691345 -0.2554556429386139 0.3208319842815399 -0.33135223388671875 0.03686951845884323 -0.006462106015533209 -0.040597569197416306 0.14420029520988464 -0.09700542688369751 -0.15705718100070953 0.05293597653508186 -0.17476147413253784 0.13893015682697296 
-0.11704637855291367 -0.14313167333602905 -0.060819290578365326 0.12100675702095032 0.14588111639022827 0.16806165874004364 -0.6925620436668396 -0.31741172075271606 0.03471272066235542 0.09497489035129547 -0.014411499723792076 0.03754790127277374 -0.0844680517911911 0.17605166137218475 -0.40329357981681824 -0.17078374326229095 -0.16240547597408295 -0.23303772509098053 -0.24689456820487976 0.24203069508075714 -0.5347122550010681 0.02562660165131092 -0.4584156274795532 0.19308321177959442 -0.028778307139873505 0.7198562026023865 0.1178300753235817 0.34736743569374084 -0.2804186940193176 0.052998486906290054 0.1554616391658783 1.092121958732605 0.26188331842422485 0.22748863697052002 -0.049574993550777435 0.11457207053899765 0.10102657228708267 0.37466973066329956 0.05638432502746582 0.15912653505802155 -0.02447500079870224 -0.17637306451797485 -0.03856716677546501 0.3197667896747589 0.30645865201950073 0.12705940008163452 0.3608698844909668 -0.16741693019866943 0.041669562458992004 -0.21690858900547028 
-0.19317667186260223 -0.09554193913936615 0.03270622342824936 -1.4540354013442993 0.06334618479013443 0.04842058941721916 0.4097408056259155 -0.2679494619369507 -0.5098637938499451 -0.4605587124824524 0.43162012100219727 0.32254427671432495 0.041574496775865555 0.19715407490730286 0.3901982009410858 -0.1857365369796753 0.07911393791437149 0.07668814808130264 0.45880019664764404 0.3995934724807739 -0.42782241106033325 0.31732064485549927 0.9783908128738403 -0.5077741146087646 -0.012801937758922577 -0.5599360466003418 0.17466190457344055 -0.005408851429820061 0.12906581163406372 -0.554043173789978 0.10222659260034561 -0.17277753353118896 -0.08998100459575653 0.3065578043460846 0.6452597975730896 -0.05295923724770546 0.02728750742971897 -0.35804757475852966 -0.5873913168907166 -0.40563538670539856 0.4684012234210968 -0.3448624014854431 0.3069402873516083 -0.17751820385456085 -0.41221147775650024 -0.247195303440094 -0.5481702089309692 0.1703198254108429 0.20616351068019867 0.32488900423049927 
-0.08189421147108078 -0.13514409959316254 0.09336091578006744 -0.5470886826515198 0.18290215730667114 0.01834593527019024 0.19419178366661072 -0.4827355146408081 -0.22491003572940826 -0.8108487129211426 0.6851329207420349 0.2408803254365921 0.015061900019645691 0.1046038493514061 -0.7142007946968079 -1.2469571828842163 -0.07501768320798874 -0.3411959111690521 0.42045652866363525 0.2659880220890045 -0.20926161110401154 0.33010968565940857 0.8805966973304749 -0.42585471272468567 0.20045791566371918 0.12674209475517273 0.12806011736392975 -0.24745739996433258 -0.3209037482738495 0.06360451132059097 0.15824247896671295 -0.5826045274734497 0.08520491421222687 0.26137644052505493 1.18222975730896 0.07589593529701233 0.24792684614658356 -0.4533786177635193 -0.271340012550354 -0.03751609846949577 0.5394736528396606 -0.5823929905891418 0.127283975481987 -0.04001472517848015 -0.4485933482646942 -0.050876155495643616 0.12149634957313538 -0.46904125809669495 -0.0640597715973854 -0.5425678491592407 
-0.1304347813129425 0.15316849946975708 -0.09599170088768005 0.20581944286823273 -0.0016250439221039414 0.00933070294559002 -0.3022195100784302 0.3409372866153717 0.6711977124214172 -0.16103868186473846 -0.4774675667285919 -0.23002536594867706 -0.06450401246547699 -0.15165401995182037 -0.4154891073703766 0.4022579789161682 -0.1513555347919464 -0.35752391815185547 -0.022264834493398666 0.23374876379966736 -0.33185017108917236 -0.15242789685726166 -0.4398289620876312 0.016986167058348656 -0.43679457902908325 0.19643041491508484 0.04494804888963699 0.05844651535153389 -0.20175501704216003 -0.18681439757347107 -0.18702912330627441 0.2536223232746124 0.03874075785279274 0.005090023390948772 -0.2842143476009369 -0.07213938981294632 -0.06688371300697327 -0.11899935454130173 0.08519023656845093 -0.1615544855594635 -0.2016150802373886 -0.03153707832098007 -0.04505408927798271 -0.09052464365959167 -0.02105642855167389 -0.04124453291296959 0.042501505464315414 0.30790552496910095 0.0926029160618782 -0.2776981294155121 
-0.3133985996246338 0.13521218299865723 0.5815830230712891 0.49057644605636597 0.00287715089507401 0.12299895286560059 0.1369343250989914 -0.1078992709517479 0.29314929246902466 -0.22335192561149597 0.2546294033527374 0.36377158761024475 -0.11925793439149857 0.1382867842912674 -0.3927150070667267 -0.3129713833332062 -0.08855080604553223 0.5294235944747925 0.3520382046699524 0.20801423490047455 0.33426976203918457 0.34099793434143066 0.5320466160774231 -0.09789932519197464 0.27964091300964355 0.8511818647384644 0.1362818479537964 0.008659100160002708 0.1644223928451538 0.12820060551166534 -0.04316991567611694 0.5591838359832764 -0.015162774361670017 0.12473110854625702 0.5512315034866333 -0.034489601850509644 0.102100670337677 0.19180414080619812 0.13811786472797394 0.15758995711803436 0.1899074912071228 -0.30599021911621094 -0.07889917492866516 0.04051099345088005 -0.13094012439250946 0.18162356317043304 0.20997968316078186 0.026906108483672142 0.15986274182796478 -0.6134048700332642 
0.022938886657357216 -0.07719064503908157 0.05940772593021393 0.2567235827445984 -0.05839790776371956 -0.11597093194723129 -0.1215495690703392 -0.19192908704280853 -0.23835442960262299 0.027059458196163177 -0.2906174063682556 -0.03995091840624809 0.12269783020019531 -0.18982474505901337 -0.04990166053175926 -0.009126371704041958 0.0770648717880249 -0.03429792448878288 -0.047615356743335724 -0.12413422763347626 -0.13060982525348663 -0.3250513970851898 -0.43934521079063416 0.02033274620771408 -0.14011068642139435 0.3802747428417206 -0.05163095146417618 0.08849573135375977 -0.08631610870361328 0.03904295340180397 -0.1404501497745514 0.01756049320101738 -0.1645219475030899 -0.21717526018619537 -0.34908223152160645 -0.16906656324863434 -0.2591600716114044 0.04726431518793106 0.16121788322925568 0.028172606602311134 -0.2909669578075409 -0.012771409004926682 -0.10048984736204147 -0.11704199016094208 0.02318285033106804 -0.18051135540008545 0.0805024728178978 -0.33912673592567444 -0.26473739743232727 0.08370772749185562 
0.044802047312259674 -0.13993144035339355 0.3173254132270813 0.4578438699245453 -0.25442296266555786 0.4527658522129059 -0.3207809031009674 0.24076148867607117 -0.04277970641851425 0.0740291178226471 -0.5501415729522705 -0.35750818252563477 0.19699805974960327 -0.07627736032009125 0.413004070520401 0.4619503617286682 0.05432179570198059 0.1859724223613739 -0.23980242013931274 -0.13496775925159454 -0.14083030819892883 -0.4807966649532318 -0.1453392058610916 0.10253699868917465 -0.2838945984840393 0.5370380878448486 0.005653044208884239 0.1358698159456253 0.09991739690303802 0.20169468224048615 -0.1379738450050354 0.33573898673057556 -0.28782594203948975 -0.18105830252170563 -0.7631101012229919 0.006843795999884605 -0.4228639602661133 0.5891864895820618 0.2353377491235733 0.09226768463850021 -0.3025375008583069 0.12724103033542633 0.12769249081611633 0.1604456752538681 0.25425782799720764 -0.12661485373973846 0.176700621843338 0.6495213508605957 -0.10387147217988968 0.25786682963371277 
0.20117539167404175 0.057054825127124786 0.1826007068157196 0.31632426381111145 -0.4336196184158325 0.23961961269378662 0.1415718048810959 0.5656406879425049 -0.3080252408981323 0.3827067017555237 -0.3350679874420166 0.14910097420215607 0.06594977527856827 -0.1701711267232895 0.6210487484931946 0.6589829325675964 0.19075486063957214 0.21327140927314758 -0.28695449233055115 0.39541593194007874 -0.11334950476884842 -0.33037474751472473 0.2933896481990814 -0.15845009684562683 -0.13988736271858215 -0.2852029800415039 -0.0935012549161911 -0.09373091161251068 0.39231735467910767 0.19857126474380493 -0.13484898209571838 -0.313702255487442 -0.5716920495033264 -0.21288184821605682 -0.42974668741226196 -0.24048858880996704 -0.155632883310318 0.5224356055259705 0.2093929946422577 -0.5096514821052551 0.09082737565040588 0.24899816513061523 0.15917883813381195 -0.043117884546518326 0.017566930502653122 -0.7391320466995239 -0.8844478130340576 0.15508097410202026 0.08178966492414474 0.7140359282493591 
0.12874749302864075 0.20614683628082275 0.014150870963931084 -0.1626782864332199 -0.10789909213781357 -0.1857621967792511 0.45129555463790894 -0.11536040902137756 0.5113484263420105 0.0849086195230484 -0.20831967890262604 0.009412407875061035 0.1599923074245453 -0.28271567821502686 -0.18912078440189362 -0.16707821190357208 0.21759441494941711 -0.18132942914962769 -0.07525599002838135 0.19681283831596375 0.19843439757823944 0.10313604027032852 0.10390736162662506 -0.15963220596313477 -0.1393548846244812 0.4297901690006256 -0.17134009301662445 -0.32634711265563965 -0.038162775337696075 0.06304029375314713 -0.20700423419475555 0.6295324563980103 -0.06226584315299988 -0.15959961712360382 0.27263113856315613 -0.26873210072517395 -0.12717017531394958 -0.2513267993927002 0.1272735893726349 -0.11806867271661758 -0.09508167952299118 0.005238579586148262 0.21852123737335205 -0.4121035635471344 -0.012851613573729992 -0.10747650265693665 0.6403365731239319 0.017463281750679016 -0.14318054914474487 -0.15908463299274445 
-0.2982213795185089 -0.0036778757348656654 0.18832352757453918 0.688978374004364 0.12967094779014587 -0.07082413136959076 0.18208639323711395 -0.653837263584137 0.4996776282787323 -0.4509773850440979 0.4750330150127411 0.1125333160161972 -0.7076370120048523 0.31440499424934387 -0.4107856750488281 -0.029160065576434135 0.02799961529672146 0.11135577410459518 0.9563456177711487 -0.0026999101974070072 -0.21918512880802155 0.24743297696113586 -0.26739561557769775 0.05626223608851433 -0.14180761575698853 1.02971351146698 0.2807226777076721 0.0888928547501564 -0.24948956072330475 -0.526884913444519 -0.22026315331459045 0.2403184175491333 0.21942059695720673 0.28522151708602905 -0.02211024984717369 0.03908704221248627 0.26438280940055847 -0.22930966317653656 0.4554554522037506 -0.08300065994262695 0.01688217557966709 -0.22018443048000336 0.028544588014483452 0.05719560384750366 -0.11258711665868759 0.19269129633903503 0.320975124835968 0.3315429985523224 0.2021925151348114 -0.43856242299079895 
-0.6727575063705444 0.4335708022117615 -0.17181873321533203 0.14052656292915344 0.03820512443780899 0.1396208107471466 0.47959330677986145 0.7346744537353516 -0.2357950508594513 0.21111977100372314 0.0760507881641388 -0.7631353139877319 -0.4125608503818512 0.24098987877368927 0.9847288131713867 0.541701078414917 -0.02468528412282467 -0.5462591648101807 -0.26649871468544006 -0.8590527176856995 0.04645940661430359 -0.5882560610771179 -0.4959448575973511 0.29484039545059204 -0.5991376638412476 -0.6968565583229065 -0.1427522897720337 0.5026015639305115 -0.050192754715681076 -0.42736491560935974 -0.26024162769317627 -1.1333380937576294 0.03130222111940384 0.009476491250097752 0.042508047074079514 0.16674749553203583 0.09369618445634842 -0.1495409905910492 0.004607479088008404 1.128890037536621 0.30938664078712463 -0.06506781280040741 0.17625856399536133 -0.02435055933892727 -0.35936108231544495 0.3259875774383545 -0.6685289740562439 -1.0979336500167847 0.03950910642743111 0.2400868833065033 
-0.1054992824792862 0.37423115968704224 -0.01078252587467432 -0.15047556161880493 -0.08317387849092484 -0.01720028556883335 0.3428370952606201 0.14692626893520355 0.059507254511117935 -0.07442446053028107 -0.21752531826496124 -0.5121166110038757 -0.08301204442977905 0.05847954750061035 0.41431087255477905 0.19139087200164795 -0.14292122423648834 -0.23870189487934113 -0.17946352064609528 -0.22623097896575928 0.031095067039132118 -0.3270876109600067 -0.02308155968785286 -0.1747276932001114 -0.5045300722122192 -0.12156055867671967 0.006624375935643911 -0.0602656714618206 -0.05666164308786392 -0.34972473978996277 -0.16758261620998383 -0.26293182373046875 0.016450772061944008 -0.02072206512093544 0.194411039352417 -0.059821002185344696 -0.05473054572939873 -0.35122597217559814 -0.04876274988055229 0.5192718505859375 0.17553728818893433 -0.02473893202841282 -0.12273004651069641 -0.13161633908748627 -0.28696557879447937 0.13952310383319855 -0.3009741008281708 -0.3271699547767639 -0.13740162551403046 -0.11368793249130249 
-0.5199417471885681 0.42710793018341064 -0.2506055533885956 0.7311186790466309 -0.19773712754249573 0.01890367642045021 0.3400106430053711 0.35676613450050354 0.792292058467865 0.14921176433563232 -0.34025296568870544 -0.8588845729827881 -0.23167474567890167 -0.0036207903176546097 0.23113493621349335 0.17534974217414856 0.13163013756275177 -0.37752899527549744 -0.18087904155254364 -0.9270821809768677 0.3611883819103241 -0.476591557264328 -0.7265530228614807 0.601658046245575 -0.45317938923835754 -0.19143590331077576 -0.14202600717544556 -0.022600427269935608 -0.42636123299598694 -0.28935539722442627 -0.33100759983062744 -0.3718594014644623 -0.1341114044189453 -0.23452380299568176 -0.09793020039796829 -0.0698309987783432 -0.29472634196281433 0.03483932837843895 -0.2044755220413208 0.9170413017272949 -0.13906487822532654 -0.07653932273387909 0.16264885663986206 -0.17629247903823853 -0.3537761867046356 0.0673293024301529 -0.007184728514403105 -0.9676606059074402 -0.09991341829299927 -0.3149162828922272 
-0.06094275787472725 -0.13868165016174316 -0.21370957791805267 -0.8756752610206604 0.13987623155117035 -0.09162893891334534 -0.012083470821380615 -0.3643542230129242 -0.2845904231071472 -0.11805135011672974 0.3318609893321991 0.16407263278961182 -0.09011387825012207 -0.12839174270629883 0.019128676503896713 -0.9656075239181519 0.03576498106122017 -0.09819582104682922 -0.008457598276436329 -0.23547469079494476 0.3780806064605713 0.29756930470466614 -0.2105967402458191 0.06417162716388702 0.06459623575210571 -0.25393083691596985 0.2316320240497589 0.2850842773914337 -0.1721874624490738 -0.2911614775657654 0.20261646807193756 0.3590500056743622 0.327499657869339 0.20966340601444244 0.8076918125152588 0.21359218657016754 0.4609772264957428 -0.28965070843696594 -0.05745384097099304 0.3020349442958832 0.16953973472118378 -0.21560190618038177 -0.2663509249687195 0.18652889132499695 0.10884863138198853 0.32391300797462463 0.22545641660690308 -0.359997421503067 -0.1257503479719162 -0.08817781507968903 
-0.665652334690094 -0.27593591809272766 -0.14777012169361115 0.10592366009950638 0.029237473383545876 0.18730871379375458 0.0453089140355587 -0.3681465983390808 -0.11271829903125763 0.0005177338607609272 -0.14687533676624298 -0.33685654401779175 -0.08942316472530365 -0.006949561182409525 0.657145082950592 -0.09255379438400269 -0.3541546165943146 -0.12561197578907013 -0.13017159700393677 -0.31341752409935 -0.03534447029232979 -0.22387976944446564 -0.5124438405036926 0.23395630717277527 -0.0433712862432003 0.2662147581577301 0.009686947800219059 0.3208127021789551 -0.26789119839668274 -0.23635061085224152 0.19955836236476898 0.05285058915615082 -0.0026760257314890623 0.2922196686267853 -0.2347794771194458 0.1213122308254242 0.12814846634864807 0.10006213188171387 -0.16454514861106873 -0.06350743770599365 -0.15255065262317657 -0.26348260045051575 -0.08015917241573334 0.28669485449790955 0.08056505769491196 0.037595879286527634 -0.060119371861219406 -0.16299515962600708 0.19983172416687012 0.293938010931015 
0.09082070738077164 0.11440502107143402 -0.050481900572776794 -0.5352574586868286 0.21685877442359924 0.05102132260799408 0.12873482704162598 -0.08137010782957077 -0.19212248921394348 -0.3177150785923004 0.5682664513587952 0.04802004620432854 0.06433574110269547 0.20575623214244843 -0.1346070021390915 -0.7975313067436218 0.23857629299163818 -0.18761281669139862 0.10314861685037613 0.15023860335350037 -0.3532841205596924 0.2902142107486725 1.0850043296813965 -0.4771406650543213 0.045807577669620514 0.034473877400159836 0.06044915318489075 0.007785845547914505 -0.12043004482984543 -0.16633501648902893 -0.0075671779923141 0.20898568630218506 0.06199577450752258 0.07824967056512833 0.8581724762916565 -0.0314166359603405 0.28065693378448486 -0.7729488611221313 -0.49104753136634827 0.11067072302103043 0.5457586646080017 -0.31609228253364563 -0.038188666105270386 -0.10377749055624008 -0.28233230113983154 0.07809639722108841 0.021066846325993538 -0.04071103036403656 0.07211346924304962 -0.12912674248218536 

0.26551705598831177 0.15048374235630035 -0.41870078444480896 0.19061174988746643 0.4548252522945404 0.559773325920105 0.23500731587409973 0.2955310046672821 0.5758704543113708 0.5530632734298706 0.23954620957374573 -0.29818040132522583 0.5616041421890259 0.24137462675571442 -0.30530232191085815 -0.29260581731796265 0.1502915471792221 0.2513955235481262 -0.3092406690120697 0.35845255851745605 -0.40889373421669006 0.6459694504737854 0.11414553225040436 0.29692542552948 0.3434496819972992 -1.0240546464920044 0.143245667219162 -0.3654680550098419 0.26834359765052795 0.5941168665885925 -0.5026302933692932 -0.2582188844680786 0.23876118659973145 0.2415577471256256 0.26445499062538147 -0.49172472953796387 -0.512769341468811 -0.3355327248573303 -0.4087654948234558 0.13296863436698914 0.2819375991821289 -0.29404494166374207 -0.30375635623931885 -0.2483549416065216 -0.45289140939712524 -0.20050030946731567 -0.5161351561546326 0.21632231771945953 0.1703076809644699 -0.30713510513305664 
BIAS:
-1.6958461999893188 0.5613579750061035 0.5567896962165833 0.48901617527008057 -0.42051130533218384 0.7568857669830322 0.34568631649017334 0.8996744155883789 0.053436920046806335 0.6448202133178711 -1.058107614517212 -1.071988821029663 -1.291816234588623 -0.22831310331821442 0.9968878030776978 1.4506813287734985 -0.021723875775933266 -0.2158804088830948 -0.781937301158905 -0.6327484250068665 0.07636447995901108 -0.5918692946434021 -0.60068279504776 0.6807372570037842 -0.6996050477027893 -0.10414250195026398 -0.35602837800979614 0.47834351658821106 -0.22513340413570404 -2.822239637374878 -0.9216892719268799 -0.5957081317901611 -0.1076602190732956 -0.20412710309028625 -0.42016318440437317 0.1292702853679657 -0.3901538550853729 0.6702275276184082 0.2924671173095703 0.7402209639549255 -0.2794256806373596 -0.46570688486099243 0.3055691123008728 -0.1948288530111313 -0.3351248502731323 0.08795319497585297 -0.10457047075033188 -0.3801838159561157 -0.13654398918151855 0.5094135403633118 

0.07840902358293533 -0.013958342373371124 -0.11250551789999008 0.08996256440877914 0.2979113459587097 0.12511755526065826 -0.04124956578016281 0.030329043045639992 0.4483868181705475 -0.23427481949329376 -0.09759963303804398 0.12576091289520264 -0.11405467987060547 -0.03194883093237877 0.0329732783138752 -0.43814632296562195 0.12049584835767746 -0.3085581064224243 -0.04409225657582283 0.042287684977054596 0.04418151453137398 -0.21096178889274597 0.10477330535650253 0.2513543963432312 -0.02532275766134262 -0.09193603694438934 -0.09962840378284454 -0.14322255551815033 -0.12919732928276062 -0.12207400053739548 0.1417953222990036 0.12817761301994324 -0.07469236850738525 -0.0914759486913681 -0.03118222765624523 -0.19180358946323395 -0.144479900598526 0.20360703766345978 -0.06370090693235397 -0.0034868137445300817 0.20336437225341797 0.19136208295822144 0.22388330101966858 -0.09636206924915314 0.5057986378669739 0.17353996634483337 0.426371306180954 -0.1991431564092636 -0.06440132856369019 -0.017888763919472694 

-0.24767589569091797 