-1
2                  50                  50                  1
0.4986892342567444 179.8401641845703
0.330130934715271 29.9843807220459
5.632187366485596 
-0.939160168170929 
WEIGHT:
0.025856085121631622 0.7461525797843933 
0.5469847917556763 1.1384804248809814 
-1.508288025856018 0.3961246907711029 
-1.2149412631988525 -1.240243673324585 
0.425129234790802 -0.19361093640327454 
-0.3217787444591522 0.5077257752418518 
-1.6129813194274902 -0.5318261384963989 
-0.1418125033378601 0.8915108442306519 
-0.7956737875938416 1.6118462085723877 
-0.3650553822517395 -0.11661732196807861 
-0.4552120864391327 -0.26677289605140686 
-0.21006056666374207 -0.7362462878227234 
0.10758907347917557 1.1251585483551025 
-0.2062862366437912 -2.2497403621673584 
1.947450876235962 -1.158772349357605 
-0.07991288602352142 0.6154857873916626 
-0.6750320792198181 -0.032642170786857605 
1.5314618349075317 -0.5370424389839172 
0.47597384452819824 0.655391275882721 
0.2804633378982544 0.337605744600296 
-0.849038302898407 0.2051408439874649 
-1.531101107597351 -1.7150757312774658 
-0.13145746290683746 -1.2647584676742554 
0.046635422855615616 -0.8350143432617188 
2.7921054363250732 0.36154699325561523 
0.6294877529144287 0.44168585538864136 
0.11959343403577805 -1.2768248319625854 
-1.461924433708191 0.31031739711761475 
-0.13662506639957428 0.4746897518634796 
-0.304656058549881 0.5344405174255371 
-1.3433279991149902 0.21376578509807587 
-0.961158812046051 -1.2331175804138184 
0.1893189698457718 -0.3137689530849457 
1.3593841791152954 1.7405363321304321 
1.7567874193191528 -0.20069152116775513 
1.4534050226211548 -0.15107642114162445 
-0.4488644301891327 -0.5244854688644409 
-1.3872286081314087 0.2926419675350189 
-1.0764209032058716 -1.3234903812408447 
-0.1766640692949295 1.116887092590332 
0.3743634521961212 -0.24863201379776 
1.2504953145980835 0.19388635456562042 
0.7150543332099915 -1.4706758260726929 
-0.6090598106384277 -1.060339093208313 
-1.2007384300231934 1.9017895460128784 
0.6388399600982666 -0.12991906702518463 
-0.16022351384162903 0.08999169617891312 
0.2914082109928131 -2.7682087421417236 
1.378117322921753 -0.9602327942848206 
-1.3984932899475098 0.26862695813179016 

0.45640015602111816 0.6382020711898804 2.0998544692993164 -0.8569198846817017 -1.0943571329116821 2.9433183670043945 0.9662452936172485 0.5155843496322632 2.596869468688965 -0.40740567445755005 -0.4143231511116028 -3.01328706741333 0.7815625667572021 -0.2018434703350067 -0.14823244512081146 0.12887009978294373 -0.48987045884132385 0.1788105070590973 1.7746695280075073 2.018043279647827 1.3732296228408813 -0.7154347896575928 -2.5615787506103516 -2.3641626834869385 0.35442793369293213 0.4745803475379944 -2.1943776607513428 1.5142197608947754 0.12627443671226501 1.4215703010559082 0.8626181483268738 -1.2029528617858887 -1.0904141664505005 0.8514311909675598 0.11847181618213654 0.3337664008140564 -0.8361342549324036 1.333275556564331 -3.6158363819122314 0.83522629737854 -0.8036479353904724 0.8361145257949829 -0.1221146360039711 -0.28853243589401245 2.556088447570801 -0.6410720944404602 -0.38729146122932434 -1.6111421585083008 -0.06269451975822449 1.159131407737732 
0.3363170027732849 0.5113388895988464 -0.2740252912044525 -0.6326422095298767 0.05285027623176575 -0.011631914414465427 -0.5381733775138855 0.5211636424064636 0.41208329796791077 0.32764002680778503 0.09360186010599136 0.07689862698316574 0.5577349662780762 0.1948755383491516 -0.4458022713661194 0.37231895327568054 0.33137616515159607 -0.21962468326091766 -0.20454265177249908 -0.2590470016002655 -0.15408585965633392 -0.6670473217964172 -0.43385812640190125 0.07624218612909317 -0.28994712233543396 0.40543270111083984 -0.41036638617515564 -0.4053322970867157 0.1672639399766922 -0.1915934681892395 -0.46853718161582947 -0.5962560772895813 0.23868714272975922 1.0486475229263306 -0.4676911532878876 -0.32756471633911133 0.10540199279785156 -0.43786320090293884 -0.07349585741758347 0.42926791310310364 0.25558722019195557 0.28591957688331604 -0.3222466707229614 -0.3029906153678894 0.5488283038139343 0.13008183240890503 0.25667956471443176 0.7192751169204712 -0.4327875077724457 -0.2236526608467102 
0.7823320627212524 0.29373687505722046 0.3250962495803833 1.0424391031265259 0.008924014866352081 -0.03682250902056694 0.44872137904167175 0.7361531257629395 0.044980574399232864 0.9919214844703674 0.8417659401893616 0.0735810399055481 0.7004140019416809 -1.384100317955017 -1.0018342733383179 1.2332850694656372 0.8531094193458557 -0.6451223492622375 0.10657393932342529 -0.28119927644729614 -0.18612994253635406 1.5119109153747559 1.3712303638458252 0.23876896500587463 -0.8488962650299072 -0.08906828612089157 1.0562324523925781 0.6223329305648804 0.8375605344772339 -0.2707979679107666 1.0462782382965088 0.8087742924690247 0.10051397979259491 -0.6197919249534607 -0.7762964963912964 -0.8295351266860962 0.8675470948219299 0.7910808324813843 0.9760742783546448 1.1325199604034424 0.2231939435005188 -0.050125814974308014 -0.10655348002910614 -0.5953441262245178 -0.7100954055786133 0.2651221752166748 0.7298892736434937 -0.4532245099544525 -1.063521385192871 0.6903022527694702 
0.3773646354675293 0.6250285506248474 -0.30953288078308105 -0.5419571995735168 0.2571500539779663 0.19034700095653534 -0.4675973057746887 0.3476107120513916 0.30987349152565 0.12503764033317566 0.21425442397594452 0.09302711486816406 0.6528721451759338 0.10243818163871765 -0.6079117059707642 0.23658126592636108 0.3424200415611267 -0.39675843715667725 -0.3317941129207611 -0.15305858850479126 -0.22883431613445282 -0.7439022660255432 -0.41591930389404297 -0.15058760344982147 -0.31625932455062866 0.3961944580078125 -0.4435143768787384 -0.3311297297477722 0.37008970975875854 -0.17812396585941315 -0.4962771236896515 -0.49108025431632996 0.11112546920776367 0.886505126953125 -0.4649943709373474 -0.4448661804199219 0.24486954510211945 -0.4326733648777008 0.012138983234763145 0.5264618992805481 0.05177636444568634 0.27183449268341064 -0.540320098400116 -0.2987467646598816 0.5514764785766602 0.27843713760375977 0.13379614055156708 0.4802113473415375 -0.5661043524742126 -0.4941270053386688 
0.4623098373413086 0.484528511762619 -0.3246879279613495 -0.6282132267951965 0.03231814503669739 0.16214501857757568 -0.4105742871761322 0.5546180009841919 0.5619314908981323 0.30223992466926575 0.0972413718700409 0.05179852247238159 0.4926072955131531 0.15647254884243011 -0.5317466259002686 0.4186963438987732 0.34193262457847595 -0.46985748410224915 -0.21899773180484772 -0.06432172656059265 -0.41418737173080444 -0.7787407636642456 -0.41985294222831726 -0.006167613435536623 -0.5269728302955627 0.2166164070367813 -0.4273677170276642 -0.44290968775749207 0.2566428780555725 -0.1895516812801361 -0.5871469974517822 -0.5791733860969543 0.1313011348247528 1.0566412210464478 -0.3339010179042816 -0.38053977489471436 0.05433499440550804 -0.408670037984848 -0.03300304710865021 0.5039376616477966 0.27339258790016174 0.4104003608226776 -0.5159326791763306 -0.25645288825035095 0.80699223279953 0.26076608896255493 0.16775646805763245 0.5135518908500671 -0.6074341535568237 -0.49798816442489624 
0.35426291823387146 0.5114231705665588 -0.23181840777397156 -0.6180990934371948 0.07550017535686493 0.13929986953735352 -0.3063865005970001 0.4921073317527771 0.3255501091480255 0.10449546575546265 0.2776189148426056 0.07629264146089554 0.42890000343322754 0.20434542000293732 -0.5449995398521423 0.2823821008205414 0.09102428704500198 -0.3708762228488922 -0.22988060116767883 -0.28846099972724915 -0.34797367453575134 -0.7077195048332214 -0.25307872891426086 -0.060185402631759644 -0.35499006509780884 0.17706280946731567 -0.40467560291290283 -0.38018471002578735 0.35793471336364746 -0.09106254577636719 -0.5660653114318848 -0.4873596131801605 0.21099257469177246 0.8178454041481018 -0.4021315276622772 -0.26779723167419434 0.08034078776836395 -0.327743798494339 0.02477940358221531 0.4151681065559387 0.17722861468791962 0.3843340575695038 -0.48927953839302063 -0.2920696437358856 0.6832207441329956 0.13989722728729248 0.21917523443698883 0.6664159893989563 -0.43535590171813965 -0.3779960572719574 
0.24093171954154968 0.5062601566314697 -0.39141353964805603 -0.5621088743209839 0.11950826644897461 0.2905743420124054 -0.37018755078315735 0.5147488713264465 0.5642603635787964 0.08219248056411743 0.058349043130874634 0.05493435636162758 0.5778358578681946 0.23097246885299683 -0.7023171186447144 0.4067254066467285 0.09771169722080231 -0.3900909721851349 -0.3683043122291565 -0.21555902063846588 -0.21268108487129211 -0.8452251553535461 -0.340394526720047 -0.15793734788894653 -0.3610031306743622 0.3365679085254669 -0.3594341576099396 -0.4082474410533905 0.20931318402290344 -0.22855713963508606 -0.6984649896621704 -0.5322980880737305 0.21746906638145447 0.9052410125732422 -0.4272821843624115 -0.2890826165676117 0.12609224021434784 -0.544035017490387 0.04261833056807518 0.5908945798873901 0.12410558760166168 0.39778316020965576 -0.42972761392593384 -0.32153788208961487 0.8082134127616882 0.27010875940322876 0.14591331779956818 0.5621980428695679 -0.615085780620575 -0.5238702893257141 
-0.3218352198600769 0.0266472939401865 -1.2898979187011719 -1.207252860069275 0.2838159501552582 0.5049010515213013 -1.865409016609192 -0.4296984076499939 -1.0163050889968872 -0.7627118229866028 -0.7515048384666443 -0.9015267491340637 -0.033990632742643356 -0.027166489511728287 -2.8510401248931885 -0.6553096175193787 -0.8058405518531799 -0.8759906888008118 0.8217018842697144 1.113718867301941 -0.1310136318206787 -0.8273778557777405 -1.2224465608596802 -0.008988149464130402 0.506723940372467 0.5179267525672913 -0.5586830377578735 -1.8010292053222656 -0.5316408276557922 0.675147294998169 -2.780111312866211 -1.4605860710144043 0.12899793684482574 0.530037522315979 0.29434865713119507 0.26181378960609436 -1.0351802110671997 -2.0742132663726807 -1.6525152921676636 -0.4064468443393707 0.09385755658149719 1.1548194885253906 -0.49760228395462036 0.1124044731259346 -2.8875463008880615 0.15921369194984436 -0.6210581660270691 -1.8707014322280884 -1.3490498065948486 -2.479985475540161 
0.25587978959083557 0.3244584798812866 -0.21083055436611176 -0.6326076984405518 0.05545070394873619 0.2299470603466034 -0.2988702356815338 0.34700557589530945 0.5068780183792114 0.08954213559627533 0.33307161927223206 0.13414615392684937 0.47036758065223694 0.2122311294078827 -0.49260497093200684 0.23433439433574677 0.30666983127593994 -0.48371556401252747 -0.291671484708786 -0.2690151631832123 -0.27038854360580444 -0.6427273154258728 -0.3876441717147827 0.03370488062500954 -0.3518141508102417 0.3824978768825531 -0.2705218493938446 -0.1993061900138855 0.3143901526927948 -0.34124040603637695 -0.6519782543182373 -0.569919228553772 0.014128461480140686 0.8861349821090698 -0.39385688304901123 -0.4345161020755768 0.2232852727174759 -0.40659400820732117 -0.11619767546653748 0.44372043013572693 0.14997358620166779 0.2587621212005615 -0.46756279468536377 -0.3432229459285736 0.5722326040267944 0.28448349237442017 0.16794727742671967 0.5052456855773926 -0.42653995752334595 -0.23266179859638214 
0.20679093897342682 0.32151108980178833 -0.2217552661895752 -0.48094502091407776 0.05874520167708397 0.0665656104683876 -0.3525218069553375 0.3768511116504669 0.4758469760417938 0.23825323581695557 0.14164546132087708 0.08726280182600021 0.42600932717323303 0.1440114676952362 -0.35024863481521606 0.36307770013809204 0.3044239282608032 -0.3221781849861145 -0.14877964556217194 -0.067727230489254 -0.3824249804019928 -0.8385853171348572 -0.2563426196575165 0.04059899225831032 -0.3660975694656372 0.23088689148426056 -0.3538340926170349 -0.3786483108997345 0.33225134015083313 -0.34084010124206543 -0.5604080557823181 -0.3332684636116028 0.2508145570755005 1.054665207862854 -0.44939401745796204 -0.4193805754184723 0.061189938336610794 -0.27573782205581665 0.013568849302828312 0.5885613560676575 0.2497144490480423 0.36222270131111145 -0.3309222459793091 -0.23216809332370758 0.5955471396446228 0.07807502150535583 0.23101288080215454 0.5959395170211792 -0.3582775592803955 -0.4574730098247528 
0.4816543757915497 0.558039128780365 -0.4112461805343628 -0.7267484664916992 0.17711743712425232 0.20229753851890564 -0.48475009202957153 0.3727658689022064 0.4971282482147217 0.21710257232189178 0.25362834334373474 -0.011327034793794155 0.4218365550041199 0.21134501695632935 -0.47890761494636536 0.3179882764816284 0.3343343436717987 -0.5305575132369995 -0.1732892394065857 -0.3275744318962097 -0.4293881952762604 -0.6831165552139282 -0.5061952471733093 -0.0010236017405986786 -0.3561442494392395 0.47152408957481384 -0.41485947370529175 -0.4227343201637268 0.30511680245399475 -0.2818381190299988 -0.5093012452125549 -0.43697798252105713 0.2395494133234024 1.0690672397613525 -0.25538986921310425 -0.47321879863739014 0.03761871159076691 -0.40851128101348877 -0.017203347757458687 0.4439537823200226 0.28443366289138794 0.444936066865921 -0.5377920866012573 -0.25888559222221375 0.643152117729187 0.2928660809993744 0.22622723877429962 0.6764917373657227 -0.47110408544540405 -0.4840528666973114 
-0.12654076516628265 0.4411587417125702 -0.7492647767066956 -1.7522530555725098 -0.03203130513429642 1.6052113771438599 -2.192247152328491 -0.17186112701892853 1.432793378829956 -0.9748672246932983 -0.8356185555458069 -2.1690571308135986 0.296654611825943 0.051520075649023056 0.3655672073364258 -0.531471312046051 -1.1160860061645508 0.5531468987464905 1.5423667430877686 1.7395108938217163 0.34555739164352417 -1.6185683012008667 -2.1150457859039307 -0.946840226650238 0.5218387246131897 0.6446657776832581 -1.5586825609207153 -1.5239741802215576 -0.3424992263317108 1.0866481065750122 -2.9693589210510254 -1.4671618938446045 -0.5543665289878845 0.9335321187973022 0.4902409315109253 0.5322747230529785 -1.6491700410842896 -1.7199382781982422 -5.249021053314209 0.033680763095617294 -0.2482454627752304 0.5617605447769165 0.12073691189289093 0.07706345617771149 1.124558687210083 0.18272922933101654 -0.6167583465576172 -0.9036718010902405 0.40016233921051025 -2.084733486175537 
0.3236232101917267 0.3227984309196472 -0.19078846275806427 -0.42652544379234314 0.22290906310081482 0.14540788531303406 -0.43374577164649963 0.3303656280040741 0.46773868799209595 0.14982232451438904 0.10951390117406845 0.013000570237636566 0.5846076011657715 0.3095957338809967 -0.41495686769485474 0.40635931491851807 0.07123666256666183 -0.40231239795684814 -0.29508575797080994 -0.05611073598265648 -0.37467077374458313 -0.8052846193313599 -0.2267909049987793 -0.0714171752333641 -0.3076809048652649 0.23946420848369598 -0.2040124088525772 -0.42619332671165466 0.3592526316642761 -0.27187588810920715 -0.5698729157447815 -0.4681932330131531 0.021978411823511124 0.8091391921043396 -0.39214861392974854 -0.4183741807937622 0.17934532463550568 -0.2903619110584259 0.10360407829284668 0.5869234800338745 0.226952463388443 0.3775936961174011 -0.5304389595985413 -0.289450079202652 0.6378850340843201 0.10418685525655746 0.16125154495239258 0.5689448118209839 -0.539883017539978 -0.3434309959411621 
0.47455358505249023 0.5601235032081604 -0.3507266342639923 -0.5747343897819519 0.2964622378349304 0.08133384585380554 -0.5041472911834717 0.39353007078170776 0.4265965223312378 0.14987722039222717 0.06980270892381668 -0.08533616364002228 0.6578755974769592 0.24390847980976105 -0.6796837449073792 0.30636313557624817 0.17750132083892822 -0.5469996333122253 -0.16192059218883514 -0.07761726528406143 -0.185026615858078 -0.6894435882568359 -0.3712179362773895 0.017895545810461044 -0.3837869167327881 0.373102068901062 -0.3294162154197693 -0.5103729367256165 0.26479536294937134 -0.14770928025245667 -0.6547180414199829 -0.43967533111572266 0.24725089967250824 1.0935120582580566 -0.5002099871635437 -0.3719407916069031 0.24938642978668213 -0.3256446421146393 -0.010574459098279476 0.515397846698761 0.1697283685207367 0.2537652254104614 -0.41125816106796265 -0.26592329144477844 0.7474913597106934 0.24582067131996155 0.36843883991241455 0.5855980515480042 -0.6409443616867065 -0.5131505131721497 
0.37211287021636963 0.4706193506717682 -0.339824378490448 -0.5805259346961975 0.0728117823600769 0.1448546051979065 -0.6079187989234924 0.5306229591369629 0.5141642689704895 0.19426663219928741 0.11935706436634064 0.005563379265367985 0.5238502025604248 0.25775763392448425 -0.6196658611297607 0.2657270133495331 0.29467129707336426 -0.5691373944282532 -0.15673156082630157 -0.1413855105638504 -0.1816500574350357 -0.8204498887062073 -0.3155984580516815 -0.013722577132284641 -0.5819882154464722 0.47234585881233215 -0.45109161734580994 -0.2662894129753113 0.3632606267929077 -0.22692647576332092 -0.6428637504577637 -0.4643789529800415 0.06413426995277405 1.073198676109314 -0.26971712708473206 -0.2407706081867218 0.12855517864227295 -0.4410803020000458 -0.09105844795703888 0.5742576718330383 0.28688982129096985 0.33114415407180786 -0.5789728164672852 -0.37541359663009644 0.6665739417076111 0.26508083939552307 0.3294267952442169 0.6522087454795837 -0.5567110180854797 -0.3359353840351105 
-0.18606990575790405 -0.45840758085250854 1.1817901134490967 0.5891426205635071 -0.9410499930381775 1.0657963752746582 1.198268175125122 -0.13046382367610931 0.9445391893386841 -0.25342637300491333 -0.39937737584114075 -0.8194310665130615 -0.1408512443304062 -0.1178818792104721 0.31497782468795776 0.13126353919506073 -0.1401616930961609 0.33918482065200806 0.376986563205719 0.3793617784976959 0.8087353110313416 0.84931880235672 -0.311209499835968 -0.8620383143424988 0.26771634817123413 -0.8358862996101379 -0.6517689228057861 0.9185915589332581 -0.13521240651607513 0.502302348613739 0.9675653576850891 0.4084678292274475 -0.7754173874855042 -1.0513144731521606 0.2130194455385208 0.2379736602306366 -0.35256433486938477 0.7888190150260925 -0.43998226523399353 0.18315047025680542 -0.59242844581604 -0.7147055864334106 0.15248125791549683 0.0041166506707668304 0.8418697118759155 -0.8500989079475403 -0.3186850845813751 -0.9973119497299194 0.185724675655365 0.6112121343612671 
0.3308514356613159 0.35670584440231323 -0.3274438679218292 -0.47792717814445496 0.032592274248600006 0.2769586145877838 -0.6228469014167786 0.571973443031311 0.40236106514930725 0.34775400161743164 0.1817166954278946 -0.054033007472753525 0.42389893531799316 0.3363451361656189 -0.7087790369987488 0.2949755787849426 0.16297970712184906 -0.47044506669044495 -0.2339039295911789 -0.2335890531539917 -0.17211198806762695 -0.7121951580047607 -0.42328718304634094 -0.13101552426815033 -0.3676411211490631 0.4275173246860504 -0.45578035712242126 -0.31306788325309753 0.29673147201538086 -0.1699945628643036 -0.6656908988952637 -0.4406256079673767 0.27487146854400635 0.9975716471672058 -0.5128370523452759 -0.49385392665863037 0.007454343140125275 -0.3715224266052246 -0.10817641019821167 0.45930033922195435 0.10880167782306671 0.3419226109981537 -0.3413242995738983 -0.4070136249065399 0.7326859831809998 0.175901398062706 0.17137138545513153 0.6293227672576904 -0.532109260559082 -0.47595125436782837 
0.014573024585843086 -0.250608891248703 1.7372167110443115 0.23404404520988464 -1.0437804460525513 1.5926265716552734 1.2771941423416138 -0.03731222823262215 1.2574536800384521 -0.2629617154598236 -0.17343449592590332 -1.3677729368209839 -0.03523728996515274 0.13129644095897675 0.16951346397399902 0.1432698369026184 -0.028107892721891403 0.2191287726163864 0.5458894371986389 0.33557918667793274 0.9771512746810913 0.8198234438896179 -0.6589148044586182 -1.2458915710449219 0.07704314589500427 -0.7753171920776367 -0.931195080280304 1.3849403858184814 -0.1650686413049698 0.5862491726875305 1.4300165176391602 0.0018035094253718853 -0.930672824382782 -0.6213107705116272 0.14804238080978394 0.08767672628164291 -0.1787133365869522 1.3846559524536133 -0.8967543840408325 0.24374854564666748 -0.7922536134719849 -0.9709261059761047 0.019877515733242035 0.19731098413467407 1.21034836769104 -0.7697694301605225 -0.09562902897596359 -1.1190454959869385 0.09687688201665878 1.2914239168167114 
-0.11560548096895218 -0.026405775919556618 1.235113501548767 -0.21002720296382904 -1.353624701499939 1.4724472761154175 0.5691918730735779 0.0015531920362263918 1.1193126440048218 -0.38701364398002625 -0.41622552275657654 -1.3331743478775024 0.06838985532522202 0.16623455286026 0.28130659461021423 0.05234026163816452 -0.29607418179512024 0.3525138795375824 0.5761556625366211 0.6883918642997742 1.153018593788147 -0.16949117183685303 -0.7293254137039185 -1.1251554489135742 0.18512995541095734 -0.31312528252601624 -0.552661657333374 1.1152476072311401 -0.157102569937706 0.8526707291603088 1.1078143119812012 -0.1426989883184433 -1.79052734375 -0.35331231355667114 0.36467844247817993 0.14805932343006134 -0.6708144545555115 1.0190945863723755 -2.1814355850219727 -0.02998693473637104 -1.0894089937210083 -0.5548089146614075 0.16156533360481262 0.05579449236392975 0.9794503450393677 -1.000779628753662 -0.4077307879924774 -0.35971295833587646 0.254613995552063 0.8581579327583313 
0.38228103518486023 0.3780209720134735 -0.3458499312400818 -0.622299313545227 0.28846168518066406 0.17763808369636536 -0.465700626373291 0.39975282549858093 0.33995890617370605 0.08049316704273224 0.2164529263973236 0.05849946662783623 0.3458992838859558 0.2557674050331116 -0.5238179564476013 0.23337489366531372 0.27900609374046326 -0.3885067105293274 -0.14309518039226532 -0.2783155143260956 -0.24667717516422272 -0.7612594366073608 -0.3525286316871643 0.048510294407606125 -0.5108572244644165 0.22362689673900604 -0.20117656886577606 -0.23747842013835907 0.21461108326911926 -0.21129073202610016 -0.6029807925224304 -0.38490816950798035 0.06198820099234581 0.9919958710670471 -0.2862335443496704 -0.37566137313842773 0.18972823023796082 -0.3902972936630249 0.11042843759059906 0.4775017499923706 0.13102403283119202 0.430306077003479 -0.3186695873737335 -0.2740635573863983 0.6858595013618469 0.22665850818157196 0.3527831435203552 0.6263070702552795 -0.5770431160926819 -0.42591676115989685 
-0.4123435616493225 -0.41090765595436096 1.2527295351028442 0.3405241072177887 -1.8254528045654297 1.3444712162017822 1.2568660974502563 -0.27247869968414307 0.8127948641777039 -0.46615973114967346 -0.582604706287384 -0.9059423804283142 -0.2015661746263504 0.479793906211853 0.7190300822257996 -0.153833270072937 -0.3060961961746216 0.4077639877796173 0.5096067786216736 0.6037750840187073 2.08770751953125 0.07380876690149307 -0.39056724309921265 -0.7805614471435547 0.4967954158782959 -1.0160801410675049 -0.5964966416358948 1.1563575267791748 -0.45873314142227173 1.0213663578033447 1.5577120780944824 0.12665024399757385 -1.3700274229049683 -0.7985432744026184 0.4015694260597229 0.39917489886283875 -0.6784253120422363 1.2948812246322632 -0.7210475206375122 -0.1534075289964676 -1.5497727394104004 -1.3174816370010376 0.6842935085296631 0.42431825399398804 0.9702593684196472 -1.7544996738433838 -0.5839218497276306 -0.3906908929347992 0.5444114804267883 1.2016794681549072 
0.3400927782058716 0.4513890743255615 -0.38413646817207336 -0.6554744243621826 0.08351311832666397 0.03036879561841488 -0.45610693097114563 0.5171999335289001 0.306735098361969 0.13125558197498322 0.19943660497665405 -0.07759404927492142 0.47742825746536255 0.29267293214797974 -0.5971686244010925 0.4490739703178406 0.2703562080860138 -0.52842777967453 -0.2944023609161377 -0.07567707449197769 -0.40485814213752747 -0.8838034272193909 -0.4474136233329773 0.10459669679403305 -0.5160616040229797 0.20686262845993042 -0.31442901492118835 -0.4903789758682251 0.3174276649951935 -0.2704162895679474 -0.6866413950920105 -0.6195797324180603 0.18921886384487152 0.9553965926170349 -0.4731682240962982 -0.2378014773130417 0.043255265802145004 -0.3325076103210449 0.014841408468782902 0.4628167450428009 0.3202049136161804 0.4276323616504669 -0.5528239011764526 -0.23361502587795258 0.7590463161468506 0.3317963778972626 0.3701297640800476 0.5278612971305847 -0.6628490686416626 -0.49402061104774475 
0.38268882036209106 0.48418593406677246 -0.16780714690685272 -0.5568190217018127 0.2651221454143524 0.2850726246833801 -0.3617590665817261 0.5491612553596497 0.5038579106330872 0.31320858001708984 0.1560831069946289 0.12036064267158508 0.5185506939888 0.18120130896568298 -0.4888559579849243 0.3643432557582855 0.20940300822257996 -0.3770969808101654 -0.2467515468597412 -0.14961163699626923 -0.2688581049442291 -0.8474339842796326 -0.4810463488101959 -0.10840108245611191 -0.4784623384475708 0.2884385287761688 -0.49082890152931213 -0.2773092985153198 0.44198083877563477 -0.26292577385902405 -0.6484136581420898 -0.5222423672676086 0.2133786678314209 1.0658754110336304 -0.2573617994785309 -0.31688567996025085 0.19619794189929962 -0.39636826515197754 0.07693033665418625 0.5919877290725708 0.10920597612857819 0.27313488721847534 -0.4912780523300171 -0.47540122270584106 0.7410750389099121 0.31554052233695984 0.20520643889904022 0.5568786859512329 -0.48590484261512756 -0.35504478216171265 
0.41254517436027527 0.5218942761421204 -0.27103427052497864 -0.5071913599967957 0.05772039666771889 0.10229286551475525 -0.48800966143608093 0.5007355213165283 0.24953272938728333 0.25029799342155457 0.17660926282405853 0.00900287926197052 0.5289434194564819 0.1897895187139511 -0.44369733333587646 0.28883060812950134 0.17805218696594238 -0.2886309325695038 -0.2200118899345398 -0.109473317861557 -0.11082674562931061 -0.6412834525108337 -0.38371527194976807 -0.04846282675862312 -0.334047794342041 0.2834920585155487 -0.2242598980665207 -0.25029057264328003 0.1966818869113922 -0.33564186096191406 -0.4186864495277405 -0.4605221450328827 0.14410071074962616 0.7927808165550232 -0.3943442106246948 -0.42543190717697144 0.16245344281196594 -0.44348469376564026 0.09384727478027344 0.5620045065879822 0.1840837597846985 0.4296519160270691 -0.285640150308609 -0.3733447790145874 0.7287259101867676 0.26748648285865784 0.2590250074863434 0.646552324295044 -0.47688397765159607 -0.17052750289440155 
0.3540627360343933 0.4069960415363312 -0.2114509791135788 -0.5589082837104797 0.25217971205711365 -0.016104737296700478 -0.33638784289360046 0.3986201286315918 0.30711615085601807 0.09700439125299454 0.10091816633939743 0.06831955909729004 0.6036855578422546 0.13918691873550415 -0.3432205319404602 0.16064202785491943 0.16945897042751312 -0.48678985238075256 -0.2220689356327057 -0.18543685972690582 -0.2377796769142151 -0.624261200428009 -0.3182070255279541 0.12379351258277893 -0.29854825139045715 0.42955929040908813 -0.34771251678466797 -0.4585413634777069 0.19464533030986786 -0.1251356154680252 -0.5267460346221924 -0.5750102400779724 0.13143973052501678 1.0036659240722656 -0.3750405013561249 -0.43528446555137634 0.09806039929389954 -0.46317949891090393 0.061905864626169205 0.42312857508659363 0.11898835748434067 0.4661593735218048 -0.37660354375839233 -0.3993580639362335 0.7075156569480896 0.29274410009384155 0.2317115068435669 0.6032890677452087 -0.3417704105377197 -0.41375306248664856 
0.6072599291801453 1.0546157360076904 0.39754995703697205 -0.9886904358863831 -0.3303302824497223 0.7190300226211548 -0.34249991178512573 0.8280070424079895 1.2895032167434692 0.25432300567626953 -0.010844388976693153 -0.8656854033470154 1.2270467281341553 -2.7005059719085693 -2.321166753768921 0.8275271058082581 0.05641172453761101 -0.9490437507629395 0.6249308586120605 0.37907299399375916 0.4973275065422058 -0.9838986396789551 -1.3952491283416748 -0.7324579358100891 -0.4019854962825775 0.4678392708301544 -1.461959958076477 0.010453623719513416 0.3256087303161621 0.2909892797470093 -0.478637158870697 -2.1886212825775146 -0.24585899710655212 -1.0907288789749146 -0.2696347236633301 -0.3045087158679962 0.011104391887784004 0.053264569491147995 -0.610152006149292 1.0610182285308838 -0.11271132528781891 -1.386707067489624 -1.9048136472702026 -0.9866142272949219 -0.4489179849624634 -0.2378711700439453 0.28009355068206787 -3.3312153816223145 -2.239302158355713 -0.5364720821380615 
0.7261344790458679 0.8092591166496277 0.16606390476226807 -0.9998137354850769 -0.5250088572502136 1.0026494264602661 -0.547670841217041 0.8845668435096741 1.0636889934539795 0.13839897513389587 -0.015144684351980686 -1.0071285963058472 1.0444228649139404 -2.756054639816284 -2.391519784927368 0.6508036851882935 0.23881316184997559 -0.8241702914237976 0.42348501086235046 0.5802825093269348 0.34029290080070496 -0.7227762341499329 -1.198081612586975 -0.8798664212226868 -0.28317442536354065 0.2101590484380722 -1.4596623182296753 0.09928228706121445 0.3731115162372589 0.4126877784729004 -0.521841287612915 -1.9355701208114624 -0.2776004672050476 -1.4453462362289429 -0.5510320067405701 -0.47203847765922546 0.07792451232671738 -0.1601286232471466 -0.38100844621658325 1.1148099899291992 -0.21852527558803558 -1.8217591047286987 -1.9437575340270996 -0.9967861771583557 -0.5559881925582886 -0.19707925617694855 0.2328862100839615 -3.490621328353882 -2.0674657821655273 -0.4855845272541046 
-0.2621447741985321 -0.4783920645713806 1.4692063331604004 0.6836795806884766 -0.9999910593032837 1.239554524421692 1.6525609493255615 -0.22557823359966278 0.9436888098716736 -0.24364589154720306 -0.11133995652198792 -0.6351797580718994 -0.3484898507595062 1.2615290880203247 0.2836242616176605 0.0800962820649147 0.03725465014576912 0.32135283946990967 0.3898797929286957 0.36034321784973145 1.3594791889190674 0.8867949843406677 -0.3146757483482361 -0.8451768159866333 0.09187887609004974 -1.1195966005325317 -0.5540256500244141 1.29425847530365 -0.1837339848279953 0.6005326509475708 1.7561135292053223 0.35763970017433167 -0.6892420053482056 -0.6599538922309875 0.25340205430984497 0.33596494793891907 -0.09384181350469589 1.508702039718628 -0.24698473513126373 0.06980080902576447 -0.6703634858131409 -1.6688824892044067 0.19958455860614777 0.7293654680252075 1.0026214122772217 -1.2224419116973877 -0.18404391407966614 0.6511561870574951 0.11691106110811234 1.2305890321731567 
0.6035823225975037 0.558856189250946 0.6661559343338013 0.22494395077228546 -0.3130575120449066 0.5230655670166016 1.0443476438522339 0.6174607872962952 0.4096067547798157 0.2963106036186218 0.3696593642234802 -0.44457462430000305 0.7094013690948486 -1.4412007331848145 -1.2954145669937134 0.9174745082855225 0.5436587929725647 -0.5594797730445862 0.22023513913154602 0.30158743262290955 0.2750724256038666 0.19903142750263214 -0.001206530025228858 -0.5736396312713623 -0.28675204515457153 -0.07399517297744751 -0.36041003465652466 1.1407467126846313 0.4150404930114746 0.1756913959980011 1.498932123184204 -0.4076871871948242 -0.22425466775894165 0.13952192664146423 -0.2801205515861511 -0.3328060805797577 0.3693500757217407 1.0710293054580688 0.1979089379310608 1.0237339735031128 0.009007140062749386 -0.24482834339141846 -1.1511778831481934 -0.3675359785556793 -0.761106014251709 -0.19210101664066315 0.3361397087574005 -1.9061338901519775 -1.3907945156097412 1.0656673908233643 
0.3942715525627136 0.6465900540351868 1.944891095161438 -0.7279096245765686 -0.8447226881980896 2.7950141429901123 0.8624481558799744 0.35417887568473816 2.1848413944244385 -0.3575797975063324 -0.23082782328128815 -2.727808952331543 0.6520772576332092 -0.3325652480125427 0.010180792771279812 0.2496103197336197 -0.29070618748664856 0.022474175319075584 1.3941437005996704 1.2984219789505005 0.9993953704833984 -0.5456641316413879 -2.3656303882598877 -2.113856792449951 0.1554451435804367 0.03852730616927147 -2.1473193168640137 1.4947576522827148 -0.02880525030195713 1.1189684867858887 1.0681970119476318 -0.9617373943328857 -0.9862604737281799 0.5116198658943176 0.06274933367967606 0.09114617109298706 -0.7368164658546448 1.4934123754501343 -2.9864089488983154 0.7269001603126526 -0.7469736933708191 0.20181764662265778 -0.05522950738668442 -0.010728512890636921 2.231656074523926 -0.7816829085350037 -0.348820298910141 -1.3962100744247437 -0.18539488315582275 1.1830638647079468 
0.4357365667819977 0.4912017285823822 -0.15406180918216705 -0.6613601446151733 0.1937621682882309 0.12705855071544647 -0.41897597908973694 0.4113665521144867 0.33492016792297363 0.14305934309959412 0.27482274174690247 0.13275228440761566 0.4984270930290222 0.169067844748497 -0.4318534731864929 0.22103969752788544 0.2892462909221649 -0.514460563659668 -0.3361090123653412 -0.1461377888917923 -0.41668033599853516 -0.7145055532455444 -0.39555802941322327 0.11209660023450851 -0.3515225648880005 0.19144229590892792 -0.415964812040329 -0.3998667299747467 0.34061959385871887 -0.23393094539642334 -0.5275442004203796 -0.6487241983413696 0.1337713897228241 0.818677544593811 -0.34345850348472595 -0.2215515375137329 0.03895852714776993 -0.27816036343574524 0.0018870009807869792 0.5738104581832886 0.30027514696121216 0.3061107099056244 -0.4297904074192047 -0.34077250957489014 0.6272604465484619 0.24960972368717194 0.27973273396492004 0.7092104554176331 -0.5475327968597412 -0.23897147178649902 
0.22720561921596527 0.5643259882926941 -0.10156266391277313 -0.595205545425415 0.2512645423412323 0.17652715742588043 -0.3358973562717438 0.525312602519989 0.41517114639282227 0.20579175651073456 0.24260367453098297 0.12668606638908386 0.5355580449104309 0.2196972817182541 -0.4332975447177887 0.31886711716651917 0.09975976496934891 -0.26894932985305786 -0.12766283750534058 -0.1876986175775528 -0.39440420269966125 -0.7715186476707458 -0.21655958890914917 -0.019814439117908478 -0.4676390290260315 0.392648845911026 -0.27987611293792725 -0.3011999726295471 0.29914432764053345 -0.11921529471874237 -0.6511237621307373 -0.5322497487068176 0.020748430863022804 0.8130806088447571 -0.41824156045913696 -0.2231285274028778 0.015155723318457603 -0.42086493968963623 -0.03854769468307495 0.3429795801639557 0.03726194053888321 0.34767603874206543 -0.373212993144989 -0.2765119969844818 0.6178601384162903 0.2691037654876709 0.2600043714046478 0.6512826085090637 -0.3506942391395569 -0.3329835832118988 
-0.2434123307466507 -0.3522409498691559 1.1145778894424438 0.6664741039276123 -0.34584781527519226 0.752156138420105 1.9071662425994873 -0.16890619695186615 0.8106553554534912 0.1079096794128418 -0.11288873851299286 -0.3580116629600525 -0.1899217814207077 1.1833292245864868 -0.05007629841566086 -0.05076223611831665 0.01620463840663433 -0.051858093589544296 0.15804466605186462 0.25008997321128845 0.2981894612312317 0.9121254086494446 0.2374289333820343 -0.2010716199874878 0.015491800382733345 -1.3946894407272339 -0.17969095706939697 1.2161998748779297 -0.05229193717241287 0.223844975233078 1.4439960718154907 0.48372626304626465 -0.22549374401569366 -1.072170376777649 -0.08313524723052979 -0.10006100684404373 0.08749504387378693 1.3840144872665405 0.1456642746925354 0.08911531418561935 -0.22447004914283752 -1.060615062713623 0.16067858040332794 0.8352996110916138 0.6933049559593201 -0.410739928483963 0.05353647843003273 0.7630648612976074 0.03218643367290497 0.9349808692932129 
0.17047683894634247 -0.03427732735872269 1.491898775100708 -0.26048803329467773 -0.5089852213859558 0.6389927864074707 1.1990832090377808 0.20974493026733398 1.1397802829742432 -0.013756860047578812 0.05313128978013992 -0.5751189589500427 0.03662499040365219 -1.1940678358078003 -0.15476156771183014 0.176993727684021 0.17406560480594635 0.04812487214803696 -0.11180426925420761 0.0030851135961711407 0.37984800338745117 -0.4176560938358307 -0.7717244625091553 -0.6618380546569824 -0.2078830599784851 -0.47741663455963135 -1.0812300443649292 1.6962357759475708 0.20862829685211182 0.0379871241748333 1.506259560585022 -0.2914813458919525 -0.3543858826160431 -0.6446675658226013 0.05843314155936241 -0.01144682802259922 0.13869838416576385 1.4964569807052612 -0.3607461452484131 0.3204285502433777 -0.278632789850235 -0.6775194406509399 -0.2637955844402313 -0.3370502293109894 0.9722304940223694 -0.3125660717487335 -0.09527523070573807 -1.7664135694503784 -0.22393670678138733 1.2709014415740967 
0.6300151348114014 0.22562019526958466 0.6836766004562378 0.23810845613479614 -0.26357144117355347 0.23370680212974548 0.5293233394622803 0.6631402373313904 0.21876515448093414 0.5868670344352722 0.42157554626464844 -0.1378059834241867 0.7395286560058594 -2.025191068649292 -1.1208586692810059 0.92264324426651 0.5035912990570068 -0.5252569913864136 0.31299859285354614 0.21513210237026215 0.07791265845298767 0.5249798893928528 0.6415708661079407 -0.45507076382637024 -0.6030632257461548 -0.02222532406449318 0.1507115513086319 0.8464757800102234 0.47143471240997314 -0.043290574103593826 1.1944584846496582 -0.046917788684368134 -0.04132659360766411 -0.45110395550727844 -0.4021800458431244 -0.4691295027732849 0.557043731212616 0.7037014365196228 0.43294820189476013 0.9979977011680603 -0.0435086190700531 -0.0682160034775734 -0.6783435940742493 -0.39799344539642334 -0.5323188900947571 -0.039672672748565674 0.4904824495315552 -1.8965251445770264 -0.9004508256912231 0.7969964742660522 
0.43761101365089417 0.6462401151657104 1.0912305116653442 -1.5511236190795898 -0.2696135640144348 1.0524131059646606 0.7434765696525574 0.47994694113731384 1.789772629737854 -0.09481077641248703 -0.13638313114643097 -1.155410647392273 0.5910381078720093 -0.9677658677101135 -0.28382399678230286 0.7680919170379639 0.08308661729097366 -0.1783515363931656 0.357776403427124 0.3221350610256195 0.3716941475868225 -1.4327423572540283 -1.2862074375152588 -1.1023398637771606 0.036607641726732254 0.47653502225875854 -1.7775068283081055 0.7305887341499329 0.24614277482032776 0.32981011271476746 0.793935239315033 -1.521149754524231 -0.5026717782020569 2.0438199043273926 0.06025784835219383 -0.12884922325611115 -0.3854973614215851 0.7559481263160706 -0.871709406375885 0.7672606706619263 -0.2532891035079956 2.1961188316345215 -0.3753231167793274 -0.45150226354599 1.4279977083206177 -0.14670048654079437 0.16167926788330078 -2.6553845405578613 -0.23313386738300323 0.5368682742118835 
0.2668948471546173 0.44164225459098816 -0.20227690041065216 -0.7181466817855835 0.2850322127342224 0.2049931287765503 -0.5721094608306885 0.46722283959388733 0.5419568419456482 0.18856486678123474 0.2290501594543457 -0.11403126269578934 0.6843466758728027 0.3262605369091034 -0.5374481678009033 0.25465306639671326 0.2856505513191223 -0.4063483774662018 -0.30563440918922424 -0.2667105495929718 -0.4053460359573364 -0.7918431758880615 -0.2616320848464966 -0.12194634228944778 -0.5778343081474304 0.34993842244148254 -0.32047489285469055 -0.36863550543785095 0.21478907763957977 -0.18310515582561493 -0.49548134207725525 -0.6232590079307556 0.2417522668838501 0.9690027236938477 -0.3279755115509033 -0.4446161389350891 0.11054886132478714 -0.5547930002212524 0.12192735821008682 0.5202520489692688 0.08402960747480392 0.46801432967185974 -0.4035184979438782 -0.37045127153396606 0.5809147357940674 0.12783893942832947 0.31403079628944397 0.4392867088317871 -0.6162034869194031 -0.3021112382411957 
0.06529675424098969 -0.058410339057445526 1.2033929824829102 0.7746214866638184 -0.7437734603881836 0.6874143481254578 0.07281719148159027 0.3477872610092163 0.31290403008461 0.23124004900455475 0.09494614601135254 -0.7352278232574463 0.19500581920146942 -1.6657623052597046 -0.43972381949424744 0.6133513450622559 0.26467764377593994 -0.2704041302204132 0.6629526019096375 0.46932026743888855 0.6406348347663879 1.1876956224441528 0.6112755537033081 -0.5090776681900024 -0.25355812907218933 -0.46559780836105347 0.26476848125457764 0.8273027539253235 0.1328476369380951 0.39374056458473206 0.4561662971973419 0.9716437458992004 -0.6691197156906128 -2.7166948318481445 -0.19359752535820007 -0.2653801739215851 0.15140406787395477 0.9635210037231445 0.24381622672080994 0.623853325843811 -0.4115433394908905 -1.183441162109375 -0.3331696391105652 -0.8299532532691956 -1.216874361038208 -0.3436416983604431 0.07034981995820999 -2.4811296463012695 -0.3842753469944 0.5125757455825806 
-0.1429229974746704 -0.1327468454837799 1.4349530935287476 -0.0663411021232605 -1.430531620979309 1.8263896703720093 0.8269127607345581 0.06898688524961472 1.1632531881332397 -0.3088797628879547 -0.2401629239320755 -1.6189827919006348 0.033877450972795486 0.2714781165122986 0.4997626543045044 0.09113295376300812 -0.1909041851758957 0.17437994480133057 0.7333112359046936 0.837710440158844 1.259008765220642 -0.12926821410655975 -0.6207174062728882 -1.0776493549346924 0.30874186754226685 -0.6361302733421326 -0.7726521492004395 1.3297744989395142 -0.10552304983139038 0.9204036593437195 1.446412444114685 -0.03859826549887657 -1.614522933959961 -0.3406272530555725 0.1178937554359436 0.10730858147144318 -0.5505486726760864 1.3852739334106445 -2.342587947845459 0.19024011492729187 -1.1936769485473633 -0.8540865182876587 0.30339035391807556 0.09881149232387543 1.3315274715423584 -1.002590537071228 -0.27260714769363403 -0.5141618251800537 0.4101148545742035 1.2348096370697021 
0.05040297657251358 0.12218698114156723 1.1484755277633667 -0.6614267826080322 -0.6926711201667786 1.8236080408096313 0.24600724875926971 0.14239013195037842 1.510036587715149 -0.3965214192867279 -0.4490092396736145 -1.795483112335205 0.2956281900405884 -0.06877879053354263 0.10794872045516968 -0.1830943524837494 -0.2274276167154312 0.14275982975959778 1.0322116613388062 0.9386211633682251 0.9618144035339355 -0.5438666343688965 -1.680701494216919 -1.360119104385376 0.40793269872665405 0.049185145646333694 -1.4582735300064087 1.0421028137207031 -0.252331405878067 0.8106603026390076 0.7153453826904297 -0.8216107487678528 -0.9411386251449585 0.2377079278230667 0.25526389479637146 0.36452481150627136 -0.6053227186203003 1.0751540660858154 -2.9978418350219727 0.26092639565467834 -0.7336424589157104 -0.6906020045280457 0.2105358988046646 0.08513100445270538 1.288203477859497 -0.5359370112419128 -0.3506214916706085 -0.9507597088813782 0.11118381470441818 0.8764511942863464 
-0.10371541231870651 -0.23359166085720062 0.9440745115280151 -0.22586371004581451 -1.8418232202529907 1.4841500520706177 0.42609408497810364 -0.26069778203964233 1.1195553541183472 -0.355816125869751 -0.41133546829223633 -1.6637330055236816 -0.16559329628944397 0.4339044392108917 0.5977966785430908 -0.1049313023686409 -0.30195337533950806 0.46371990442276 0.6946836709976196 0.8925670385360718 1.8488965034484863 -0.49590182304382324 -0.6344465613365173 -1.2912685871124268 0.4610311985015869 -0.64751136302948 -0.6311661005020142 0.895478367805481 -0.13244909048080444 1.1466357707977295 1.246443510055542 -0.5387744307518005 -2.2735867500305176 -0.29814350605010986 0.4758850932121277 0.2522999048233032 -1.1047295331954956 0.7883148193359375 -2.247079372406006 -0.041236188262701035 -1.4333956241607666 -0.05419037118554115 0.5115941762924194 -0.004497915972024202 1.0226398706436157 -1.4612640142440796 -0.45055609941482544 -0.584650993347168 0.4738817811012268 0.8905003666877747 
0.4099101126194 0.036460742354393005 1.6071373224258423 0.6584711670875549 -0.8459157347679138 1.203343391418457 1.2848610877990723 0.6049453616142273 2.0030770301818848 0.09276989847421646 0.12280642986297607 -0.9986980557441711 0.41205304861068726 -0.8153504133224487 -0.6246323585510254 0.6795549392700195 0.4621310234069824 -0.39156782627105713 0.6740142703056335 0.5399109125137329 0.6201024055480957 0.7023890018463135 -0.25912147760391235 -0.9209631681442261 -0.37531355023384094 -0.678315281867981 -0.9100243449211121 2.013578176498413 0.30250751972198486 0.38011476397514343 1.823480486869812 0.5157983899116516 -0.7362445592880249 -0.40998438000679016 -0.1899525672197342 -0.3045741617679596 0.12996967136859894 1.8976783752441406 -0.1612655371427536 0.8099554181098938 -0.3637666404247284 -1.2718656063079834 -0.20665395259857178 -0.11712121963500977 1.740843415260315 -0.52512127161026 0.16059213876724243 -1.4841150045394897 -0.6037017703056335 1.71682608127594 
-0.6105479001998901 -0.9727872014045715 2.202521324157715 0.45504412055015564 -3.0651333332061768 1.8958097696304321 2.649869680404663 -0.45320820808410645 1.6007287502288818 -0.5631016492843628 -0.6490036249160767 -1.7584927082061768 -0.45877522230148315 0.6478883028030396 0.6450363397598267 -0.04585348442196846 -0.3391777276992798 0.538600504398346 1.1398134231567383 1.3178808689117432 3.880673408508301 0.16226735711097717 -0.7404376864433289 -1.433130145072937 0.6224573254585266 -2.0730109214782715 -1.0411778688430786 2.252553701400757 -0.4989456534385681 1.9074324369430542 2.679943799972534 0.3366624712944031 -2.3589603900909424 -1.7172718048095703 0.6974049806594849 0.5406967997550964 -0.15751218795776367 2.0941379070281982 -1.3140445947647095 -0.023176109418272972 -2.4865353107452393 -2.8791229724884033 0.7724356651306152 0.44281113147735596 1.6671409606933594 -2.9794883728027344 -0.7899803519248962 -1.1114634275436401 0.7002722024917603 2.0870492458343506 
0.32698559761047363 0.3721098303794861 -0.29161718487739563 -0.4586101174354553 0.18217234313488007 0.013632276095449924 -0.36402612924575806 0.4767254590988159 0.566214919090271 0.19511939585208893 0.3239748477935791 -0.012769567780196667 0.4803665578365326 0.12426668405532837 -0.47931426763534546 0.41822901368141174 0.19192048907279968 -0.3071141839027405 -0.2987692058086395 -0.2802009582519531 -0.2928103506565094 -0.7259318232536316 -0.25751587748527527 -0.006182949524372816 -0.4312189519405365 0.35266783833503723 -0.43621790409088135 -0.2578521966934204 0.4530796706676483 -0.12473174184560776 -0.4808456301689148 -0.5856241583824158 0.2475920468568802 0.9391199350357056 -0.43049857020378113 -0.22730587422847748 0.17288237810134888 -0.4305168092250824 0.06605493277311325 0.5434985160827637 0.1698000431060791 0.2345607429742813 -0.5441717505455017 -0.47590872645378113 0.5808513760566711 0.29155001044273376 0.33173027634620667 0.7098671793937683 -0.6448051929473877 -0.29875293374061584 
-0.37989741563796997 -0.40864336490631104 -0.10072337836027145 0.598599910736084 -0.4955119788646698 -0.041880279779434204 0.3965868353843689 -0.2778567969799042 0.4236987233161926 -0.18230557441711426 -0.053780388087034225 -0.3830636739730835 -0.29916584491729736 -2.0229945182800293 0.24397046864032745 -0.20835094153881073 -0.005390021484345198 0.2497454732656479 0.35138189792633057 0.31431296467781067 0.6988285779953003 0.4323815703392029 -0.8152595162391663 -0.1966327726840973 0.214383065700531 -1.1079251766204834 -0.8311368227005005 0.2321539968252182 -0.16395971179008484 0.16897466778755188 0.590502917766571 0.12122011929750443 -0.513258695602417 -2.9743752479553223 0.07737807929515839 0.15141740441322327 -0.08326369524002075 0.374591588973999 -0.13347667455673218 -0.133857861161232 -0.4073202908039093 -1.9532278776168823 0.07638021558523178 -1.0900177955627441 0.5522647500038147 -0.4482228755950928 -0.29048943519592285 -1.8414738178253174 0.15187208354473114 0.2840702533721924 
0.3991605341434479 0.3769510090351105 -0.21072672307491302 -0.5647534132003784 0.14945685863494873 0.09525298327207565 -0.32857686281204224 0.42480963468551636 0.4583548605442047 0.17663414776325226 0.25185343623161316 -0.043012186884880066 0.565563440322876 0.12575079500675201 -0.4721948504447937 0.379041463136673 0.18396204710006714 -0.5008213520050049 -0.08297689259052277 -0.06115023046731949 -0.29419219493865967 -0.8646755218505859 -0.4334884583950043 -0.047480616718530655 -0.5249915719032288 0.3907787501811981 -0.35311996936798096 -0.2746863067150116 0.27672940492630005 -0.18608887493610382 -0.6159462928771973 -0.6260013580322266 0.07008305937051773 0.964695394039154 -0.2958449125289917 -0.4565468430519104 0.044354431331157684 -0.39599931240081787 0.07094016671180725 0.39137741923332214 0.24250012636184692 0.2569076716899872 -0.3311159312725067 -0.19742238521575928 0.7420541048049927 0.06323438882827759 0.23758569359779358 0.7340998649597168 -0.5261573195457458 -0.21733388304710388 
0.46740230917930603 0.6331338286399841 -0.39874789118766785 -0.6894041299819946 0.2151590883731842 0.08255098015069962 -0.5794743299484253 0.4023217260837555 0.5437712073326111 0.12572616338729858 0.27593478560447693 0.05706647038459778 0.4482767581939697 0.19819337129592896 -0.6540281772613525 0.37634438276290894 0.2309463620185852 -0.5197992920875549 -0.32520028948783875 -0.07420946657657623 -0.32542288303375244 -0.9706798195838928 -0.34674137830734253 -0.1438561975955963 -0.42968738079071045 0.42948102951049805 -0.2680681049823761 -0.36550506949424744 0.22955621778964996 -0.16652828454971313 -0.7596582770347595 -0.6769046187400818 0.04472174122929573 1.0478593111038208 -0.3102940618991852 -0.33786091208457947 0.07573048025369644 -0.34713444113731384 0.05060138553380966 0.45259177684783936 0.059163086116313934 0.5244104266166687 -0.4630109369754791 -0.41011548042297363 0.687455952167511 0.2610899806022644 0.34865012764930725 0.6433374285697937 -0.7640864849090576 -0.5111207365989685 
0.143997922539711 0.5733662843704224 1.5454462766647339 -0.5681665539741516 -0.7629215717315674 2.6620125770568848 0.9868997931480408 0.2784126400947571 2.2395706176757812 -0.29602038860321045 -0.4704288840293884 -2.5467581748962402 0.5178742408752441 -0.21243633329868317 0.15714919567108154 0.05273175612092018 -0.25726887583732605 0.10880296677350998 1.2312543392181396 1.2469240427017212 1.0501501560211182 -0.47395920753479004 -2.6540539264678955 -1.727795958518982 0.2809215486049652 0.2666955590248108 -2.183274984359741 1.3045518398284912 0.04457826912403107 1.0378938913345337 0.958452582359314 -0.9684594869613647 -1.006983757019043 0.7600105404853821 0.06795839965343475 0.07907283306121826 -0.7010346055030823 1.1063388586044312 -2.860684871673584 0.5858502388000488 -0.7168581485748291 0.35205209255218506 0.08705487847328186 0.05087446793913841 2.161578416824341 -0.5542364120483398 -0.26675471663475037 -1.1635594367980957 -0.0549112968146801 0.9479123950004578 
-0.16136528551578522 -0.23976731300354004 1.208170771598816 -0.396185964345932 -1.8495745658874512 1.6942176818847656 0.3540370464324951 -0.04646073654294014 1.3358193635940552 -0.5114259719848633 -0.4166487157344818 -1.9285154342651367 -0.07757017761468887 0.2671339809894562 0.4873032569885254 -0.09043539315462112 -0.41087546944618225 0.24652314186096191 1.0589419603347778 0.916685938835144 1.5361689329147339 -0.4036755859851837 -0.9040834307670593 -1.1729402542114258 0.4318009316921234 -0.5290688872337341 -0.69596928358078 0.8377527594566345 -0.17197147011756897 1.25924551486969 1.260227918624878 -0.2720765471458435 -2.2607474327087402 -0.254547119140625 0.39938703179359436 0.3562309145927429 -1.2197622060775757 0.9002217054367065 -2.852062702178955 0.1327371746301651 -1.6293281316757202 -0.014279226772487164 0.5535405874252319 0.1457105278968811 1.246425747871399 -1.134236216545105 -0.35424983501434326 -0.662168562412262 0.5134900808334351 0.816941499710083 
-0.3486616909503937 -0.488999605178833 1.1245360374450684 0.16908776760101318 -1.1587830781936646 0.9940568208694458 0.9299612641334534 -0.09086275845766068 0.7244237661361694 -0.3745593726634979 -0.20183061063289642 -1.1602782011032104 -0.18857550621032715 0.19168104231357574 0.22455556690692902 0.02683485671877861 -0.10134637355804443 0.29151153564453125 0.5236528515815735 0.442422479391098 1.3066667318344116 0.0880977064371109 -0.49225905537605286 -0.8390875458717346 0.17116138339042664 -0.8894506692886353 -0.8352802395820618 0.9517484307289124 -0.33804768323898315 0.6729879379272461 1.3107439279556274 -0.15363916754722595 -1.3642817735671997 -0.7344461679458618 0.25295427441596985 0.2880660891532898 -0.5647441148757935 0.8719316124916077 -1.1215440034866333 0.06522566080093384 -1.0239390134811401 -0.5690650939941406 0.3027377724647522 0.17317311465740204 0.8756561279296875 -1.0808427333831787 -0.20879679918289185 -0.48167574405670166 0.23337939381599426 0.8852939009666443 

0.970149576663971 -0.49481797218322754 0.5575127601623535 -0.43351614475250244 -0.4602656364440918 -0.5190657377243042 -0.5092881917953491 0.9090095162391663 -0.4648229479789734 -0.5074950456619263 -0.4270046651363373 1.020483374595642 -0.5059093832969666 -0.4562316834926605 -0.46626511216163635 0.6502980589866638 -0.4808400869369507 0.6582804918289185 0.6588631868362427 -0.4884934425354004 0.6791206002235413 -0.4101352095603943 -0.46145009994506836 -0.5065369606018066 -0.5250257253646851 0.5749542117118835 0.5668354034423828 0.7771743535995483 0.5071964859962463 0.7555990219116211 -0.4337500333786011 -0.5270477533340454 0.6989895701408386 0.891061544418335 0.5646074414253235 0.7558974623680115 -0.4376276731491089 1.0842814445495605 0.7399645447731018 0.5836114287376404 0.7111047506332397 0.4823908507823944 0.9096004962921143 -0.4178541898727417 0.859581708908081 -0.5326550602912903 -0.44056588411331177 0.7038321495056152 0.7632623314857483 0.7058345079421997 
BIAS:
0.7181819081306458 0.9823691844940186 -1.073653221130371 -0.3519989550113678 0.727820098400116 -0.46873602271080017 -1.021086573600769 0.724332869052887 0.1681462526321411 0.7139794826507568 0.9273037910461426 0.36768296360969543 0.7640288472175598 -0.39168494939804077 -0.09826119989156723 0.46703800559043884 0.6547446250915527 -1.0373203754425049 -2.1719110012054443 -1.2182135581970215 -1.1861921548843384 -0.49941569566726685 0.2856510877609253 0.4470423460006714 -1.0290446281433105 0.5368383526802063 0.34013333916664124 -1.045912265777588 0.7856829166412354 -1.6596089601516724 -0.9765797853469849 -0.1118522509932518 0.4984794855117798 0.5202757716178894 -0.9508302807807922 -0.8152542114257812 0.41963863372802734 -0.9946674108505249 0.3882243037223816 0.8549947142601013 0.7848268747329712 0.4218614399433136 -1.100153923034668 -0.8631330132484436 -0.34927797317504883 0.8967952132225037 0.5901276469230652 -0.31767937541007996 -0.8152490258216858 -0.9927471876144409 

-0.03369849547743797 0.27919909358024597 0.5636097192764282 0.22908739745616913 0.2859615087509155 0.34034818410873413 0.18533191084861755 -0.2578445374965668 0.3131403625011444 0.212051659822464 0.17654676735401154 -0.5754711627960205 0.3160015940666199 0.2497834712266922 0.21616722643375397 -0.16635099053382874 0.40243542194366455 -0.23076020181179047 -0.2917824983596802 0.17757190763950348 -0.4640083611011505 0.36861321330070496 0.2511812150478363 0.2849680781364441 0.19977104663848877 0.13148164749145508 0.2698974311351776 -0.26519596576690674 0.23526734113693237 -0.09469491243362427 0.25953689217567444 0.29265570640563965 0.0525747574865818 -0.025826500728726387 0.20725803077220917 0.18258224427700043 0.250924289226532 -0.00357624189928174 -0.2737458050251007 -0.39015015959739685 -0.2970358431339264 0.1600736528635025 -0.6776824593544006 0.1931261122226715 -0.33684995770454407 0.20908993482589722 0.3006512224674225 -0.16687734425067902 -0.3515034019947052 -0.42508095502853394 

-0.24255096912384033 