10
3                  50                  50                  1
8.999099731445312 0.9845272898674011 0.6000000238418579 
5.363064765930176 0.48503339290618896 0.05000000074505806 
-0.04555004462599754 
-6.892267227172852 
WEIGHT:
-0.3988395929336548 0.5064303278923035 1.0555446147918701 
0.5508245825767517 -0.7151007056236267 1.270196557044983 
0.9039130210876465 0.5606251955032349 0.27984702587127686 
0.029432103037834167 0.33962929248809814 -0.8191583752632141 
0.4190182387828827 -0.3698771595954895 0.20209801197052002 
-0.7360170483589172 0.2673830986022949 -1.1940290927886963 
0.8227388262748718 -0.4612027108669281 -0.8784220814704895 
0.7680081129074097 -0.9805799126625061 -1.508344292640686 
0.505572497844696 -1.0345427989959717 0.6927732229232788 
0.447724848985672 0.013767614960670471 -0.29788148403167725 
-0.2567939758300781 -0.6022217273712158 -0.8973941802978516 
-0.9407437443733215 -0.37143418192863464 -1.2659928798675537 
-0.5577269196510315 0.5867211222648621 -0.42759138345718384 
-0.8772137761116028 0.9190318584442139 0.7864479422569275 
1.1245108842849731 0.6678112745285034 0.6307392120361328 
-0.021301202476024628 0.4227170944213867 0.9555599689483643 
-1.8553953170776367 -1.41172194480896 -2.411435127258301 
0.524718701839447 -0.4643113613128662 -1.8547542095184326 
-0.11135104298591614 -0.9476746320724487 1.5927481651306152 
1.3024195432662964 0.7269077897071838 1.1161946058273315 
-0.008954090066254139 -0.5472613573074341 0.5054249167442322 
0.44080600142478943 -0.10395752638578415 -0.5348857641220093 
-0.06388599425554276 0.4779975116252899 0.3083019554615021 
0.5469701290130615 -0.9562196731567383 0.6308839321136475 
0.6764255166053772 -1.1383485794067383 0.5953518748283386 
-1.0665700435638428 -0.904258131980896 -1.7982163429260254 
-0.4132026135921478 0.2978065013885498 0.9436613321304321 
-0.6159548759460449 -0.28804096579551697 -0.6391098499298096 
-0.2585526406764984 -0.7426997423171997 0.37700650095939636 
-0.3696616590023041 -0.6153965592384338 1.0347840785980225 
0.2947574555873871 -0.18659712374210358 -1.1025620698928833 
0.011108133010566235 -0.7084595561027527 0.5827717781066895 
-0.20622612535953522 -0.40486857295036316 -1.5441268682479858 
-0.17101752758026123 -0.8012591004371643 -1.2695999145507812 
0.1940184235572815 -0.5215245485305786 0.30931469798088074 
0.10539460182189941 0.8038317561149597 0.7309238314628601 
-0.8162633180618286 0.9356265068054199 0.6725176572799683 
-0.4896408021450043 -0.35144996643066406 -1.9686782360076904 
0.5880795121192932 -0.6777160167694092 0.008418934419751167 
0.664993166923523 -0.5175936222076416 0.47373461723327637 
0.3759431838989258 -0.7111531496047974 0.09378674626350403 
0.6009562611579895 -0.35226765275001526 -0.5004487037658691 
0.22938412427902222 -0.915037989616394 0.7058266997337341 
-0.7365331649780273 0.16468966007232666 -2.1783735752105713 
-0.521277666091919 -0.7645314931869507 -0.1728849709033966 
-0.7373261451721191 0.5545220971107483 -0.15426991879940033 
-0.19270914793014526 0.0521341897547245 0.388540655374527 
1.0305039882659912 -0.5933085083961487 -0.8031816482543945 
0.6229276657104492 -0.5596188306808472 -1.6999870538711548 
0.451921284198761 -0.69338458776474 1.2860479354858398 

-0.2516937255859375 -0.2239178717136383 0.021679693832993507 -0.026004018262028694 0.050499189645051956 0.04864713177084923 0.16888831555843353 0.1817164570093155 0.0740383118391037 0.12182432413101196 0.10221021622419357 0.21648608148097992 0.020069463178515434 -0.19494205713272095 -0.004627289716154337 -0.17215003073215485 0.14383654296398163 0.030096346512436867 -0.10537638515233994 -0.11664888262748718 0.047111626714468 0.09554039686918259 0.05825534462928772 0.22110885381698608 0.1610426902770996 -0.06319798529148102 -0.2869524657726288 0.1654794067144394 0.18285030126571655 0.06806884706020355 0.02145818993449211 0.0015672465087845922 0.24783837795257568 0.22636811435222626 0.2019098997116089 -0.44249507784843445 -0.3975028991699219 -0.30645236372947693 0.3728320002555847 -0.02379153110086918 0.3416157066822052 -0.067674919962883 0.15577980875968933 0.016110440716147423 0.08571793138980865 -0.011241353116929531 -0.1625542938709259 0.1442106068134308 0.2893237769603729 -0.18814530968666077 
0.09714806079864502 0.8063927888870239 0.16557733714580536 -0.07947493344545364 0.05833399295806885 -1.0524020195007324 0.11760500818490982 0.47119492292404175 0.3629070222377777 -0.026152918115258217 -0.5623966455459595 -0.7722659707069397 -0.46862202882766724 -0.35176321864128113 0.012152813374996185 0.016959797590970993 -0.3954890966415405 -0.32736852765083313 0.3984590470790863 0.13177217543125153 0.13410505652427673 0.027203835546970367 0.07859078049659729 0.8708666563034058 0.7138626575469971 -0.8015162348747253 0.05834410712122917 -0.3074917793273926 0.08021904528141022 0.12560264766216278 -0.28444409370422363 0.2090751826763153 -0.4213985502719879 -0.38621094822883606 0.14714424312114716 -0.29429227113723755 -0.27321508526802063 -0.4048585593700409 0.30426591634750366 0.7947214841842651 0.3125779628753662 -0.005825618281960487 0.3320053517818451 -0.3542362153530121 -0.21234625577926636 -0.265973299741745 -0.00521136075258255 0.02147430181503296 -0.24976783990859985 0.94887775182724 
-0.18994329869747162 0.15531164407730103 -0.08755267411470413 0.11572906374931335 -0.021790627390146255 -0.278333455324173 -0.03161189332604408 0.5300748348236084 0.5535264015197754 -0.17949967086315155 0.14064635336399078 -0.1868433654308319 -0.21692007780075073 -0.6697598099708557 -0.040942464023828506 0.05365289747714996 -0.19175934791564941 -0.12760208547115326 0.05689305439591408 -0.09543823450803757 -0.14937874674797058 0.014433343894779682 0.05021212249994278 0.4591841995716095 0.44052648544311523 -0.027608977630734444 -0.6238530874252319 0.1796354204416275 -0.11734352260828018 -0.1430041640996933 0.0014874330954626203 -0.17007876932621002 0.17232738435268402 0.12405731528997421 0.044275913387537 -0.3941493034362793 -0.5259171724319458 -0.039666950702667236 0.35255321860313416 0.4728386402130127 0.05385178327560425 0.03765130415558815 0.07402671873569489 -0.0755559578537941 -0.053733065724372864 0.005596125032752752 -0.03585357964038849 0.021970756351947784 -0.12776082754135132 0.12103104591369629 
-0.13130687177181244 0.08081330358982086 0.015514008700847626 -0.09314970672130585 -0.022513948380947113 0.035705968737602234 -0.05080064758658409 0.029051147401332855 0.06981737166643143 -0.048553358763456345 0.01804940029978752 -0.07218797504901886 0.06420161575078964 0.05527471750974655 -0.05699632689356804 0.011849002912640572 0.041672781109809875 0.0017243295442312956 0.06912168860435486 0.037344083189964294 0.0901506096124649 0.03013857826590538 0.01560754794627428 -0.012021631933748722 -0.06321553140878677 -0.01992335170507431 -0.11648803949356079 0.08546166867017746 -0.11587636172771454 0.029859762638807297 -0.09041843563318253 0.04488809406757355 -0.15199469029903412 0.11207800358533859 -0.07741155475378036 0.0834260955452919 0.18434855341911316 -0.08025422692298889 0.1120612844824791 0.11184730380773544 0.07759375870227814 0.058917924761772156 -0.03815574571490288 0.137769415974617 -0.10496427863836288 -0.09948951750993729 -0.08781623840332031 0.08308874070644379 -0.016087740659713745 -0.13469873368740082 
-0.0005667390651069582 0.4656822085380554 -0.010227285325527191 -0.22012056410312653 0.0005742989014834166 -0.2981451451778412 -0.07496520131826401 -0.22705961763858795 -0.1249394491314888 -0.09464625269174576 -0.2267787754535675 -0.2500372529029846 -0.19689632952213287 0.03032512776553631 -0.15186472237110138 -0.006633478682488203 -0.3670676648616791 -0.32009199261665344 0.12626247107982635 -0.11659058928489685 0.19869844615459442 0.10709555447101593 0.020287396386265755 0.09709601104259491 0.18009044229984283 -0.04695763811469078 0.2764100134372711 -0.124486543238163 0.10656499862670898 0.19496452808380127 -0.4005027413368225 0.2453366070985794 -0.48965609073638916 -0.37562620639801025 0.035514507442712784 -0.20618078112602234 0.22507159411907196 -0.10440555959939957 0.03223066404461861 -0.18550799787044525 -0.0698099359869957 0.18238358199596405 0.35684141516685486 -0.45409923791885376 0.15249650180339813 -0.028034403920173645 0.17827624082565308 -0.06455834209918976 -0.15702421963214874 0.3873981833457947 
-0.3428346514701843 -0.26994988322257996 -0.14501501619815826 0.07572653889656067 -0.006656854413449764 0.23920685052871704 0.16276386380195618 0.4692876935005188 0.015669234097003937 -0.1522575318813324 0.06427323073148727 0.230008065700531 -0.012779280543327332 -0.42182451486587524 0.06435302644968033 0.017124760895967484 0.43046408891677856 0.0038954722695052624 -0.18576811254024506 0.007457997649908066 -0.16034172475337982 -0.05684998631477356 0.11305245757102966 0.04175884649157524 0.0992732122540474 0.1423262655735016 -0.7788523435592651 0.11165352910757065 -0.0635906234383583 -0.04459919035434723 0.35163721442222595 -0.24379673600196838 0.30751436948776245 0.16688397526741028 -0.14595964550971985 -0.3576544225215912 -0.5803049802780151 -0.043573737144470215 -0.04575951024889946 0.405213862657547 -0.03918005898594856 0.07324352115392685 -0.14835768938064575 0.2338886857032776 0.09098144620656967 0.22198089957237244 -0.25561031699180603 0.1248093694448471 0.015650838613510132 -0.3410126864910126 
-0.006082199979573488 -0.035883910953998566 0.059303563088178635 0.20398959517478943 0.09028322994709015 0.29172560572624207 0.22292877733707428 0.21896259486675262 -0.024733826518058777 -0.1240069568157196 -0.07309429347515106 0.21336378157138824 0.23650045692920685 0.0751376673579216 -0.0007923131342977285 -0.02619878202676773 0.025349654257297516 -0.03699803352355957 -0.09360038489103317 -0.03132636845111847 -0.14551076292991638 0.1092056930065155 0.036660511046648026 -0.16842080652713776 0.11185085773468018 0.1718250960111618 -0.058062076568603516 0.12413829565048218 0.016639625653624535 -0.23552308976650238 -0.08596959710121155 -0.16766449809074402 -0.026378238573670387 0.040441278368234634 -0.14341986179351807 -0.04653339460492134 0.043064337223768234 0.024319829419255257 0.04292552173137665 0.007060205563902855 -0.08126218616962433 -0.10468346625566483 0.07556257396936417 0.06348958611488342 -0.01428559236228466 0.08757844567298889 0.007775335106998682 0.2321072667837143 -0.07475732266902924 -0.04260363429784775 
0.10103681683540344 0.06567882746458054 -0.06677419692277908 0.12094621360301971 -0.11319643259048462 0.028554100543260574 -0.035096101462841034 -0.06856857240200043 0.2545495331287384 -0.04277973994612694 -0.0563829131424427 0.08558289706707001 0.13799326121807098 0.1528022289276123 0.029780251905322075 0.1623121052980423 0.00016767125634942204 -0.1333685666322708 -0.07050059735774994 0.07999962568283081 0.1276937574148178 -0.017185663804411888 0.029770933091640472 0.09604662656784058 0.2684255540370941 0.028953399509191513 0.2290681004524231 0.05887233093380928 0.19931213557720184 0.002458017086610198 0.036039870232343674 0.054933540523052216 0.014416413381695747 -0.07189417630434036 0.023160772398114204 0.14462290704250336 0.15585456788539886 0.028395462781190872 0.11556437611579895 -0.039457280188798904 0.144541397690773 -0.12814782559871674 -0.07907063513994217 0.01861620880663395 0.06406891345977783 0.09430515766143799 -0.12349069863557816 -0.0067021544091403484 0.0959022045135498 -0.009260025806725025 
-0.2647675573825836 0.8202043771743774 -0.014950556680560112 -0.27237963676452637 0.223489910364151 -0.12308944761753082 0.1790250688791275 -0.10954529792070389 0.2908979654312134 -0.019893059507012367 0.06057334318757057 -0.3621721565723419 -0.5543681979179382 -0.9892703890800476 -0.07697450369596481 -0.20457078516483307 -0.2628982961177826 0.08607815206050873 0.07764219492673874 -0.27528131008148193 0.27231884002685547 0.08165263384580612 -0.08511139452457428 0.41128161549568176 0.3927816152572632 -0.7125874161720276 -0.24195776879787445 -0.18580955266952515 0.15032298862934113 -0.008865508250892162 0.041775092482566833 0.09042110294103622 0.09184733778238297 -0.06499210000038147 0.3980432152748108 0.07820738106966019 -0.6851947903633118 -0.2239072471857071 0.4846717119216919 0.3406837582588196 0.32343170046806335 -0.04962805286049843 0.49746689200401306 -0.23012550175189972 -0.20117530226707458 -0.25404077768325806 -0.042440105229616165 -0.07944517582654953 -0.04498165100812912 0.7638347744941711 
-0.006794403772801161 -0.08307965099811554 -0.0004632939235307276 0.03101496584713459 -0.057089801877737045 -0.21933943033218384 -0.1590762883424759 -0.0747562050819397 -0.055369723588228226 -0.12846718728542328 -0.0933963879942894 0.0021069429349154234 -0.03657936304807663 -0.20158223807811737 -0.0586155466735363 0.00454006576910615 -0.035611238330602646 -0.06267472356557846 0.10592826455831528 -0.011234964244067669 -0.09283961355686188 -0.09214048087596893 0.06940911710262299 -0.04334147274494171 -0.03276241198182106 0.14862540364265442 0.001890475512482226 0.06055793538689613 0.012937979772686958 0.019421085715293884 0.04051758721470833 0.02110285870730877 0.02878439985215664 0.03781270608305931 0.12327668070793152 0.026065465062856674 -0.0031584708485752344 -0.0034087870735675097 -0.07585436850786209 0.010096121579408646 -0.10089459270238876 0.0643867626786232 -0.09102015942335129 0.01304185576736927 -0.11186990886926651 -0.07513826340436935 -0.04977566376328468 0.059668537229299545 0.11826297640800476 0.07207135856151581 
-0.1039852648973465 0.08911970257759094 -0.14990264177322388 0.0455646738409996 0.12160764634609222 0.11638227850198746 -0.030403463169932365 0.0005499941180460155 0.0449557825922966 0.027751129120588303 -0.049357857555150986 0.12045706063508987 0.13401320576667786 0.13323894143104553 0.14028723537921906 0.058334190398454666 0.11217403411865234 0.015422426164150238 0.08687520027160645 0.16821426153182983 -0.041930537670850754 0.12858809530735016 -0.024746745824813843 0.022106336429715157 0.1584775745868683 0.1670084446668625 0.1717451959848404 -0.02938137762248516 0.1023605689406395 0.06451775878667831 -0.030817672610282898 -0.0886361226439476 0.049572013318538666 0.06449627876281738 -0.041626159101724625 0.2649816870689392 0.031265027821063995 -0.15805843472480774 0.018037158995866776 -0.02637600339949131 0.14096106588840485 0.01377768162637949 0.13658834993839264 0.045389145612716675 -0.01621905155479908 -0.006430582143366337 0.052377719432115555 0.12630265951156616 0.1126076877117157 0.03923243656754494 
-0.311707466840744 0.04116686433553696 0.007421734742820263 0.07213810086250305 0.004833228886127472 0.0786731168627739 0.17669731378555298 0.04512501880526543 -0.22291862964630127 0.2874731123447418 0.22722528874874115 0.26427605748176575 0.0065878406167030334 -0.14271147549152374 0.12494181096553802 -0.5568071007728577 0.011588056571781635 0.14013777673244476 0.03312065452337265 0.09867070615291595 0.1500532180070877 0.1722472906112671 -0.11486536264419556 0.07728541642427444 -0.13916054368019104 0.30711668729782104 -0.06015012040734291 -0.18670830130577087 -0.10595392435789108 0.10140661150217056 0.28919515013694763 0.19455872476100922 0.11650190502405167 0.09235838800668716 0.007252763956785202 -0.20232754945755005 -0.02675691805779934 0.364583283662796 0.11293716728687286 -0.07957858592271805 0.06323602795600891 0.3977132737636566 0.1056230217218399 -0.06570462137460709 0.04894286394119263 -0.2854381799697876 0.022581014782190323 0.2821566164493561 0.0710122361779213 -0.030893828719854355 
-0.12903662025928497 0.029932420700788498 -0.035326048731803894 0.028490545228123665 0.10737057775259018 0.016674840822815895 -0.03234579786658287 0.00038688600761815906 -0.12654726207256317 -0.07463692128658295 -0.017786415293812752 0.013046776875853539 0.005280293058604002 0.013165279291570187 -0.0026880502700805664 0.0076825483702123165 -0.04395759478211403 -0.0431114062666893 -0.13350743055343628 0.07257134467363358 -0.038764793425798416 0.08268309384584427 -0.03306738659739494 0.026970073580741882 0.046154242008924484 0.04095476493239403 0.10973990708589554 0.0317351296544075 -0.04713771492242813 0.07619962841272354 0.00124175485689193 0.03838994354009628 -0.06955891847610474 -0.06635640561580658 0.08104534447193146 -0.12422232329845428 0.0405362993478775 -0.05196843668818474 -0.012661030516028404 0.12070418894290924 0.0996137261390686 -0.20722804963588715 -0.015387185849249363 0.06511072814464569 0.14565874636173248 0.03112211264669895 0.03588394448161125 0.006178352981805801 0.14081761240959167 0.02648637816309929 
0.09701783210039139 0.04706669971346855 -0.07843494415283203 -0.1041867658495903 0.08442866802215576 -0.06352148205041885 -0.02575596608221531 -0.12005094438791275 -0.09118442237377167 -0.004776079673320055 0.08812128007411957 -0.06255332380533218 -0.0008343615336343646 -0.09541011601686478 -0.0335470512509346 0.09386972337961197 -0.03858090937137604 0.061428848654031754 -0.034895870834589005 0.030239500105381012 0.05606350302696228 0.06426957994699478 -0.08457966148853302 0.1451367437839508 0.01991216279566288 0.10531698167324066 -0.03178320452570915 -0.002144397469237447 -0.04425104334950447 0.06842650473117828 0.04350532963871956 -0.08451899886131287 0.049495913088321686 -0.12050612270832062 0.016703065484762192 0.09002282470464706 -0.1322290152311325 -0.10643664002418518 -0.04254257306456566 0.06249910965561867 0.010718142613768578 0.07111351191997528 -0.0875733494758606 0.14874479174613953 0.07941602170467377 0.15088531374931335 0.0370369479060173 -0.005872961133718491 0.03710726648569107 -0.0714854747056961 
-0.2779468894004822 0.3813474178314209 0.04782772436738014 -1.6696348190307617 0.18354786932468414 -0.7293882369995117 0.06130510941147804 -0.41010603308677673 -0.22671084105968475 0.2149285525083542 -0.023876171559095383 -0.8369356989860535 -0.8468552231788635 -0.43160080909729004 -1.4800174236297607 -0.4815647006034851 -0.38643860816955566 -0.22785905003547668 -0.005979322362691164 -1.6464850902557373 1.31153404712677 0.3131839632987976 -0.6092498898506165 0.26316121220588684 -0.2477380931377411 -1.4700918197631836 0.22683662176132202 -0.20978577435016632 0.3969050347805023 0.35527095198631287 -0.601472020149231 1.1595274209976196 -0.7076403498649597 0.051521677523851395 1.6401869058609009 -0.279959499835968 -0.30247774720191956 -0.6670353412628174 0.3472403585910797 -0.33812689781188965 0.6434294581413269 0.2082260102033615 0.7424084544181824 -2.3865623474121094 0.881832480430603 -0.36421841382980347 0.5315020084381104 0.3187516927719116 -0.24706558883190155 0.5353564620018005 
-0.05948961526155472 0.0651320219039917 -0.07508160173892975 0.12740890681743622 0.13698630034923553 -0.11992424726486206 -0.09393008053302765 -0.01609106734395027 -0.012707801535725594 -0.05331920087337494 -0.10759828239679337 -0.01448374055325985 0.07700397074222565 -0.013594080694019794 -0.06446219235658646 0.12311767041683197 -0.06961632519960403 -0.0011875347699970007 -0.10911338776350021 0.09971948713064194 0.08404386788606644 0.02127932198345661 -0.06245533376932144 0.05714894086122513 -0.01799268275499344 0.11737404018640518 0.031750086694955826 -0.001543063553981483 0.06522930413484573 0.07593338936567307 0.02539869211614132 -0.08825016021728516 -0.12115385383367538 0.10435821115970612 -0.15802302956581116 -0.13349275290966034 -0.053235284984111786 -0.0030468374025076628 -0.1214928850531578 0.06319636106491089 0.034119147807359695 -0.002092491602525115 0.037630241364240646 0.10976283997297287 0.03001602552831173 0.06102083995938301 0.13402844965457916 0.07793620973825455 0.01750885508954525 0.0041169459000229836 
0.08945556730031967 0.19430583715438843 0.029627392068505287 0.06072904169559479 -0.014706066809594631 -0.1492329239845276 -0.04428205266594887 -0.07944345474243164 0.2650728225708008 -0.007634694222360849 0.03161489963531494 -0.23286554217338562 0.1490768939256668 0.20595329999923706 0.23125076293945312 0.12592479586601257 -0.07272366434335709 -0.10723819583654404 0.25326570868492126 0.24036073684692383 0.005223285872489214 0.006240150425583124 0.17866109311580658 -0.03371329978108406 0.20282600820064545 -0.17225733399391174 0.2987133264541626 -0.056759435683488846 -0.0540563128888607 0.08845692873001099 -0.17611955106258392 0.001926467171870172 -0.056716013699769974 -0.037486035376787186 0.052201464772224426 0.1270027607679367 0.22055360674858093 -0.408723920583725 0.12689034640789032 0.10644417256116867 -0.027477361261844635 -0.14176145195960999 0.02173426002264023 -0.10023295879364014 -0.10509933531284332 0.09424710273742676 -0.12104284763336182 -0.010850737802684307 -0.07370854169130325 0.031106822192668915 
0.029845768585801125 -0.09414906054735184 0.01830211654305458 -0.08319835364818573 0.10554300248622894 -0.10777570307254791 -0.1092727854847908 -0.014852908439934254 0.14465367794036865 -0.0851144939661026 -0.060023266822099686 0.10773038864135742 -0.07953698933124542 -0.15174680948257446 -0.043936628848314285 -0.07485361397266388 -0.007951457984745502 0.059883639216423035 0.011337575502693653 0.008088876493275166 0.10445081442594528 -0.11774095892906189 0.03178628906607628 0.0863383337855339 -0.1283443570137024 0.031281352043151855 0.16068577766418457 0.06266006827354431 -0.04591348394751549 0.003989556338638067 0.10975836962461472 -0.14680808782577515 -0.009155224077403545 -0.0695376768708229 0.016766076907515526 0.1772843450307846 -0.0973973497748375 -0.09371022880077362 -0.01567898876965046 -0.11658288538455963 -0.07420602440834045 0.017820410430431366 0.11750999093055725 0.11060911417007446 -0.09422837942838669 0.07088557630777359 -0.0343368798494339 0.0905546247959137 -0.022397246211767197 -0.019439946860074997 
-0.782042920589447 -0.31199121475219727 -0.2256651371717453 0.3877914249897003 -0.12433597445487976 0.24449847638607025 0.605492115020752 0.8039420247077942 -0.18508513271808624 0.08376292884349823 0.07069791853427887 -0.20166586339473724 0.056170374155044556 -0.5523852705955505 -0.008755799382925034 -0.18289199471473694 -0.02342180721461773 1.0924805402755737 -0.6807773113250732 -0.04615506902337074 -0.3642843961715698 -0.05115669593214989 -0.013581552542746067 -0.223138689994812 -0.12431591004133224 -0.3524206280708313 -1.022900104522705 0.18023237586021423 -0.3555926978588104 -0.6727923154830933 0.9860299825668335 -0.3849307596683502 0.18358516693115234 0.15369118750095367 -0.05344356223940849 -0.1479157656431198 -0.2817358076572418 0.4853912889957428 0.19688823819160461 0.4614909887313843 8.416076161665842e-05 0.11412549018859863 -0.2797642648220062 0.21655629575252533 -0.11261070519685745 -0.019725864753127098 -0.2056795209646225 0.2899136245250702 1.0149441957473755 -0.42733144760131836 
-0.4360543191432953 -0.5009632706642151 0.07780730724334717 0.4708419442176819 0.0069932821206748486 0.5852623581886292 0.3191889226436615 0.9895997047424316 0.15226522088050842 -0.1679258495569229 0.3413224518299103 0.3349190354347229 0.21450912952423096 -0.6631351709365845 0.2122759371995926 -0.03158240392804146 0.2811885476112366 0.5655699968338013 -0.6495513916015625 0.12671968340873718 -0.29683324694633484 -0.11016175150871277 -0.044067513197660446 0.0703057125210762 0.17705479264259338 0.32657378911972046 -1.4654996395111084 0.10689035803079605 -0.1851911097764969 -0.5365735292434692 0.7302738428115845 -0.4339108467102051 0.5735570788383484 0.39398831129074097 -0.1401934027671814 -0.25152742862701416 -0.6061102151870728 0.4469585418701172 0.18378108739852905 0.11437158286571503 0.030264273285865784 0.04898475110530853 -0.31467753648757935 0.32400450110435486 -0.2118423581123352 0.054839786142110825 -0.2875470817089081 0.1616222858428955 0.4384610652923584 -0.41824018955230713 
0.05284253880381584 -0.1774076372385025 -0.047661732882261276 -0.12354035675525665 -0.14790774881839752 0.0343598946928978 -0.11383115500211716 0.03612125664949417 0.0745408907532692 0.11322813481092453 -0.037110667675733566 -0.12208119034767151 -0.030563008040189743 -0.06291209906339645 -0.05731062591075897 0.1423940807580948 0.0697210505604744 0.047730714082717896 0.08911838382482529 -0.025785882025957108 0.15241408348083496 0.10274742543697357 0.03913584724068642 -0.1715633124113083 0.0662505105137825 0.09386782348155975 -0.12062927335500717 -0.08707602322101593 -0.10378969460725784 -0.016573384404182434 0.04569341614842415 0.03616546094417572 -0.06904639303684235 0.03883832320570946 -0.06134199723601341 0.14455805718898773 -0.08280593156814575 -0.1124708503484726 -0.1270623654127121 -0.05740565434098244 -0.007471888326108456 0.13306546211242676 -0.03922286629676819 0.029729215428233147 -0.07642396539449692 -0.06557054817676544 -0.010146459564566612 -0.0469055250287056 0.052535831928253174 0.10735622048377991 
0.06170773133635521 0.08801466226577759 -0.2220197170972824 -0.12702645361423492 0.018798934295773506 0.012074867263436317 -0.09413765370845795 -0.12149693816900253 0.25496336817741394 -0.13597865402698517 -0.019701801240444183 0.041577428579330444 -0.07366538792848587 -0.18795694410800934 -0.33425986766815186 0.06813734024763107 0.023852983489632607 0.12345225363969803 0.17640084028244019 -0.4048309624195099 0.16918927431106567 -0.15558810532093048 -0.12127070128917694 0.03526454046368599 0.024362513795495033 -0.05383874103426933 0.18367043137550354 0.10647241771221161 0.2803255617618561 0.24884212017059326 -0.02122092805802822 0.12365467101335526 0.11458808928728104 0.0237052533775568 0.14260908961296082 -0.11452466994524002 -0.15800955891609192 -0.3223954439163208 0.11338946223258972 0.036870211362838745 -0.04543769359588623 -0.07880955934524536 0.1313084363937378 -0.08040100336074829 0.028249241411685944 0.08269547671079636 -0.20214329659938812 -0.06820626556873322 0.05274095758795738 -0.03671947121620178 
-0.17718517780303955 -0.053345873951911926 0.29837754368782043 -0.4885599613189697 0.33821770548820496 -0.40981176495552063 0.009019698016345501 -0.21286652982234955 0.06535424292087555 0.08346756547689438 -0.4231995642185211 -1.3558950424194336 -0.44280189275741577 -0.026345429942011833 -1.312764286994934 -0.2701137363910675 -0.1568656712770462 -0.7894014716148376 0.33759555220603943 -1.2487232685089111 0.6276295781135559 0.24952886998653412 -0.5782612562179565 0.2976357042789459 0.24588386714458466 -1.3681813478469849 -0.1665586233139038 -0.24297545850276947 0.3766170144081116 0.5796667337417603 -0.37271302938461304 0.9450985789299011 -0.4978775382041931 -0.3242667317390442 0.5576048493385315 -0.5133758783340454 0.04561600834131241 -0.06941144168376923 0.4356499910354614 -0.034858256578445435 0.6361385583877563 0.06119093298912048 0.5830262303352356 -0.49189329147338867 0.008622732013463974 -0.3872820734977722 0.2150297611951828 -0.15735609829425812 -0.6690921783447266 0.031647536903619766 
-0.33273231983184814 0.13852602243423462 0.03250076621770859 -0.16885097324848175 0.08739364892244339 -0.18618622422218323 -0.023917263373732567 0.18555963039398193 0.24485242366790771 0.001627266756258905 0.038260091096162796 -0.19859860837459564 -0.4711841940879822 -0.45847588777542114 0.04206755757331848 -0.2564159333705902 -0.05949974060058594 -0.3579959571361542 -0.0010962763335555792 0.040637169033288956 0.22631670534610748 0.17032693326473236 -0.06017748638987541 0.4618622958660126 0.25742772221565247 0.19782234728336334 -0.40315133333206177 -0.20730474591255188 0.1539541482925415 0.01252833567559719 -0.06801555305719376 0.2659666836261749 0.003787077497690916 -0.15817439556121826 0.32846084237098694 -0.11617721617221832 -0.46497392654418945 0.009204037487506866 0.44858428835868835 0.17909017205238342 0.496084064245224 0.19015610218048096 0.19895659387111664 -0.04153737053275108 -0.09842006862163544 -0.1576605588197708 -0.10527783632278442 -0.07230912148952484 -0.4858801066875458 0.27246904373168945 
-0.048018988221883774 -0.045350391417741776 -0.017254846170544624 0.06038879603147507 0.033268898725509644 0.1659209430217743 0.024514639750123024 0.03969335928559303 0.009881641715765 -0.06738973408937454 0.008707349188625813 -0.02002807706594467 -0.14598168432712555 -0.10599854588508606 0.08769384026527405 0.10218282788991928 -0.015900013968348503 0.046296678483486176 0.015318217687308788 -0.09575721621513367 0.06872306764125824 0.043864473700523376 -0.034226346760988235 -0.0271025188267231 0.07552015036344528 0.08734362572431564 -0.01708534173667431 0.01954575441777706 -0.13784855604171753 0.03400278836488724 -0.0008227747166529298 0.020786434412002563 -0.12080086022615433 -0.06105000525712967 -0.05404328182339668 0.04381342604756355 0.10019580274820328 -0.05859677866101265 0.021988680586218834 -0.01029654685407877 0.14723093807697296 -0.04926690459251404 -0.1355535387992859 -0.01077631488442421 0.0684920996427536 0.09981384128332138 0.1489027887582779 0.013413822278380394 -0.02362922392785549 0.028406621888279915 
-0.07361903786659241 -0.0380210354924202 -0.05784168094396591 0.06448625773191452 -0.07071810960769653 0.038226623088121414 -0.021651968359947205 0.0047104619443416595 0.15144586563110352 0.04352155327796936 0.037141356617212296 0.02168484963476658 -0.20465190708637238 -0.027644120156764984 -0.07761246711015701 -0.046770453453063965 0.007410508114844561 0.06088535487651825 0.07993714511394501 -0.029703767970204353 0.08702284842729568 0.012293855659663677 -0.08709654957056046 -0.1411987990140915 -0.056041620671749115 0.04680194705724716 0.013123574666678905 -0.03899303451180458 -0.016315186396241188 -0.01705922558903694 -0.006912287790328264 0.021028153598308563 0.037596482783555984 -0.1451382339000702 -0.08403050899505615 0.2883107662200928 -0.04048347845673561 -0.034957606345415115 0.07491627335548401 0.06153537705540657 -0.08556555956602097 0.012222415767610073 -0.12516433000564575 0.00448011327534914 -0.02254541777074337 0.06160959601402283 0.1513892412185669 0.07250645011663437 -0.1027539074420929 0.017844369634985924 
-0.2317226082086563 0.31686389446258545 0.1330152004957199 -0.22514726221561432 0.2290312945842743 -0.18422965705394745 -0.043557457625865936 0.07739247381687164 0.09700894355773926 0.0727803185582161 -0.09245974570512772 -0.22342874109745026 -0.37659308314323425 -0.18742574751377106 -0.3272835314273834 -0.08425477892160416 -0.07712312042713165 -0.2747814357280731 0.1884596347808838 -0.05013519152998924 0.30589255690574646 0.2394946664571762 -0.15013889968395233 0.23218974471092224 0.237966850399971 0.17027661204338074 -0.21598707139492035 0.02610006369650364 -0.06384322792291641 0.2084237039089203 -0.2532859146595001 0.5167130827903748 -0.1543121039867401 -0.0183835681527853 0.3719785213470459 -0.051541734486818314 -0.17937017977237701 0.10562977194786072 0.1902959644794464 0.040709998458623886 0.21889252960681915 0.17376820743083954 0.4190913736820221 -0.1298540085554123 0.21375662088394165 -0.05759347975254059 0.011908918619155884 -0.14596600830554962 -0.25300008058547974 0.21709775924682617 
0.3454355299472809 0.07832308113574982 -0.028106560930609703 -0.02881479449570179 0.08316274732351303 -0.05254374444484711 -0.016464445739984512 -0.2006702721118927 0.27557435631752014 -0.0907733142375946 0.07717543095350266 -0.13360275328159332 0.1022413894534111 0.17018459737300873 0.17920464277267456 0.09151194244623184 0.07342618703842163 -0.274521142244339 0.3522486090660095 0.03345884755253792 -0.012251847423613071 -0.25668367743492126 0.2423720508813858 0.3203592300415039 0.29448843002319336 -0.1429772973060608 0.13961957395076752 0.05583114176988602 0.15724989771842957 0.14852584898471832 -0.42128798365592957 -0.050264712423086166 -0.14178360998630524 0.07315295934677124 0.09722749143838882 0.17222021520137787 0.19741137325763702 -0.24614904820919037 0.017655709758400917 0.2992933988571167 -0.0038842391222715378 -0.051728229969739914 0.16689826548099518 -0.16945777833461761 0.004454873036593199 0.05670825392007828 0.01307981088757515 -0.027974823489785194 -0.3989916741847992 -0.05181451141834259 
0.008946704678237438 0.16523590683937073 0.11969407647848129 0.10599014163017273 -0.10567596554756165 0.08363835513591766 0.048445381224155426 -0.0739067867398262 -0.09199713170528412 -0.16299420595169067 0.10645950585603714 -0.10307677835226059 0.0745660662651062 0.058949925005435944 -0.084028460085392 -0.08197897672653198 -0.036558546125888824 0.06117207184433937 -0.05556779354810715 0.04520489647984505 -0.0669575035572052 -0.1547410637140274 -0.0910957008600235 -0.06145908683538437 0.19984102249145508 -0.043787870556116104 0.019240742549300194 -0.06363146007061005 0.09129737317562103 0.028909340500831604 -0.039894282817840576 -0.033900078386068344 0.08583392202854156 -0.13053807616233826 0.021083561703562737 -0.08292733877897263 0.04606884717941284 0.21685291826725006 -0.04324062541127205 -0.015227158553898335 0.04455437883734703 0.10779789090156555 -0.0147708123549819 -0.07050248980522156 0.09269779175519943 -0.1286328136920929 -0.07267822325229645 0.030396919697523117 -0.16255947947502136 -0.09504763036966324 
0.027094518765807152 0.742397665977478 0.20921987295150757 -0.28829699754714966 0.15644606947898865 -0.5431689023971558 -0.5591591000556946 -0.14088740944862366 0.21317638456821442 -0.03218616545200348 0.0804218202829361 -0.13865014910697937 -0.36994585394859314 -0.3308482766151428 -0.08617197722196579 0.10797428339719772 -0.1894671469926834 -1.090547800064087 0.31107109785079956 0.07159758359193802 0.4725422263145447 -0.1428806334733963 0.011342685669660568 1.0234804153442383 0.543207585811615 0.1253775954246521 -0.3012440800666809 -0.23218578100204468 0.22768566012382507 0.16419994831085205 -0.9458443522453308 0.5483474135398865 -0.23260317742824554 0.07427431643009186 0.23974500596523285 -0.09655556082725525 -0.406023234128952 0.010834218002855778 0.5396414399147034 0.31353265047073364 0.6402778625488281 -0.14266178011894226 0.6739169955253601 -0.4379531741142273 0.2228977233171463 -0.03326422721147537 -0.06176122650504112 -0.5880362391471863 -1.0857168436050415 0.5783888697624207 
0.0785195454955101 -0.07378407567739487 -0.04450424015522003 -0.00774212833493948 0.0840974822640419 0.08137287944555283 -0.14981907606124878 0.031663428992033005 0.01801341399550438 0.09705773741006851 -0.09141610562801361 -0.05829194560647011 0.14299139380455017 0.036049023270606995 -0.028529269620776176 -0.060966067016124725 0.033422887325286865 -0.024803536012768745 -0.014636804349720478 0.05882225185632706 0.09068886190652847 0.016756417229771614 0.11803677678108215 0.025019897148013115 0.16509847342967987 -0.0018004439771175385 0.08651820570230484 0.08857086300849915 -0.13557463884353638 0.016429651528596878 0.17820687592029572 0.030757160857319832 0.08736240118741989 -0.06330849230289459 -0.06218402087688446 0.0766637995839119 -0.11466845124959946 -0.023330025374889374 0.03104223497211933 -0.007238192018121481 -0.04047652706503868 0.015463821589946747 0.003134369384497404 -0.048292580991983414 0.05466124042868614 -0.035250961780548096 0.09824325144290924 0.055322758853435516 -0.005370460916310549 -0.04740678891539574 
0.06540488451719284 1.0598100423812866 -0.04870880767703056 -0.7179785370826721 0.3739900588989258 -0.28820839524269104 -0.33551979064941406 -2.023283004760742 0.2488231062889099 0.3056451380252838 -0.27689722180366516 -0.14282310009002686 -0.8519091010093689 -0.21918627619743347 -0.05391813814640045 -0.12616126239299774 -1.1789538860321045 -0.08153480291366577 1.112384557723999 0.10381604731082916 0.5667318105697632 0.23917986452579498 -0.11132744699716568 0.4024060368537903 0.25630825757980347 -0.22604337334632874 0.5543786287307739 -0.23858094215393066 0.3778105676174164 0.7372125387191772 -0.2609417736530304 0.4929048717021942 -0.770814061164856 -0.7485424876213074 0.4885965585708618 0.23943667113780975 -0.2979389727115631 -0.11495446413755417 0.04239371046423912 0.24650846421718597 0.3637537658214569 -0.010224065743386745 0.6254613399505615 -1.3253720998764038 0.288985013961792 -0.49378278851509094 0.3398545980453491 0.1637343168258667 -0.01151967328041792 1.3659946918487549 
-0.013454260304570198 -0.06920652091503143 -0.17838868498802185 -0.11064697057008743 -0.09513325244188309 -0.010216359980404377 0.142643541097641 -0.12609602510929108 -0.05182964727282524 -0.030769754201173782 -0.15350055694580078 -0.1328205168247223 0.05970386415719986 -0.17188532650470734 -0.0733933076262474 0.1251208782196045 0.02436361275613308 -0.0698736235499382 -0.0072185504250228405 0.13214358687400818 -0.11082583665847778 -0.08500142395496368 -0.010199395008385181 -0.10541974753141403 0.12360919266939163 -0.03661467507481575 0.16029924154281616 -0.03661894425749779 0.04984695836901665 0.025680875405669212 0.04666220769286156 -0.12829427421092987 0.09173747152090073 0.10109221190214157 0.039354074746370316 0.07631853967905045 0.04221992939710617 0.0005631284439004958 0.019427908584475517 0.0137472590431571 0.1423172801733017 -0.012763140723109245 0.15801334381103516 0.16029533743858337 0.093779057264328 -0.054113034158945084 0.05285258591175079 0.1877255141735077 -0.10007630288600922 -0.09486895799636841 
0.06608813256025314 -0.02521882764995098 -0.33417150378227234 0.12110967934131622 -0.21696051955223083 0.06486258655786514 -0.24594658613204956 -0.1452540159225464 0.19131864607334137 -0.20357781648635864 0.11378946155309677 0.04158991947770119 -0.11694727092981339 -0.18469855189323425 -0.34325674176216125 -0.07348859310150146 0.22509455680847168 0.0505402646958828 0.14999373257160187 -0.11461085081100464 0.03469405323266983 -0.07143645733594894 -0.019068006426095963 0.18857969343662262 0.2222711443901062 0.1148010864853859 0.10724099725484848 -0.017829526215791702 0.16821259260177612 0.11162236332893372 0.1243966594338417 -0.001061221119016409 0.07442189753055573 -0.03241358697414398 0.0964360386133194 0.003663576440885663 -0.22520926594734192 -0.1658705174922943 0.2029688060283661 0.1766463816165924 0.020734332501888275 -0.22751149535179138 -0.016137590631842613 -0.017149316146969795 -0.04296384006738663 0.03387197107076645 0.00036901162820868194 -0.008316393941640854 0.030076848343014717 -0.101457379758358 
-0.008547314442694187 0.421833336353302 -0.1917145997285843 -0.19665145874023438 -0.0189728494733572 -0.3194176256656647 -0.2903972268104553 -0.24260930716991425 0.23971468210220337 -0.17951472103595734 -0.19693729281425476 -0.2684122622013092 -0.3127141296863556 -0.23775985836982727 -0.29445680975914 -0.003997329156845808 -0.15083414316177368 -0.364700049161911 0.4993504285812378 -0.1945541948080063 0.28926584124565125 0.014145691879093647 -0.10897324234247208 0.16147038340568542 0.4716266691684723 -0.6848684549331665 0.23045578598976135 -0.05024813488125801 0.18217065930366516 0.3693253695964813 -0.44694384932518005 0.029008489102125168 -0.2296614944934845 -0.05420244112610817 0.052765924483537674 -0.3195195198059082 -0.44306913018226624 -0.7647691965103149 0.037169091403484344 0.291311115026474 -0.059166181832551956 -0.032854314893484116 0.10589693486690521 -0.22984611988067627 -0.2636311948299408 0.03886658325791359 -0.15018458664417267 -0.0479518286883831 -0.2530216574668884 0.1910191774368286 
0.008941524662077427 -0.0984349474310875 -0.09285780787467957 0.06280142813920975 -0.01612357795238495 0.03143754228949547 0.09390684962272644 -0.12752798199653625 -0.04233432933688164 0.11924626678228378 0.012828466482460499 0.008300204761326313 -0.17347708344459534 -0.09212326258420944 0.0238342322409153 -0.0039034532383084297 -0.04134625196456909 -0.14492006599903107 0.05403776094317436 -0.0544610321521759 -0.11935874819755554 -0.03962814807891846 0.10983677208423615 0.06888870894908905 -0.12541770935058594 0.08492118120193481 0.11568272113800049 0.1276388019323349 0.009132551960647106 -0.006084077060222626 0.07213249057531357 0.029744740575551987 0.08177323639392853 0.0007238246034830809 -0.002534753642976284 0.09677522629499435 0.009411321021616459 -0.02674189954996109 0.09181282669305801 0.16805027425289154 0.08910190314054489 -0.047135546803474426 0.057851072400808334 0.03833937272429466 -0.08748925477266312 -0.04068930074572563 0.12861086428165436 0.09513040632009506 -0.01113912370055914 -0.03223809972405434 
0.05218439921736717 -0.23142656683921814 0.20330050587654114 0.028783051297068596 -0.11888078600168228 -0.1549261212348938 -0.4118940532207489 -0.4073200821876526 -0.31539463996887207 -0.12141738831996918 0.17668183147907257 0.0822722315788269 0.3562174439430237 -0.04559119790792465 -0.12115597724914551 -0.07901273667812347 0.29158833622932434 -0.08454328030347824 0.18625272810459137 -0.09905938804149628 -0.060638293623924255 -0.11557883769273758 -0.007715161424130201 -0.5995543003082275 -0.652696967124939 0.25812259316444397 0.22844979166984558 0.249099463224411 0.2233889400959015 0.25675079226493835 0.056328460574150085 -0.08167438954114914 0.10577376931905746 0.12647022306919098 -0.10081050544977188 -0.11030790954828262 0.27011504769325256 0.28177306056022644 -0.4241875410079956 -0.3006286919116974 -0.18756018579006195 -0.2605915367603302 -0.08617664128541946 0.026327185332775116 0.14284420013427734 0.18716374039649963 0.00408661225810647 -0.19469566643238068 -0.2459307760000229 -0.27927711606025696 
-0.08467739820480347 0.09182188659906387 0.17017622292041779 -0.18631970882415771 0.22040624916553497 -0.22482465207576752 -0.04473663493990898 0.06613775342702866 0.11768855154514313 0.07988369464874268 -0.07679111510515213 -0.2161182463169098 -0.3024284541606903 -0.6642683148384094 -0.2547144293785095 -0.16487230360507965 -0.11598727107048035 -0.7821317315101624 -0.20000438392162323 -0.2650022506713867 -0.06147322431206703 0.1573270559310913 -0.16501420736312866 0.3706592917442322 0.3586517572402954 -0.13829582929611206 -0.5912829637527466 -0.1026611253619194 -0.00033118409919552505 -0.20260079205036163 -0.5252572894096375 0.2168242186307907 -0.2407865673303604 -0.01346852071583271 0.17258283495903015 -0.3151533007621765 -0.7712385058403015 0.1423652172088623 0.30610421299934387 0.1605374813079834 0.036097507923841476 0.020407920703291893 0.07091029733419418 -0.19391725957393646 -0.09161711484193802 -0.15894711017608643 0.052023712545633316 -0.19972851872444153 -0.822900116443634 0.10685494542121887 
0.16442374885082245 -0.2418874055147171 -0.06605435162782669 -0.08295173197984695 0.05530283600091934 0.5074974894523621 -0.28652623295783997 -0.365610808134079 0.09731106460094452 -0.07744153589010239 0.08952702581882477 0.20933213829994202 0.4290508031845093 0.34014537930488586 -0.19242268800735474 -0.13364405930042267 -0.10140520334243774 0.02111058309674263 0.07911157608032227 -0.25647789239883423 0.028050433844327927 0.08625005930662155 -0.0013665425358340144 0.004198841284960508 -0.013609879650175571 0.06350325047969818 0.5293027758598328 -0.01673240400850773 0.2735256254673004 0.14262838661670685 0.01216786541044712 0.20045308768749237 0.050002604722976685 -0.07257664948701859 0.1375007927417755 0.19187019765377045 0.4268478453159332 0.09931275993585587 -0.18961559236049652 -0.49918514490127563 -0.0042694490402936935 0.02346973493695259 0.2108369767665863 0.00045759108616039157 0.09230094403028488 0.13887102901935577 -0.0114364605396986 0.01566898636519909 -0.1873941421508789 -0.07893536984920502 
0.1538158804178238 0.07906987518072128 -0.0363006517291069 0.08746201545000076 -0.15073442459106445 -0.05075693130493164 -0.12948057055473328 -0.1364700347185135 -0.058173228055238724 0.10034631937742233 0.023702777922153473 0.15607956051826477 0.02448604628443718 -0.05630955845117569 -0.13714227080345154 0.007316782604902983 -0.05935301631689072 -0.022700658068060875 0.14485003054141998 0.06299719959497452 -0.10085495561361313 -0.16318795084953308 -0.055919814854860306 -0.01372399553656578 0.07844657450914383 0.05402875319123268 -0.15987622737884521 0.04664537310600281 -0.08296919614076614 0.02665536105632782 0.019948039203882217 -0.10925716161727905 0.1060318574309349 0.03723956272006035 -0.01422085240483284 0.051997434347867966 -0.055655110627412796 -0.12152398377656937 0.14914767444133759 0.09178090840578079 -0.08681992441415787 -0.05338144302368164 -0.033434610813856125 -0.01830846443772316 -0.0454782135784626 -0.043725911527872086 0.03207981586456299 0.13620351254940033 0.09470544755458832 -0.14016740024089813 
0.0011223856126889586 0.809910237789154 -0.4073913097381592 -0.0713752806186676 0.3353063762187958 -0.8264879584312439 0.11753353476524353 0.009218137711286545 0.4740867614746094 0.041381433606147766 -0.31788185238838196 -0.6800177097320557 -0.8486178517341614 -0.5060898661613464 -0.022302893921732903 -0.018533121794462204 -0.536631166934967 -0.2441987544298172 -0.06081439182162285 0.032772842794656754 -0.05994568020105362 0.058854226022958755 -0.08276865631341934 0.6640948057174683 0.6265577673912048 -0.862784743309021 -0.264804869890213 -0.21037237346172333 -0.17468224465847015 -0.14481210708618164 -0.2987903356552124 -0.14484332501888275 -0.5856287479400635 -0.3557983934879303 0.21334107220172882 0.19369612634181976 -0.36701685190200806 -0.16046570241451263 0.9075011610984802 0.6953877210617065 0.3197753429412842 -0.013756293803453445 0.09808201342821121 -0.9310541749000549 -0.47610434889793396 -0.36904048919677734 0.021952364593744278 -0.023269521072506905 -0.14144858717918396 0.6982958316802979 
-0.03587473928928375 0.22550897300243378 -0.061351556330919266 -0.33079633116722107 0.16320879757404327 -0.3785914182662964 -0.08867310732603073 -0.0745328962802887 0.0038978885859251022 0.04860984906554222 0.05343017727136612 -0.12008754163980484 -0.25122272968292236 0.0963517427444458 -0.4417913854122162 -0.24926115572452545 -0.016470151022076607 -0.036698631942272186 0.21687036752700806 -0.15352703630924225 0.3878239691257477 0.21786321699619293 -0.2796444296836853 0.3034136891365051 0.18094678223133087 -0.045050643384456635 0.051730647683143616 -0.2011391520500183 0.2563968598842621 0.1341194361448288 -0.18256397545337677 0.5974931716918945 -0.2535644471645355 -0.17932778596878052 0.24310316145420074 -0.05267544090747833 -0.01531194243580103 0.16477517783641815 0.32086408138275146 0.055631376802921295 0.38499781489372253 0.2566205561161041 0.6313629150390625 -0.16185297071933746 0.18297675251960754 -0.10091366618871689 0.2127591371536255 0.07044265419244766 -0.13935860991477966 0.45124486088752747 
-0.13855566084384918 0.04309973493218422 -0.1498325914144516 0.009649251587688923 -0.09814666956663132 -0.019971206784248352 0.10267114639282227 -0.014350298792123795 -0.013422181829810143 0.0780455470085144 0.029503116384148598 0.03059612214565277 -0.05543336272239685 0.008490748703479767 0.02821379154920578 0.07940111309289932 -0.016217518597841263 0.020647389814257622 -0.030655914917588234 0.08635033667087555 0.15423108637332916 -0.04854157567024231 -0.10214263945817947 -0.11952468752861023 0.054005060344934464 -0.03880886733531952 0.04742203280329704 0.10407043248414993 -0.01810106262564659 -0.011538643389940262 -0.062455225735902786 -0.05995577946305275 -0.10092823207378387 0.05475221201777458 0.0535416454076767 0.052717410027980804 -0.10524488985538483 -0.03449484705924988 -0.07870075106620789 -0.19272443652153015 -0.07822569459676743 -0.08573117107152939 -0.054058995097875595 -0.02317633293569088 0.1366432011127472 -0.1116354689002037 0.061510950326919556 -0.07059283554553986 0.06734667718410492 0.021628526970744133 
-0.10914742201566696 0.14125023782253265 -0.002996767871081829 -0.0710737481713295 0.0946979895234108 -0.03887692093849182 -0.12612877786159515 -0.05838945508003235 0.07900220900774002 0.03354264423251152 -0.07197878509759903 -0.0812610611319542 -0.1676291674375534 0.12547427415847778 -0.15286941826343536 -0.14848320186138153 -0.37492871284484863 -0.09472595155239105 0.042699314653873444 0.012083175592124462 -0.0038017055485397577 0.14136017858982086 -0.19278578460216522 0.05335337668657303 0.011949528008699417 -0.23007138073444366 0.06425274163484573 -0.21470972895622253 -0.0904930979013443 -0.11575796455144882 -0.15015698969364166 -0.0297838281840086 -0.17555443942546844 -0.14018966257572174 -0.08674369752407074 -0.18454162776470184 0.06456533819437027 -0.09089929610490799 -0.13625568151474 -0.044610366225242615 0.18176795542240143 -0.02078552357852459 0.004626065492630005 0.019826659932732582 -0.04464243724942207 -0.19050952792167664 0.034380290657281876 -0.14416594803333282 -0.2495831698179245 0.17480377852916718 
-0.4106994569301605 -0.2582240402698517 0.19653721153736115 -0.16318413615226746 0.2339819073677063 0.16320398449897766 0.16385045647621155 -0.01735086552798748 -0.13150310516357422 0.3057098090648651 0.08790510892868042 0.31835803389549255 0.018275752663612366 -0.275959312915802 -0.1178780123591423 -0.49669915437698364 0.01160670816898346 0.25447723269462585 -0.2365439087152481 -0.05048084631562233 0.05757167562842369 0.05329277366399765 -0.18465356528759003 -0.16150520741939545 -0.08655312657356262 0.31948918104171753 -0.15123960375785828 0.019959071651101112 -0.11500416696071625 -0.2230900228023529 0.19898144900798798 -0.0496785007417202 0.08896472305059433 0.05099918320775032 0.004454576410353184 0.021608196198940277 0.0019084250088781118 0.4343745708465576 -0.06914753466844559 -0.3045033812522888 -0.07818642258644104 0.34520235657691956 0.042017288506031036 0.01814981736242771 0.09989433735609055 -0.15177708864212036 -0.00791341532021761 0.4246629476547241 0.33464857935905457 -0.11812055855989456 
0.05027085170149803 -0.0864281952381134 0.08319318294525146 -0.002879170933738351 -0.024004561826586723 0.11114642024040222 -0.06605610996484756 -0.04948105663061142 0.14321735501289368 0.00043433226528577507 -0.04827352613210678 0.15765920281410217 -0.10282432287931442 0.08131124079227448 -0.008662091568112373 -0.05852656438946724 -0.04607341066002846 0.18621404469013214 0.017117228358983994 -0.09092734009027481 0.14072677493095398 0.08556564152240753 0.0042873769998550415 0.03276028484106064 -0.08514917641878128 0.08680437505245209 0.005209316499531269 -0.05921434238553047 0.01657230034470558 -0.04481577128171921 -0.057860638946294785 -0.10977616906166077 0.025016946718096733 -0.06778983026742935 -0.08396758884191513 0.07157925516366959 -0.13535895943641663 -0.1386808454990387 0.07286658138036728 0.028515636920928955 0.026732252910733223 0.027008745819330215 0.021548256278038025 0.022709045559167862 -0.09118398278951645 0.04228636622428894 -0.1452573984861374 -0.04132622107863426 -0.05825556442141533 0.06167403608560562 
0.03925302252173424 -0.05924069881439209 -0.08412341773509979 -0.16727134585380554 0.09512584656476974 -0.007010587956756353 -0.1318090409040451 -0.3787630498409271 0.06699654459953308 -0.14483559131622314 -0.14959631860256195 -0.17480885982513428 0.12234135717153549 -0.12708425521850586 -0.2768091857433319 -0.09121138602495193 -0.036064643412828445 -0.7163967490196228 0.1951398402452469 -0.4500599503517151 0.17305859923362732 0.07427401095628738 -0.10060647875070572 0.07840999960899353 0.27647748589515686 -0.27425360679626465 -0.07303580641746521 0.0033777973148971796 0.15266111493110657 0.35067275166511536 -0.5103501677513123 0.08431939780712128 -0.20215263962745667 -0.10337252914905548 0.10751572996377945 -0.1908128708600998 -0.19816595315933228 -0.19877512753009796 -0.04294000193476677 -0.20283903181552887 -0.18133480846881866 -0.15312227606773376 0.1086241826415062 0.03149356320500374 0.03552839159965515 -0.019030485302209854 2.967043110402301e-05 -0.1208888590335846 -0.6745563745498657 -0.05015626177191734 
0.22360514104366302 -0.21421301364898682 -0.03895144909620285 -0.1322491466999054 -0.1374565213918686 0.5782177448272705 -0.23465439677238464 -0.3557091951370239 -0.09491654485464096 0.0037474483251571655 0.13398407399654388 0.48051905632019043 0.41362494230270386 0.3192960023880005 -0.09704899042844772 -0.06670339405536652 -0.02383117936551571 0.15638241171836853 -0.024902869015932083 0.028612960129976273 -0.08265037834644318 -0.1198098435997963 0.11227358877658844 -0.25150150060653687 -0.30587756633758545 0.37139731645584106 0.3869748115539551 0.13235536217689514 0.15653306245803833 -0.028423896059393883 -0.10526500642299652 -0.07201321423053741 0.020335214212536812 0.02120673656463623 0.06440775096416473 0.1136271134018898 0.562235951423645 0.2866567373275757 -0.3237822949886322 -0.5746095776557922 -0.1485244631767273 -0.2081635594367981 0.1119149774312973 0.3348616361618042 0.14425985515117645 0.15180429816246033 0.0920499637722969 -0.1386670470237732 -0.09129693359136581 -0.21978256106376648 
-0.04932587221264839 0.03420848026871681 -0.11520447582006454 0.10377206653356552 0.15130490064620972 -0.03935300558805466 -0.059446629136800766 0.04578195512294769 -0.12579669058322906 -0.03040284477174282 -0.049602217972278595 -0.06032950431108475 0.027227437123656273 0.0589020699262619 0.11404287815093994 0.015232965350151062 0.030788611620664597 0.08583428710699081 0.02529798448085785 -0.014613852836191654 0.01908132992684841 0.07109202444553375 -0.1262035369873047 -0.07988850027322769 0.08555334806442261 -0.02157684601843357 0.0278049036860466 -0.044453397393226624 -0.026384523138403893 -0.032845158129930496 0.09903277456760406 0.09710753709077835 -0.03871380165219307 0.11879166215658188 -0.0055088745430111885 -0.04375586658716202 -0.06112673506140709 0.02833167277276516 0.06804732233285904 -0.018412724137306213 -0.06747628003358841 0.04720649868249893 -0.12068002671003342 -0.12054066359996796 0.1208004504442215 0.11006200313568115 0.1516859084367752 -0.029333841055631638 -0.14688999950885773 0.0017720764735713601 
0.07814422249794006 0.29311510920524597 -0.07270374894142151 -0.3928943872451782 -0.02959866262972355 -0.02738855965435505 -0.23092932999134064 -0.4332841634750366 0.23013846576213837 -0.18140672147274017 0.22946946322917938 0.010858609341084957 -0.45000654458999634 -0.621722936630249 -0.25820910930633545 -0.17737212777137756 -0.1474747210741043 0.023729966953396797 0.4914923310279846 -0.3291035592556 0.32195597887039185 -0.08087963610887527 -0.1191459596157074 0.46468958258628845 0.449136883020401 -0.020285461097955704 0.3372635543346405 -0.017219970002770424 0.2701622247695923 0.3549485206604004 -0.11272866278886795 0.34727659821510315 0.06930094212293625 0.038235899060964584 0.21658270061016083 -0.28197309374809265 -0.3880149722099304 -0.5298285484313965 0.4646560847759247 0.10571638494729996 0.4186359941959381 -0.2412291318178177 0.36954888701438904 -0.2996954917907715 0.14215737581253052 -0.17879115045070648 0.08773276954889297 -0.14466017484664917 0.10369542986154556 0.1803051084280014 

0.1565799117088318 -0.47915515303611755 -0.16664470732212067 0.00014207758067641407 -0.18301640450954437 0.3712126314640045 0.06190599128603935 0.09988098591566086 0.19114679098129272 0.00022053622524254024 0.057097166776657104 -0.05985004082322121 -0.00025637372164055705 -0.00041612141649238765 0.4072186052799225 -0.0007220449624583125 0.11332980543375015 0.00021563205518759787 0.35637518763542175 -0.4431442320346832 0.0009708515135571361 0.13988904654979706 -0.4442358613014221 -0.16651174426078796 -0.0002773178566712886 0.0007269527995958924 -0.10644575208425522 0.14169108867645264 -0.000889093556907028 -0.391012042760849 -5.397756467573345e-06 0.17032457888126373 -0.0007294196402654052 0.1565917581319809 0.26606571674346924 0.00018266914412379265 -0.26365983486175537 -0.3307946026325226 0.15293647348880768 -0.00011328500113449991 0.4365113377571106 -0.08562278002500534 0.0005057113012298942 -0.05927689000964165 -0.11472312361001968 0.00024342314281966537 -0.36311912536621094 0.25180572271347046 -0.00031647892319597304 0.3284852206707001 
BIAS:
-0.07513469457626343 -0.5900769829750061 -0.22099316120147705 1.161978006362915 -0.4386771619319916 0.04966772720217705 0.43067795038223267 1.1090840101242065 0.21992911398410797 -0.4363948404788971 -0.10971177369356155 -0.7214621305465698 0.17461687326431274 -0.3500465452671051 0.9226153492927551 0.3066847622394562 0.20926880836486816 0.3925265371799469 -1.2154035568237305 0.7311540246009827 -0.664678692817688 -0.6148309707641602 0.5715699791908264 0.01325558964163065 0.20414912700653076 -0.8352605700492859 -0.5390046238899231 0.5420213937759399 -0.6519911289215088 -0.9848647713661194 0.29581621289253235 -0.8246021270751953 0.47355473041534424 0.07822353392839432 -0.5573219060897827 -0.11397039145231247 -0.2646397352218628 -0.06630491465330124 -0.004039180930703878 0.39424100518226624 -0.30801281332969666 -0.12697002291679382 -0.7950505018234253 0.8051472902297974 -0.7663530111312866 0.5713922381401062 -0.6630980372428894 0.17757798731327057 0.3511256277561188 -0.6668640971183777 

0.08201030641794205 -0.00214403192512691 0.19641758501529694 -0.10655222088098526 -0.1968245953321457 0.24186186492443085 0.08635325729846954 0.14289402961730957 -0.21491152048110962 -0.001344624673947692 -0.048262905329465866 -0.12268167734146118 0.05358637496829033 0.05412871763110161 -0.4130803644657135 -0.07342104613780975 -0.007628877647221088 -0.01766052655875683 0.17564359307289124 0.26182523369789124 0.09774117171764374 -0.015621953643858433 -0.4004739224910736 -0.14882712066173553 -0.07117138057947159 0.09646064043045044 -0.1715087592601776 0.13796180486679077 0.06601626425981522 -0.20030318200588226 -0.1314256340265274 -0.37980663776397705 -0.11001317203044891 0.01713324338197708 -0.012808423489332199 -0.0030008128378540277 -0.09571509808301926 0.007945729419589043 -0.04797516018152237 -0.08839640021324158 -0.041712187230587006 -0.04459933936595917 0.11308778822422028 -0.054476432502269745 0.005757495295256376 0.1410573273897171 0.11354278773069382 -0.1694263368844986 0.04514923691749573 -0.08471143245697021 

-0.08994494378566742 