1
6                  50                  50                  1
7.382866859436035 0.8895245790481567 0.4135366678237915 -0.32630470395088196 208.86985778808594 1.7773120403289795 
-2.9054839611053467 -1.791664958000183 0.19890016317367554 -9.919843673706055 52.10953903198242 -0.7608396410942078 
2.5865583419799805 
-3.781482696533203 
WEIGHT:
-0.059151168912649155 -0.08121580630540848 -0.1322941929101944 0.46215975284576416 -0.9925804138183594 0.302266001701355 
-0.05855278670787811 -0.6828143000602722 0.14204125106334686 0.7649282217025757 -0.5640213489532471 -0.11884044110774994 
-0.0719660297036171 0.508598268032074 0.3797879219055176 -0.24116849899291992 0.26172149181365967 0.05046823248267174 
-0.04945071041584015 -0.17096500098705292 0.552630603313446 -0.4517858326435089 0.008885412476956844 -0.637584924697876 
-0.4641813337802887 -0.4843778610229492 0.22775298357009888 -0.14082218706607819 -0.3465574383735657 -0.06821530312299728 
-0.27705487608909607 -0.13066551089286804 -0.5887899398803711 0.15813301503658295 -0.09590454399585724 0.5127226710319519 
0.20660074055194855 -0.0665900856256485 -0.39877861738204956 0.7618920207023621 -0.6278537511825562 0.6769925355911255 
-0.3779785633087158 -0.4270268678665161 -0.48085206747055054 -0.3417596220970154 0.877250611782074 -0.5367358326911926 
-0.13451848924160004 -0.40785545110702515 -0.002608504379168153 -0.708807647228241 0.4969739615917206 0.5330082774162292 
0.12667612731456757 -0.37682777643203735 -0.34591925144195557 -0.06483770906925201 0.0935625359416008 -0.09102526307106018 
0.4032072424888611 0.5683999061584473 0.13734430074691772 0.2901269197463989 0.22924737632274628 -0.0648631602525711 
-0.209121972322464 0.6675238013267517 -0.27191343903541565 -0.07288938760757446 0.16613613069057465 0.19766700267791748 
-0.20238323509693146 -0.08515597879886627 0.8216438889503479 -0.579624354839325 -1.19566810131073 -0.12896597385406494 
0.1812601238489151 -0.42415833473205566 0.24490872025489807 -0.559181809425354 -0.6824840903282166 -0.12223170697689056 
-0.03714246302843094 0.20153944194316864 0.6522287130355835 -0.3871118426322937 0.047546617686748505 0.36955973505973816 
-0.2655123472213745 -0.649070680141449 0.44464826583862305 -0.35178646445274353 -0.4307851791381836 -0.4448416233062744 
0.004449762869626284 0.7418613433837891 0.24549800157546997 -0.26229822635650635 -0.12731525301933289 0.056817300617694855 
-0.3700215816497803 0.42970630526542664 -0.16742980480194092 0.27241793274879456 0.20841750502586365 -0.6781373023986816 
0.17937150597572327 -0.692166268825531 0.3045293092727661 -0.19701610505580902 0.20120364427566528 -0.33643680810928345 
-0.021323569118976593 -0.3831137418746948 -0.33838218450546265 0.3344530761241913 -1.0734385251998901 0.5766729712486267 
-0.344205766916275 0.09016494452953339 -0.37675029039382935 0.1053282767534256 0.6559945344924927 -0.14380545914173126 
-0.09741982072591782 -0.09466869384050369 -0.44715285301208496 0.4681185781955719 -0.05731244385242462 -0.45278993248939514 
-0.32354533672332764 0.5080024600028992 -0.3292279541492462 -0.4097800552845001 0.6797531843185425 -0.3877163231372833 
0.2975398600101471 -0.2467748373746872 0.40783199667930603 0.3999803960323334 0.058358512818813324 0.40566280484199524 
1.0386544466018677 1.4972925186157227 0.4260588586330414 0.16157014667987823 -0.7727354168891907 -0.16080228984355927 
-0.2681288719177246 -0.34572330117225647 0.13066281378269196 -0.6590404510498047 -0.5659372210502625 0.1323643922805786 
0.37983110547065735 -0.24072133004665375 0.03151354566216469 -0.43063467741012573 -0.14469072222709656 0.16418468952178955 
0.07672083377838135 0.10682763904333115 0.32200270891189575 0.1316186785697937 -0.4499129056930542 -1.0552705526351929 
0.35671910643577576 0.3236948251724243 0.1314104199409485 0.17668908834457397 -0.4867951273918152 -0.1211804449558258 
-0.6298112869262695 0.503259539604187 0.05953951179981232 0.020576436072587967 0.8835022449493408 0.5532593727111816 
0.039242666214704514 0.5112550854682922 0.2627444863319397 -0.4654902517795563 0.46744391322135925 0.14264987409114838 
0.5683364272117615 0.6112826466560364 0.4727132022380829 -0.3114325702190399 -0.6729804873466492 0.23442043364048004 
0.2853213846683502 0.15153685212135315 -0.09406533092260361 0.6985774636268616 -0.5100482106208801 -0.14512409269809723 
0.08931893855333328 -0.5858428478240967 -0.10912930220365524 -0.3323619067668915 0.3208984136581421 -0.3807101845741272 
0.22850973904132843 0.2526887059211731 0.5560261011123657 -0.07359492778778076 0.03065785951912403 0.2792077362537384 
-0.4296308159828186 0.17012301087379456 -0.19873987138271332 0.2224910706281662 0.7234845757484436 -0.1250971257686615 
0.38690412044525146 -0.40317583084106445 -0.2943068742752075 0.3987984359264374 -0.4681752622127533 0.540526270866394 
-0.5041938424110413 -0.6699934601783752 -0.4866970479488373 -0.7784352898597717 0.8820415139198303 0.24074405431747437 
0.14958739280700684 -0.4902036488056183 0.25374358892440796 0.2241978943347931 0.024997802451252937 0.5224887728691101 
-0.6900048851966858 0.5057312846183777 -0.4724613428115845 -0.5893802642822266 0.6169764399528503 -0.4529922902584076 
0.2426750808954239 -0.30916082859039307 0.01338806003332138 0.5273361206054688 0.7172382473945618 -0.5227633714675903 
0.17186325788497925 0.2373591810464859 -0.8884167075157166 -0.02327154390513897 0.5674430727958679 0.5362311005592346 
-0.15635661780834198 0.3600436747074127 0.3839545249938965 -0.22923052310943604 0.7862754464149475 0.27061542868614197 
-0.2744058668613434 0.35439732670783997 0.3880223333835602 0.2364075630903244 0.6137514710426331 0.2807406187057495 
-0.0041208877228200436 0.2881048321723938 0.23019607365131378 -0.15832115709781647 -0.6401627063751221 0.22301486134529114 
0.01477538887411356 0.18710018694400787 0.17339105904102325 -0.4614466428756714 -0.04718894138932228 -0.1330389678478241 
0.21269334852695465 -0.10510718822479248 -0.09257864952087402 0.49101153016090393 0.5000771880149841 0.604234516620636 
0.04207364097237587 0.4613248109817505 0.04473775997757912 -0.4292190372943878 0.5506296753883362 -0.10277712345123291 
-0.5669436454772949 0.1392749398946762 -0.3326125144958496 0.21992351114749908 0.8719777464866638 -0.6799235343933105 
0.4063504934310913 0.2730441391468048 0.24447782337665558 0.22934740781784058 -0.33502596616744995 -0.11615203320980072 

-0.24489177763462067 -0.551543116569519 0.0070734284818172455 -0.14608094096183777 -0.5413221120834351 -0.12394318729639053 -0.1736505627632141 -0.15412551164627075 0.0795004740357399 -0.08083388954401016 0.22945138812065125 0.3185037076473236 0.06364446133375168 0.015211686491966248 0.20615394413471222 -0.2673977017402649 0.2718066871166229 0.08875948935747147 -0.08200943470001221 -0.15880164504051208 -0.14560048282146454 0.050058282911777496 0.3223014771938324 -0.06973156332969666 -0.04985548183321953 -0.039889559149742126 0.14887647330760956 0.08077842742204666 0.06895355135202408 -0.13694585859775543 0.35606545209884644 -0.04568462818861008 -0.005130513105541468 -0.06252432614564896 0.3566008508205414 -0.22428198158740997 0.0016914751613512635 0.021707924082875252 0.009915332309901714 0.09408096969127655 0.06889035552740097 0.1818077713251114 0.09672001749277115 0.07411377876996994 0.04998825863003731 0.22993507981300354 0.08234024792909622 0.2070695161819458 0.008444985374808311 0.1263139247894287 
0.15926846861839294 0.06329025328159332 -0.10861358046531677 0.20570434629917145 0.20002807676792145 -0.044971514493227005 0.08379022777080536 -0.25417476892471313 -0.06708627939224243 -0.05524343624711037 -0.12848256528377533 0.0034927898086607456 0.21114793419837952 0.2166576087474823 0.08640536665916443 0.22486086189746857 0.16096216440200806 -0.32724931836128235 -0.03423753380775452 0.007096397690474987 -0.5462326407432556 -0.056240227073431015 -0.33473891019821167 0.06570518761873245 0.11777286231517792 0.06404059380292892 0.2482571005821228 0.3019064962863922 -0.05915406718850136 -0.524794340133667 -0.25243309140205383 0.2610117197036743 -0.15824832022190094 -0.09904181957244873 0.15531319379806519 -0.47019511461257935 0.1694687008857727 -0.4086853563785553 0.012100334279239178 -0.2971089482307434 -0.4480046033859253 -0.33876508474349976 -0.13058771193027496 -0.33172962069511414 0.06134914234280586 0.11200836300849915 -0.21008124947547913 -0.3621293306350708 -0.34906554222106934 -0.08826567232608795 
0.1938188076019287 0.2731509804725647 -0.16280052065849304 -0.030805135145783424 0.11422015726566315 0.019958490505814552 0.024718094617128372 -0.060917049646377563 0.05762099847197533 -0.22265198826789856 -0.03304334729909897 -0.09562406688928604 0.15857408940792084 0.12744496762752533 0.12903398275375366 0.13289934396743774 0.13137204945087433 0.1453929841518402 0.11548027396202087 0.18647553026676178 -0.11715489625930786 0.09468081593513489 0.011296780779957771 -0.09020174294710159 0.03329746425151825 0.24311980605125427 -0.1681070774793625 0.0875382348895073 0.05823158472776413 -0.09727664291858673 0.08983787894248962 0.1496804803609848 0.10251523554325104 -0.09119696915149689 0.032845333218574524 0.010629749856889248 -0.020828988403081894 0.03868495672941208 0.3507877290248871 -0.3556346297264099 0.0830749049782753 -0.19566687941551208 0.1414887011051178 0.3261425495147705 0.13559208810329437 -0.012154324911534786 0.09744449704885483 -0.013335192576050758 -0.04400787502527237 0.26599201560020447 
0.038431316614151 -0.11871670931577682 -0.0029860325157642365 -0.015631020069122314 0.09866771847009659 0.15830451250076294 0.052878305315971375 0.11114257574081421 -0.015482712537050247 0.15711508691310883 -0.009872118011116982 -0.14594635367393494 0.005772354081273079 -0.04660290852189064 0.09313462674617767 0.0013622260885313153 -0.07492268085479736 -0.08355620503425598 0.06875374168157578 -0.015246234834194183 0.16342684626579285 -0.00830296240746975 -0.08893679082393646 -0.04690905660390854 0.09739261865615845 0.09398702532052994 -0.04043733328580856 0.03923555463552475 0.18028593063354492 -0.035837456583976746 -0.015592765994369984 0.055069148540496826 -0.0295316930860281 0.03711041808128357 -0.024125292897224426 0.1537613868713379 -0.061814866960048676 0.06410947442054749 0.07744090259075165 -0.14118430018424988 0.03373885899782181 -0.07675142586231232 0.17166392505168915 0.0660906508564949 -0.10056884586811066 0.045563071966171265 0.1515723168849945 -0.03834659606218338 -0.08244948089122772 0.11819692701101303 
-0.1601676642894745 0.19624659419059753 -0.36608970165252686 0.0030645853839814663 -0.13325193524360657 0.19660763442516327 -0.1514393538236618 0.05095530301332474 0.7738553285598755 -0.004636581055819988 -0.35198840498924255 0.043636929243803024 -0.19068610668182373 -0.0027369989547878504 0.0032738270238041878 0.27035629749298096 0.021964967250823975 -0.09466376900672913 0.3462114632129669 -0.2100350707769394 -0.0008675376884639263 -0.05590403825044632 -0.20369179546833038 -0.22959360480308533 -0.18883606791496277 -0.012412436306476593 0.000759124115575105 0.04086010903120041 0.0669768676161766 -0.1580846905708313 0.01745656132698059 0.02472050115466118 0.1393115520477295 0.701873242855072 -0.04287078231573105 -0.07183307409286499 -0.0046266173012554646 0.2582603991031647 0.09367936849594116 -0.010474995709955692 0.27956122159957886 -0.23724739253520966 -0.091746024787426 -0.22502896189689636 -0.4086824655532837 -0.0024287442211061716 -0.3141902983188629 -0.04303989186882973 0.17090554535388947 0.018125565722584724 
0.14691194891929626 0.04277831315994263 -0.11845528334379196 0.08712341636419296 0.24975688755512238 -0.06563564389944077 -0.024174468591809273 -0.17507809400558472 -0.1020752489566803 -0.11413269490003586 -0.13201579451560974 0.01881667785346508 0.33653897047042847 0.17530697584152222 -0.040983833372592926 0.02588469162583351 0.20218287408351898 -0.3266312777996063 0.19750601053237915 0.20465682446956635 -0.3080163896083832 -0.2785540223121643 -0.37710464000701904 -0.05205686390399933 0.01708083227276802 0.12047973275184631 0.09912407398223877 0.16546322405338287 -0.1185711920261383 -0.2794755697250366 -0.29511409997940063 0.011549185030162334 -0.1073567271232605 0.016893237829208374 0.06991881132125854 -0.4292202293872833 0.133700430393219 -0.37008747458457947 -0.18060462176799774 -0.3029976785182953 -0.4524839520454407 -0.11747343838214874 -0.33577632904052734 -0.3916935324668884 0.13922159373760223 0.08298182487487793 -0.08859558403491974 -0.20546744763851166 -0.35664984583854675 0.10127876698970795 
0.1292732208967209 -0.021521558985114098 -0.1696280837059021 -0.19416441023349762 0.2670171558856964 -0.13287587463855743 0.03610614687204361 0.02849695459008217 -0.007889904081821442 0.4253523647785187 -0.052049875259399414 -0.36713525652885437 -0.23253723978996277 -0.026483910158276558 -0.2678813934326172 -0.0014330983394756913 -0.2610517144203186 -0.15906794369220734 0.09791955351829529 0.16625753045082092 0.1323525309562683 0.0014885305427014828 0.011560163460671902 0.19303864240646362 -0.21886137127876282 0.11736433207988739 0.07302941381931305 -0.28250762820243835 -0.11000988632440567 -0.09597502648830414 -0.05954251438379288 -0.35524165630340576 -0.06730885058641434 0.04954982548952103 -0.3233097195625305 -0.12538205087184906 0.1083308756351471 0.2867375910282135 0.1393050253391266 0.09724926948547363 0.019033372402191162 0.19184868037700653 0.06464073061943054 -0.2863294184207916 0.01546164508908987 -0.1598561555147171 -0.0127644594758749 0.06073340028524399 -0.003724787151440978 -0.01674726791679859 
0.12715516984462738 -0.02519967593252659 -0.12269659340381622 0.06317067891359329 -0.054394204169511795 0.1169607937335968 0.06167520955204964 0.05371919274330139 0.06199251115322113 -0.023976890370249748 0.06520633399486542 -0.16753605008125305 0.33129003643989563 0.1405528485774994 0.1066209003329277 0.007883423008024693 -0.1409129947423935 0.05643535777926445 -0.015359729528427124 0.031142547726631165 -0.08685427159070969 0.02121833711862564 -0.10703153908252716 -0.0951138585805893 0.07958435267210007 0.12750743329524994 0.0512998029589653 0.14825654029846191 0.11079306900501251 -0.0024629307445138693 -0.0579218827188015 0.04098578169941902 0.05026804283261299 -0.09532281756401062 -0.013765606097877026 -0.049262017011642456 -0.06354018300771713 0.11578777432441711 0.16869157552719116 -0.007362359203398228 0.1439078450202942 -0.020719805732369423 0.054813385009765625 0.026105673983693123 0.10393062978982925 -0.06393661350011826 -0.0337008573114872 0.07592417299747467 -0.05151546373963356 0.10031792521476746 
0.12376600503921509 0.043520402163267136 -0.1306602656841278 0.013303020037710667 0.13077646493911743 0.1274481564760208 0.02314504235982895 0.08779175579547882 -0.042263008654117584 -0.08005949854850769 -0.08249660581350327 -0.027325395494699478 -0.06169711798429489 0.15012159943580627 0.0026454979088157415 -0.00784393586218357 -0.11582116782665253 0.015742214396595955 -0.007753766141831875 -0.13327103853225708 -0.13884788751602173 -0.05304568260908127 -0.016581235453486443 -0.015614804811775684 0.06529754400253296 0.13978900015354156 -0.06754253804683685 -0.012430639006197453 0.1535758525133133 0.14251203835010529 0.15998728573322296 0.020408155396580696 -0.029330572113394737 0.0006493739201687276 0.06983447819948196 0.14149951934814453 0.014972668141126633 -0.006671630311757326 0.12656627595424652 -0.05001034215092659 0.08053005486726761 -0.0032679587602615356 -0.01443068590015173 0.11121675372123718 -0.09124516695737839 0.09231790155172348 0.12930156290531158 -0.04718456417322159 0.02885548397898674 0.1666896641254425 
-0.030052050948143005 0.01132912002503872 0.07605725526809692 -0.09154549986124039 -0.1045539379119873 0.16064031422138214 0.11600470542907715 0.01787208393216133 -0.052391376346349716 0.005038945470005274 0.12115798890590668 0.10122405737638474 -0.13712380826473236 -0.17090865969657898 -0.05866369977593422 -0.0011859898222610354 0.0560278594493866 0.2746739685535431 -0.1870380938053131 0.0897197276353836 -0.01895797811448574 0.16330571472644806 0.0010814263951033354 0.07767168432474136 -0.05155252292752266 -0.19068020582199097 -0.07308410853147507 -0.14749133586883545 -0.08931286633014679 -0.13038399815559387 0.01587533764541149 0.13613255321979523 -0.14096812903881073 0.07262774556875229 -0.186436727643013 0.09799230098724365 -0.04690634459257126 -0.13686425983905792 -0.20111209154129028 0.0438835434615612 0.012661012820899487 -0.0523623526096344 -0.1352534294128418 -0.0554674006998539 -0.013337899930775166 -0.05852707475423813 0.09178928285837173 -0.12515664100646973 0.12959592044353485 -0.1598995476961136 
0.027160750702023506 -0.06388016045093536 0.18188975751399994 0.22774749994277954 0.055498674511909485 -0.16075225174427032 -0.15987123548984528 -0.06732676923274994 0.05561840161681175 0.1691696047782898 -0.16528913378715515 0.15117505192756653 0.26476165652275085 0.05690009891986847 0.3598960340023041 -0.11781768500804901 -0.015652786940336227 -0.41147375106811523 0.18727713823318481 0.053081754595041275 -0.22053053975105286 -0.35322341322898865 -0.09714064747095108 -0.003718911437317729 0.10895410925149918 -0.0717877745628357 0.19965679943561554 -0.18468035757541656 -0.19046524167060852 0.11295248568058014 0.19201862812042236 0.0619569756090641 -0.21157008409500122 0.018501032143831253 0.2276792973279953 -0.02549486979842186 -0.1699896901845932 -0.04050996154546738 -0.012349718250334263 0.11827399581670761 -0.3548800051212311 0.003241045866161585 0.1566944271326065 -0.23225702345371246 0.11053858697414398 0.2471909373998642 -0.06493867933750153 0.019597293809056282 -0.27790629863739014 -0.13340139389038086 
-0.007173602469265461 -0.020320232957601547 0.12136588245630264 -0.01797115057706833 -0.006446774583309889 -0.04025309160351753 0.04747675359249115 -0.15511256456375122 0.11125527322292328 0.05929627642035484 0.13873015344142914 -0.07154583185911179 0.10777942091226578 0.08901601284742355 0.09650769084692001 0.19916728138923645 0.020870035514235497 0.0201119314879179 0.12201076000928879 -0.14154988527297974 -0.08320162445306778 0.180548295378685 -0.02632487565279007 0.12431291490793228 -0.1048206314444542 0.08287979662418365 -0.05131376162171364 0.07896324247121811 0.1537933647632599 -0.16600336134433746 0.11889949440956116 0.0033721732906997204 -0.016132697463035583 -0.15865565836429596 -0.0534207746386528 0.01054329238831997 -0.1038832738995552 -0.04249827563762665 0.09091585129499435 -0.033743079751729965 0.13258542120456696 0.02390246093273163 -0.039273083209991455 -0.05966716259717941 0.12548398971557617 0.009775945916771889 0.07724761962890625 -0.02792373299598694 0.0070815919898450375 0.12492622435092926 
0.09509789943695068 0.054585520178079605 0.040027014911174774 -0.10672317445278168 0.17605924606323242 0.003184621687978506 0.11246592551469803 0.033985406160354614 -0.09052039682865143 -0.05009183660149574 -0.13598233461380005 -0.09761161357164383 -0.0038284091278910637 0.12958410382270813 0.04519328474998474 -0.04879460111260414 -0.09769097715616226 -0.0060245622880756855 0.07804754376411438 0.1298547238111496 0.09157973527908325 -0.0074756876565515995 0.026710908859968185 -0.018015915527939796 -0.057009339332580566 0.06796513497829437 0.09121701121330261 -0.028730744495987892 -0.051645949482917786 0.04263456165790558 0.12431852519512177 -0.011614833027124405 0.0011749867117032409 -0.1937435120344162 -0.029090363532304764 -0.13648301362991333 0.12194685637950897 0.09807144105434418 0.23020167648792267 -0.2052508294582367 0.19290858507156372 0.08290399610996246 0.20112721621990204 -0.0497516505420208 -0.05815689638257027 0.08139043301343918 0.17833518981933594 0.04706067964434624 -0.01905134879052639 -0.028836049139499664 
0.06866160780191422 0.04391315579414368 0.06225873902440071 -0.09430458396673203 -0.13832472264766693 0.02732039988040924 0.06467890739440918 -0.13447532057762146 -0.028931843116879463 -0.2416582852602005 0.09704212844371796 -0.12486659735441208 0.13504540920257568 0.007735408842563629 0.2355041801929474 0.1603621244430542 0.22065512835979462 0.037223245948553085 0.004659158643335104 0.08573614805936813 -0.21210560202598572 0.07589571923017502 -0.28218474984169006 -0.12576699256896973 0.14467978477478027 0.055295392870903015 0.009829295799136162 0.05816365405917168 0.26128557324409485 -0.12332610785961151 0.017197448760271072 0.18941348791122437 0.3479049801826477 0.04363056644797325 0.17633238434791565 -0.07235218584537506 -0.050035201013088226 0.09922530502080917 0.3314249813556671 -0.217839315533638 0.18954810500144958 -0.252874493598938 0.151213601231575 0.06146549805998802 -0.054095957428216934 0.01846730336546898 0.013609152287244797 0.011973497457802296 -0.10345103591680527 0.2932994067668915 
0.20452681183815002 0.08643145859241486 -0.0504503957927227 -0.02640487253665924 0.02353481762111187 0.14394035935401917 -0.05868256464600563 -0.21430474519729614 0.1527785062789917 -0.37283384799957275 0.03794225677847862 -0.1506810486316681 0.3397258222103119 0.3327901065349579 0.1952027976512909 0.064273901283741 0.05104554817080498 -0.14409126341342926 -0.021258099004626274 0.17868633568286896 -0.1685529500246048 0.24230997264385223 -0.22575919330120087 -0.10887666791677475 0.2199903130531311 0.25092244148254395 0.18893671035766602 0.06123407930135727 0.274361789226532 0.018176736310124397 0.09798597544431686 0.1208726316690445 0.22550293803215027 -0.04584859311580658 0.17659232020378113 -0.19615133106708527 0.14685176312923431 -0.02682705596089363 0.3333641290664673 -0.3067381978034973 0.0063609411008656025 -0.3505837917327881 -0.06328116357326508 0.10863547027111053 0.012331918813288212 0.011934352107346058 -0.06733928620815277 -0.06944317370653152 -0.006597086787223816 0.15735138952732086 
-0.06369023770093918 -0.010120952501893044 0.0734276995062828 0.04229975864291191 0.17691409587860107 -0.08794386684894562 -0.08489326387643814 0.17849019169807434 -0.1526479572057724 0.07234898954629898 -0.11589770019054413 -0.04970071092247963 -0.04912148043513298 -0.07116866856813431 -0.14637577533721924 -0.14455455541610718 -0.028542906045913696 0.20268909633159637 -0.07232881337404251 -0.09270772337913513 -0.056957319378852844 -0.04806320741772652 -0.005270618945360184 -0.08543481677770615 0.04772206395864487 -0.2764654755592346 -0.07415927201509476 0.19203341007232666 -0.05152517929673195 0.1136658787727356 0.08321890980005264 0.005941526032984257 -0.2041153609752655 0.09113601595163345 -0.06135766953229904 0.12420392781496048 -0.3190999925136566 -0.23050302267074585 -0.3535417318344116 0.2454460710287094 -0.016142817214131355 -0.04687430337071419 0.05974803492426872 0.012458312325179577 -0.00014610552170779556 0.14459609985351562 -0.18559566140174866 -0.13107270002365112 0.021459748968482018 -0.1951676309108734 
0.1577228605747223 0.12538586556911469 -0.0997248962521553 0.09344153851270676 0.03369715437293053 0.001899797236546874 0.13739684224128723 0.06772211194038391 0.047116972506046295 -0.06995571404695511 -0.01610620878636837 -0.11580858379602432 0.3631429970264435 0.13654069602489471 0.050099991261959076 0.08281005173921585 -0.08550760895013809 -0.05334242060780525 0.10520175099372864 -0.01513609103858471 -0.008035979233682156 0.17812897264957428 -0.1495438516139984 -0.10230568051338196 0.12672080099582672 0.13002584874629974 -0.005391442216932774 0.04832495003938675 0.16756151616573334 0.06295179575681686 -0.059784840792417526 0.12626634538173676 0.27296286821365356 -0.045814499258995056 0.07871878892183304 0.02254413068294525 0.05807452276349068 0.03290746361017227 0.2534250319004059 -0.06064964458346367 0.0018475863616913557 -0.11458592116832733 -0.059455521404743195 0.1779845952987671 -0.018340084701776505 -0.0024376430083066225 -0.07324796915054321 0.09122134000062943 -0.14177782833576202 0.21506693959236145 
-0.32677754759788513 -0.28823909163475037 0.24493280053138733 0.07719670236110687 -0.024690045043826103 0.040647394955158234 -0.44379734992980957 0.14862008392810822 -0.17179034650325775 -0.1361989825963974 0.1310717761516571 -0.1394486278295517 -0.022377200424671173 0.08135466277599335 0.18354013562202454 -0.004233160521835089 0.10403729230165482 0.2375878393650055 0.11447954177856445 -0.565255880355835 -0.06399422138929367 -0.08597239851951599 -0.07941726595163345 -0.010217579081654549 -0.16415277123451233 0.07282572239637375 -0.022916458547115326 0.0345471128821373 0.010591836646199226 0.025390472263097763 0.3318215608596802 0.18288278579711914 0.021431824192404747 -0.21229203045368195 0.3326239585876465 0.02376885898411274 -0.4074840843677521 0.2347753494977951 0.1170407235622406 0.053439296782016754 0.30319955945014954 -0.32192301750183105 0.10478956252336502 0.20215128362178802 0.03172823041677475 0.12133155018091202 -0.0757361650466919 0.21795302629470825 0.02745198644697666 0.028997885063290596 
0.017246996983885765 0.1794876903295517 0.016397852450609207 0.02602204494178295 0.03539698198437691 -0.05060417577624321 0.15610960125923157 -0.2620880603790283 0.09361200779676437 -0.22462531924247742 -0.012938074767589569 -0.01125255972146988 0.2101885974407196 0.24015572667121887 0.2936652600765228 0.24445296823978424 0.21426796913146973 -0.03909638151526451 -0.0002121542056556791 0.12822528183460236 -0.2861100733280182 0.20262491703033447 -0.28077343106269836 0.14646250009536743 0.08552612364292145 0.2568823993206024 0.017762918025255203 0.1940920352935791 0.2092694491147995 0.057423826307058334 0.0051483530551195145 0.16658900678157806 0.34585562348365784 0.05719798430800438 0.19025732576847076 -0.2106781154870987 0.00961565412580967 0.04230065643787384 0.18825529515743256 -0.42167750000953674 0.06936667859554291 -0.30482110381126404 -0.05512574687600136 0.12695379555225372 0.2079068124294281 -0.10310006886720657 0.07864782214164734 -0.07568792253732681 -0.08110128343105316 0.12428073585033417 
-0.7430853247642517 -0.4913268983364105 -0.19546081125736237 -0.14539556205272675 -0.09097534418106079 0.20168811082839966 -0.4595668613910675 0.37604957818984985 0.13544228672981262 -0.012238916009664536 -0.02796834520995617 0.01586011052131653 -0.40002676844596863 -0.1565956175327301 -0.24820943176746368 -0.2862459123134613 -0.2028418928384781 0.3892619013786316 0.057595040649175644 -0.5005450248718262 0.2127390056848526 -0.06912237405776978 0.24973708391189575 -0.1875411719083786 -0.6726860404014587 -0.23998354375362396 -0.36518844962120056 -0.4429304599761963 -0.01498124934732914 0.04476340487599373 -0.1704854965209961 -0.5849760174751282 -0.17236274480819702 0.1754891276359558 -0.3001149594783783 0.261258989572525 -0.2910284399986267 0.5007326006889343 -0.0348830446600914 0.1687348335981369 0.2509878873825073 0.03402655944228172 -0.0069397310726344585 0.23587940633296967 -0.6011513471603394 -0.16767369210720062 -0.15432046353816986 0.26932841539382935 0.28362107276916504 -0.09394921362400055 
-0.008843674324452877 0.18572574853897095 -0.044529300183057785 -0.12685935199260712 -0.04263165220618248 0.08933813869953156 -0.04326193407177925 0.09373709559440613 -0.08794565498828888 0.12651245296001434 -0.02350851707160473 -0.11305882781744003 -0.13882014155387878 0.055690664798021317 -0.3294944167137146 0.016581758856773376 -0.014524764381349087 0.12960092723369598 -0.03719119355082512 -0.12195480614900589 -0.111824631690979 0.25011301040649414 -0.013590811751782894 0.18538063764572144 -0.050498880445957184 -0.0882648453116417 -0.3053915500640869 0.0353977344930172 -0.01562884822487831 0.02895890176296234 -0.04286641627550125 -0.21237991750240326 0.21820120513439178 -0.1301993727684021 -0.07263103872537613 0.04900268837809563 0.040251825004816055 0.03466128930449486 0.19649018347263336 -0.19288702309131622 0.18504343926906586 0.0626256912946701 0.029364079236984253 0.12477582693099976 -0.03316855430603027 -0.25787436962127686 0.0689413920044899 0.06800245493650436 0.018165042623877525 0.23425409197807312 
-0.07238467037677765 -0.29645514488220215 0.07384330034255981 0.02370753139257431 -0.4300912916660309 -0.005127209238708019 -0.10934686660766602 -0.1577972173690796 -0.006449087522923946 -0.05524251237511635 0.12003253400325775 0.23356761038303375 -0.2545435130596161 -0.04933510720729828 0.11380153149366379 -0.13174082338809967 0.2035960704088211 -0.035513557493686676 0.06976339966058731 -0.34684455394744873 -0.020260771736502647 0.04444802179932594 0.23495686054229736 -0.04227571189403534 0.026020923629403114 -0.0675978884100914 0.03860147297382355 -0.005556595977395773 -0.024102963507175446 0.038218941539525986 0.3815920352935791 0.06810342520475388 -0.011626689694821835 0.030651742592453957 0.3031991422176361 -0.15104494988918304 -0.19767223298549652 -0.03809069097042084 0.013439001515507698 0.015069333836436272 0.08377158641815186 0.060894981026649475 0.23242123425006866 0.025359762832522392 -0.03099542111158371 0.04482003673911095 0.20284220576286316 0.1803659051656723 -0.018232999369502068 0.25342148542404175 
0.038250792771577835 0.12028679251670837 -0.2231123447418213 -0.06443718075752258 0.25092223286628723 -0.08315173536539078 -0.1253196746110916 0.03430355712771416 -0.13901954889297485 0.42984244227409363 -0.1268225610256195 -0.3174843490123749 -0.09828483313322067 0.005755372811108828 -0.3916264772415161 -0.025332024320960045 -0.3995555341243744 -0.09651123732328415 0.10010208189487457 0.15645617246627808 0.13007692992687225 0.16077303886413574 0.008590012788772583 -0.04359477385878563 -0.23409229516983032 0.05368160083889961 0.10857518762350082 -0.15260469913482666 -0.03221682086586952 0.05976046249270439 -0.10850358009338379 -0.37420737743377686 -0.1364700198173523 -0.03428778797388077 -0.5399358868598938 0.023151125758886337 0.16817782819271088 0.13797281682491302 0.0041493009775877 0.011242387816309929 0.0023888968862593174 0.37734055519104004 -0.06418627500534058 -0.23840957880020142 0.037175849080085754 -0.09425389766693115 0.019583266228437424 -0.029135648161172867 -0.1191505715250969 -0.30179402232170105 
-0.05532253161072731 -0.04113578423857689 -0.09212321043014526 0.0037275576032698154 -0.03182946518063545 0.012514105066657066 -0.01822347566485405 -0.009749054908752441 0.2945431172847748 0.062307208776474 -0.21296103298664093 -0.0016782489838078618 -0.05526148900389671 0.03595281019806862 0.08447123318910599 0.2660806179046631 0.15361030399799347 0.08235159516334534 0.28419867157936096 -0.13889074325561523 0.017606239765882492 0.09938263148069382 0.17021477222442627 -0.30148938298225403 0.07359256595373154 0.0794348269701004 -0.05863509327173233 0.10427159070968628 -0.09013407677412033 -0.1343546360731125 0.14894768595695496 -0.09038010239601135 -0.05493421107530594 0.43735790252685547 -0.1407785266637802 -0.11146461963653564 -0.02559027075767517 -0.04854961112141609 -0.12820914387702942 0.16314026713371277 0.22062437236309052 -0.3587452173233032 0.02260705828666687 0.026665862649679184 -0.05317390710115433 -0.02101861871778965 -0.23540310561656952 0.12306699901819229 0.16816984117031097 0.12009994685649872 
0.07920164614915848 0.008931012824177742 0.033331602811813354 -0.04715682193636894 0.1241612657904625 0.05729234591126442 0.0978875607252121 -0.08316728472709656 -0.0035028865095227957 0.10813107341527939 0.07793274521827698 -0.2742634415626526 0.17691585421562195 0.1532442718744278 0.133097842335701 0.1398385614156723 0.012885752134025097 0.12287387251853943 -0.09719070047140121 -0.022001679986715317 -0.08337319642305374 0.19781318306922913 0.052263956516981125 0.12914913892745972 -0.09031807631254196 0.1425791233778 0.07206031680107117 -0.008775831200182438 0.02394072525203228 0.014383310452103615 0.07949800789356232 0.02555972896516323 0.019927402958273888 0.04622030258178711 -0.11871606856584549 0.06616926938295364 -0.10254266113042831 0.005176356062293053 0.22600185871124268 -0.1662093698978424 0.2011195421218872 -0.1571987122297287 0.05456017330288887 -0.04554438963532448 0.05108299106359482 -0.0015089806402102113 0.2008482664823532 -0.0682893842458725 -0.06582170724868774 0.12419349700212479 
0.12696388363838196 0.14472290873527527 -0.015428815968334675 0.12173895537853241 -0.03405715897679329 0.11341145634651184 0.10910535603761673 -0.0676686018705368 0.04144071787595749 -0.2111670821905136 -0.12017504870891571 -0.1597880870103836 0.13260780274868011 0.19764471054077148 -0.009612987749278545 -0.02680046297609806 0.16510728001594543 0.035539716482162476 -0.009394749999046326 0.04381280392408371 -0.07372491806745529 0.11983004212379456 -0.07958383113145828 -0.004949089139699936 0.04107367619872093 0.25501516461372375 -0.036433618515729904 0.0720253586769104 0.2361735701560974 0.07655167579650879 0.05977623537182808 0.03311257064342499 0.24061615765094757 -0.06114479899406433 0.08456247299909592 -0.12168442457914352 0.1293204128742218 0.06272175163030624 0.10845941305160522 -0.11676307767629623 0.1009596660733223 -0.012880479916930199 0.13744297623634338 -0.11684614419937134 0.12350759655237198 0.091084785759449 -0.08628969639539719 -0.06472201645374298 -0.19581091403961182 0.25345873832702637 
0.015516378916800022 -0.01057575922459364 -0.06604275107383728 -0.039462484419345856 -0.18375878036022186 0.0893409475684166 0.02802819013595581 -0.16617003083229065 -0.05415463447570801 -0.19494584202766418 0.14535100758075714 0.09304612874984741 0.06672104448080063 -0.0804997980594635 -0.015609308145940304 0.07635672390460968 -0.020612748339772224 -0.15731315314769745 -0.13778960704803467 0.11272720247507095 -0.036559637635946274 0.0907682552933693 -0.2317974865436554 -0.04242635518312454 0.14792793989181519 0.022815024480223656 -0.0683286115527153 0.20366419851779938 0.11214037239551544 0.02368326298892498 0.058723971247673035 0.017515869811177254 0.3197598457336426 0.07851192355155945 0.15009543299674988 -0.051709309220314026 0.13598638772964478 -0.13055244088172913 0.19706551730632782 -0.3201156556606293 0.20743998885154724 -0.2060604989528656 0.08565012365579605 0.22785310447216034 0.13535353541374207 -0.19323809444904327 0.05459543317556381 -0.12726692855358124 0.03688197210431099 0.21134579181671143 
-0.005249337293207645 -0.07826027274131775 0.09070068597793579 -0.22397664189338684 -0.16385209560394287 0.1441096067428589 0.10105592757463455 -0.1464538872241974 -0.2921367287635803 -0.16147160530090332 0.12462553381919861 0.5134973526000977 -0.18394678831100464 -0.4022023677825928 -0.16431936621665955 -0.3562929928302765 0.25487035512924194 0.08421462029218674 -0.32011333107948303 0.13645444810390472 0.13077577948570251 -0.13522903621196747 0.15259955823421478 0.06122635304927826 0.07739385962486267 -0.23866763710975647 -0.3553274869918823 -0.22678731381893158 -0.047268860042095184 0.25958651304244995 0.00877884216606617 -0.13028967380523682 -0.1007794663310051 -0.00018250021093990654 0.05121459811925888 0.22263231873512268 0.012331746518611908 -0.08088134974241257 -0.008567043580114841 0.21122704446315765 -0.18479043245315552 0.10833223909139633 0.001668042503297329 0.20805522799491882 0.10552218556404114 -0.22576868534088135 0.21647761762142181 -0.16525167226791382 0.05025486648082733 -0.0032360104378312826 
-0.23703402280807495 0.16525062918663025 0.1354563683271408 0.12441077828407288 -0.014149336144328117 -0.22099782526493073 -0.15608343482017517 0.036158688366413116 0.07737382501363754 0.06182380020618439 -0.09804558008909225 -0.047393832355737686 -0.14969570934772491 -0.2593473196029663 0.0206128042191267 0.011818277649581432 -0.05556410178542137 0.3156179189682007 -0.05458284541964531 -0.17320173978805542 0.00834816973656416 -0.04346572607755661 0.252768337726593 -0.02887100726366043 -0.21751521527767181 -0.2028970718383789 -0.20019769668579102 0.10769174247980118 -0.24189156293869019 0.19658499956130981 0.03029705584049225 -0.20762577652931213 -0.23172539472579956 -0.0409834198653698 -0.13568711280822754 0.2398649901151657 -0.10624616593122482 0.039759282022714615 -0.42569437623023987 0.28857100009918213 0.08292236924171448 0.02666354924440384 0.25950154662132263 0.1205955520272255 0.0004105156986042857 -0.06696128845214844 -0.215358167886734 0.03991767391562462 0.21111103892326355 -0.2241171896457672 
-0.021594904363155365 0.05361985042691231 -0.15469317138195038 -0.0945926234126091 -0.06537672132253647 0.12614566087722778 0.03641150891780853 -0.18524588644504547 0.02871870994567871 -0.2432817965745926 -0.14293330907821655 -0.04495036229491234 0.07863464951515198 0.3022739291191101 0.203878715634346 0.1737867146730423 -0.03910857066512108 -0.038478441536426544 -0.046771466732025146 -0.0364808589220047 -0.12130410969257355 0.17315645515918732 0.0356319397687912 -0.006878211162984371 0.18626834452152252 0.06877781450748444 0.05258072167634964 0.19953061640262604 0.21317943930625916 -0.01886761002242565 -0.02546491101384163 0.16943426430225372 0.005434270482510328 -0.09247492253780365 0.12301572412252426 0.005312022753059864 0.0004376435826998204 0.10093408077955246 0.07995263487100601 -0.2794046700000763 0.17325766384601593 0.015386167913675308 0.06462936103343964 0.045328669250011444 -0.031361233443021774 0.0942920595407486 0.17799481749534607 -0.048173487186431885 -0.04592336341738701 0.17699161171913147 
-0.28961920738220215 -0.05953013896942139 -0.15801796317100525 0.0665820986032486 0.05256722494959831 0.00849312823265791 -0.16364312171936035 0.22881613671779633 0.026838432997465134 0.22939832508563995 -0.10354941338300705 -0.0019887450616806746 -0.20548035204410553 0.04930194467306137 -0.4148871600627899 -0.07617688179016113 -0.44432148337364197 -0.08941252529621124 0.0906636193394661 -0.14705170691013336 0.31054991483688354 0.017542604357004166 0.13394317030906677 -0.06830544024705887 -0.37123602628707886 0.17275382578372955 -0.1148991733789444 -0.40330061316490173 -0.29230421781539917 -0.08887550234794617 -0.2190822809934616 -0.5160384178161621 -0.2251390814781189 0.06808340549468994 -0.38630735874176025 0.06180345639586449 0.01650320366024971 0.4152740240097046 0.04810156300663948 0.1157405748963356 0.008627485483884811 0.2681601047515869 0.026784826070070267 -0.17567336559295654 -0.3414718210697174 -0.268215149641037 0.0977257713675499 -0.08374181389808655 0.052262961864471436 -0.1391889750957489 
-0.012361749075353146 0.0005921492702327669 0.05091444030404091 -0.030338533222675323 0.04470868036150932 -0.14408668875694275 0.05437851697206497 -0.08649766445159912 -0.03952452167868614 0.041409607976675034 -0.11559741944074631 0.001712247496470809 -0.01517246849834919 -0.03881510719656944 -0.06978120654821396 0.04585937038064003 0.04961952939629555 0.06534170359373093 -0.034806132316589355 0.03172382339835167 0.08394339680671692 -0.11397221684455872 -0.11433522403240204 -0.030570512637495995 0.08184470236301422 -0.05643736943602562 0.15319958329200745 -0.05843771621584892 -0.05957408994436264 -0.009548112750053406 -0.06487404555082321 -0.04735208675265312 -0.050749704241752625 0.002546536037698388 0.08619121462106705 0.11849471181631088 0.0031243732664734125 0.07557237148284912 -0.07087554782629013 -0.03604936972260475 0.17844095826148987 0.005328930914402008 0.016648778691887856 -0.13274133205413818 -0.09095107018947601 0.11440320312976837 -0.002412214409559965 0.015298759564757347 -0.07033775746822357 0.01796434260904789 
-0.1190236434340477 -0.17498907446861267 -0.03926278278231621 -0.05694105476140976 -0.026209015399217606 0.04917547479271889 -0.09728125482797623 0.11682846397161484 -0.1796593815088272 -0.041352469474077225 -0.07014153897762299 0.06957535445690155 0.05360382795333862 -0.04557172581553459 0.09971081465482712 0.06763768941164017 -0.14168602228164673 0.04086277261376381 -0.09080769866704941 0.13491791486740112 0.15034782886505127 -0.03654100000858307 0.03279416635632515 0.04564541578292847 0.10948298871517181 -0.01884729601442814 -0.12535859644412994 -0.1332610845565796 0.04677671566605568 -0.07186467200517654 -0.02046755887567997 -0.1395277976989746 0.16028423607349396 -0.11707048118114471 -0.08506529033184052 0.004734447691589594 -0.09746979922056198 -0.08526896685361862 0.11470885574817657 0.03523990139365196 -0.04302283376455307 -0.13498640060424805 -0.004841436631977558 -0.0056198774836957455 0.09857489168643951 -0.09689950942993164 -0.09570486843585968 0.07092110812664032 -0.07975655794143677 -0.08890289068222046 
0.023136448115110397 -0.11781281977891922 0.18284836411476135 0.15202176570892334 -0.02706066332757473 -0.16051669418811798 0.013029400259256363 -0.2438219040632248 -0.07807426154613495 -0.2253677099943161 0.1445617973804474 0.18881352245807648 0.12625928223133087 -0.14790078997612 0.12224818766117096 -0.09178081154823303 0.27466270327568054 -0.31380337476730347 -0.1038636565208435 0.05216691642999649 -0.3860573172569275 -0.310732364654541 -0.17073141038417816 -0.027357345446944237 0.1448042392730713 -0.03392815962433815 0.07677160948514938 -0.013192873448133469 0.024337157607078552 -0.1614711582660675 -0.003589594503864646 0.258345365524292 -0.004768410697579384 -0.001988217933103442 0.23781004548072815 -0.3385748267173767 0.07750757783651352 -0.3528268337249756 -0.00932219810783863 -0.13372835516929626 -0.4343043863773346 -0.2729683518409729 0.05535010248422623 -0.18079926073551178 0.13662418723106384 0.09004350006580353 -0.08160288631916046 0.03841570019721985 -0.20261907577514648 0.1253552883863449 
0.14388620853424072 0.17808981239795685 -0.19228595495224 -0.3165692687034607 -0.190644308924675 0.20575685799121857 0.11156632751226425 0.02676103636622429 0.05121885985136032 -0.058872807770967484 -0.008497470989823341 -0.07472693920135498 -0.05240919068455696 -0.20192965865135193 -0.08986479043960571 -0.13369017839431763 -0.07858964800834656 -0.21585772931575775 0.024723291397094727 0.10734400153160095 -0.16340544819831848 0.2940312325954437 -0.08679980039596558 0.03946178779006004 0.1679169088602066 -0.057246338576078415 -0.008081939071416855 -0.06778818368911743 0.22032809257507324 0.00228732917457819 0.02342514880001545 0.01803593337535858 0.3921408951282501 0.040557876229286194 0.19208215177059174 0.05500998720526695 0.21273329854011536 0.0935015082359314 0.49426594376564026 -0.3503366708755493 0.12511815130710602 -0.038715656846761703 0.06165292486548424 0.08002766221761703 -0.07631057500839233 -0.1096370592713356 0.18151973187923431 0.08594667911529541 -0.09313320368528366 0.1101449579000473 
-0.39858680963516235 -0.44738638401031494 0.022650837898254395 0.05649210140109062 0.12539789080619812 0.023753942921757698 -0.36529627442359924 0.14367522299289703 -0.06849385052919388 -0.1470349133014679 -0.28311070799827576 -0.25470399856567383 0.24961404502391815 0.09950312227010727 -0.0025552348233759403 0.03064882569015026 -0.18803881108760834 0.09083092957735062 0.20108675956726074 -0.33943143486976624 0.07277724891901016 -0.23953358829021454 0.14505602419376373 -0.21154698729515076 -0.588462769985199 0.18782396614551544 -0.07929849624633789 -0.07668325304985046 -0.14727137982845306 0.01997641660273075 -0.0818777084350586 -0.29868951439857483 -0.09618710726499557 0.14039558172225952 -0.17116902768611908 -0.06974249333143234 -0.2682504951953888 0.27647945284843445 -0.0400201715528965 0.05484523996710777 0.02500241994857788 -0.0948982834815979 -0.07667487114667892 0.02298598550260067 -0.1302575320005417 0.217929407954216 -0.19886821508407593 0.17152434587478638 0.1496332436800003 -0.04203769192099571 
-0.11489571630954742 -0.11978346109390259 -0.28061556816101074 0.27756014466285706 -0.018517352640628815 0.15189772844314575 0.037704356014728546 0.2176605463027954 0.8116989731788635 0.08433753997087479 -0.4843443036079407 -0.1260414868593216 -0.020724155008792877 -0.08794070035219193 0.10527266561985016 0.43792304396629333 0.05267105624079704 -0.14085432887077332 0.29864373803138733 -0.25328370928764343 -0.18556815385818481 0.11118888854980469 0.15795142948627472 -0.2698705196380615 -0.1801004558801651 0.0003936115244869143 0.011985567398369312 0.06220747157931328 -0.05452791228890419 -0.19217395782470703 0.16383065283298492 -0.15697622299194336 0.09158308804035187 0.6777456998825073 0.11519322544336319 0.11719845980405807 -0.2461499720811844 0.22938163578510284 -0.0722096785902977 0.14008423686027527 0.23236395418643951 -0.5758848786354065 -0.08167257159948349 -0.028738195076584816 -0.22750376164913177 0.02619459293782711 -0.3390362858772278 0.166417196393013 0.03124343417584896 -0.02558106742799282 
0.08563630282878876 -0.02721712552011013 -0.025246014818549156 -0.0005884181009605527 0.07691454142332077 -0.07642702013254166 -0.032707639038562775 -0.03664225712418556 0.0033158380538225174 0.08741241693496704 0.0011575694661587477 0.08050375431776047 -0.0014949258184060454 0.00955074094235897 0.04607255384325981 -0.13242948055267334 -0.009537016972899437 -0.18411728739738464 -0.028355713933706284 -0.10874772816896439 -0.09525918960571289 0.07740673422813416 -0.1654030829668045 0.015024163760244846 -0.09621813148260117 -0.06884007900953293 0.015439391136169434 0.052161652594804764 -0.0018237290205433965 0.04177742823958397 -0.019349947571754456 0.11990978568792343 0.020059287548065186 0.14149433374404907 -0.10058856755495071 -0.06355109065771103 0.04923805221915245 -0.012860573828220367 -0.17198321223258972 0.12759986519813538 0.09885688871145248 -0.06376956403255463 -0.06090307608246803 0.05044443905353546 0.08141916990280151 -0.07343731075525284 0.08671565353870392 0.0378461629152298 0.03746091574430466 -0.011310352943837643 
-0.33770719170570374 -0.39540594816207886 0.22065860033035278 0.15582609176635742 -0.038673967123031616 -0.07209385931491852 -0.4336174726486206 0.12601622939109802 -0.08254772424697876 -0.05277094617486 -0.05744222551584244 -0.15031199157238007 0.24201330542564392 0.1444019377231598 0.16132767498493195 0.0861508771777153 -0.03710213676095009 0.2236904799938202 0.10784685611724854 -0.3560343086719513 0.15336701273918152 -0.19991499185562134 0.01359441690146923 0.024796873331069946 -0.056805320084095 0.18740062415599823 0.07155073434114456 -0.17073723673820496 0.0005263525526970625 -0.08579237759113312 0.29902371764183044 0.06123023480176926 -0.005758428946137428 -0.07268988341093063 0.15998336672782898 -0.0179764274507761 -0.3478238880634308 0.22612479329109192 -0.055576223880052567 0.19267769157886505 0.04273219406604767 -0.13614289462566376 0.037107232958078384 0.2902286946773529 -0.05671954154968262 0.2364065945148468 -0.13895563781261444 0.12175637483596802 -0.03454650565981865 0.06117577478289604 
-0.5188398957252502 -0.5998446345329285 0.10011935979127884 0.1157771646976471 -0.058627963066101074 -0.0851927101612091 -0.34520223736763 0.1808127760887146 -0.21749557554721832 -0.1742146909236908 -0.04701276868581772 -0.24949124455451965 0.08454596251249313 0.1638793796300888 0.15027888119220734 -0.054282620549201965 -0.08859004080295563 0.0641159787774086 0.26916268467903137 -0.44589129090309143 0.026881353929638863 -0.19917172193527222 0.2662748396396637 -0.18890035152435303 -0.16549058258533478 0.048161137849092484 -0.04678786173462868 0.21652258932590485 -0.08837343752384186 -0.1887645572423935 0.30221760272979736 -0.12680666148662567 -0.2524931728839874 -0.09313082695007324 -0.010013905353844166 -0.06609513610601425 -0.5765110850334167 0.14384467899799347 -0.15218904614448547 0.17002366483211517 -0.08664566278457642 -0.284050852060318 0.22527137398719788 -0.0074033429846167564 -0.1507699191570282 0.27382174134254456 -0.38451632857322693 0.3067086338996887 0.06563298404216766 0.08207742869853973 
-0.14632642269134521 0.016581201925873756 -0.35472744703292847 0.09097788482904434 -0.0425998829305172 0.09331648796796799 -0.09976156055927277 0.2139621526002884 1.3026410341262817 -0.15296831727027893 -0.8834275007247925 -0.1302996426820755 -0.18964090943336487 -0.13966472446918488 0.06822001188993454 0.2778729498386383 -0.024509765207767487 -0.4084508419036865 0.42063573002815247 -0.042441390454769135 -0.05678162723779678 0.09306832402944565 -0.20243114233016968 -0.2295917123556137 -0.13774792850017548 0.001953970408067107 0.03849059343338013 -0.21362076699733734 0.14324750006198883 0.08033173531293869 0.02336239255964756 -0.2074602246284485 0.18719974160194397 0.8547608852386475 -0.006157711613923311 -0.03293127939105034 0.09107157588005066 0.43009817600250244 0.14264771342277527 -0.140214741230011 0.1644677072763443 -0.5074045062065125 0.027604639530181885 -0.07107163220643997 -0.32238295674324036 -0.19355596601963043 -0.017364203929901123 -0.16844192147254944 0.08923353254795074 -0.014522098004817963 
0.14636661112308502 0.00933217816054821 -0.2919904589653015 -0.10809256881475449 -0.030864521861076355 0.39242085814476013 0.2306709587574005 0.11168072372674942 0.6429913640022278 0.1982629895210266 -0.30067163705825806 0.12117797881364822 -0.10414668172597885 -0.05962410196661949 -0.02642904967069626 0.15077079832553864 -0.15970684587955475 -0.07577428221702576 0.09445825964212418 0.1368321031332016 0.22024253010749817 0.22876328229904175 -0.04228246212005615 -0.26723650097846985 -0.0847407653927803 0.021965015679597855 -0.0853235200047493 -0.35264500975608826 -0.1818000078201294 0.2339487224817276 -0.22317713499069214 -0.21284548938274384 0.047083333134651184 0.4515010416507721 -0.22306811809539795 0.038955457508563995 0.04263494163751602 0.41466251015663147 0.1221919059753418 0.2193942815065384 -0.06241309642791748 0.17238964140415192 0.050226740539073944 -0.05560474097728729 -0.16486041247844696 -0.0667412132024765 0.1746409684419632 -0.04676644131541252 0.26241645216941833 -0.13474367558956146 
-0.005181768909096718 0.07598584145307541 -0.018177270889282227 0.008058241568505764 -0.031027665361762047 -0.06317628175020218 -0.0448254756629467 0.16162262856960297 -0.033918894827365875 -0.08052758127450943 0.0077545554377138615 0.14094477891921997 -0.16345597803592682 -0.19691365957260132 -0.06534229964017868 -0.06398780643939972 -0.0064880577847361565 0.20740284025669098 -0.060440149158239365 -0.03563494235277176 0.0425400510430336 0.0014147203182801604 0.09443580359220505 -0.09640179574489594 -0.26687484979629517 0.0922771543264389 -0.25427502393722534 -0.04462972655892372 -0.21942362189292908 0.28506308794021606 0.10945340245962143 0.021236810833215714 -0.028001772239804268 0.004522837698459625 0.06736695766448975 0.211539164185524 -0.1897808462381363 0.09991729259490967 -0.35073378682136536 0.23986688256263733 -0.038608863949775696 -0.056018296629190445 0.23761840164661407 0.04299502447247505 -0.034411028027534485 0.14105224609375 -0.20958897471427917 0.0359814390540123 0.1290235072374344 -0.13838155567646027 
-0.12799648940563202 0.02073320373892784 0.06225823611021042 -0.060446493327617645 0.09523038566112518 -0.18814119696617126 -0.2771688997745514 0.27070367336273193 -0.013692778535187244 0.20663458108901978 -0.05119219049811363 0.06391607224941254 -0.28226909041404724 -0.025399580597877502 0.1265346258878708 -0.08162383735179901 -0.04647418111562729 0.2418084293603897 0.004384090658277273 -0.18328283727169037 0.21089135110378265 0.03076423890888691 0.32805851101875305 0.07874196767807007 -0.12364711612462997 -0.1591923087835312 -0.20207791030406952 0.05606378987431526 -0.3214660882949829 0.1582372635602951 0.07607287913560867 -0.16252411901950836 -0.05632432922720909 0.049033138900995255 -0.2936396598815918 0.15516534447669983 -0.32362228631973267 0.1331586390733719 -0.22866488993167877 0.18624600768089294 0.029070602729916573 -0.009631906636059284 0.21827909350395203 0.21108439564704895 -0.10220130532979965 0.12623044848442078 -0.11929971724748611 0.2279486209154129 0.20884832739830017 -0.22643275558948517 
-0.334804892539978 -0.07838276773691177 -0.21540850400924683 0.08012956380844116 -0.1715906262397766 0.04711654782295227 -0.23475530743598938 0.015145395882427692 1.2092097997665405 -0.16371449828147888 -0.2779861092567444 -0.04620334878563881 0.1597772240638733 0.22569680213928223 0.19949865341186523 0.20879888534545898 -0.07340805232524872 -0.9837772250175476 0.28855234384536743 -0.3124251067638397 -0.43035802245140076 -0.5269538164138794 -0.16404402256011963 -0.1361883282661438 0.06039522588253021 0.15441752970218658 0.4265107810497284 -0.3063264489173889 0.09889602661132812 0.027766237035393715 0.11312621086835861 -0.09380494058132172 0.0070936973206698895 0.70216965675354 0.04853750765323639 -0.3127690851688385 -0.21645916998386383 0.31839519739151 0.126665860414505 -0.21866948902606964 0.05587479844689369 -0.5830423831939697 -0.005386712495237589 0.0624193474650383 -0.099881112575531 -0.016336848959326744 -0.24579764902591705 0.2075376808643341 -0.33835679292678833 -0.04462862387299538 
0.15542255342006683 0.15418800711631775 -0.18342404067516327 0.06828533858060837 0.10868488997220993 0.14434579014778137 0.15933758020401 0.08985923230648041 -0.08807367086410522 0.16792871057987213 -0.08566106855869293 -0.04068511351943016 0.133419007062912 0.1694468855857849 -0.100949227809906 0.2554149329662323 -0.21394583582878113 -0.0847022533416748 0.23273465037345886 0.21471534669399261 -0.25016042590141296 -0.12809263169765472 -0.34317296743392944 -0.20548567175865173 -0.02244536019861698 -0.09506738930940628 0.28416702151298523 0.02594345435500145 -0.13091643154621124 -0.4593657851219177 -0.347094863653183 0.10456178337335587 0.05520419031381607 0.08656447380781174 -0.20979824662208557 -0.17389574646949768 0.07844555377960205 -0.18844261765480042 0.11407613754272461 -0.1854700744152069 0.012976312078535557 -0.2382439821958542 -0.4664604067802429 -0.5147370100021362 0.024699706584215164 -0.042703744024038315 0.027364052832126617 -0.39079776406288147 0.005670465528964996 -0.07127944380044937 
-0.04808088392019272 -0.4066932499408722 -0.18196533620357513 -0.16414494812488556 -0.10049373656511307 0.38056620955467224 0.19999636709690094 0.012402120977640152 1.2113975286483765 0.10779544711112976 -0.5300832390785217 0.04801288992166519 -0.09261482208967209 -0.15061189234256744 0.23369376361370087 0.16800735890865326 -0.09974091500043869 -0.48742637038230896 0.08134333789348602 -0.09154601395130157 -0.029371174052357674 -0.03641791269183159 0.16972848773002625 -0.1608634740114212 -0.3821374475955963 0.018954798579216003 0.10350163280963898 -0.7634531259536743 0.016763053834438324 0.4108433723449707 0.22125397622585297 -0.3713921308517456 0.17103473842144012 0.6672698259353638 -0.036400265991687775 0.10909642279148102 0.009632077999413013 0.7024628520011902 0.33179789781570435 -0.05808550491929054 -0.14561070501804352 0.08149649202823639 0.24121108651161194 0.36838141083717346 -0.34372034668922424 0.08869028091430664 0.0734332874417305 0.2065143883228302 0.030394772067666054 -0.11140750348567963 
0.007368325721472502 -0.2694767713546753 -0.07578527182340622 0.1545487344264984 0.043632518500089645 0.10302778333425522 -0.2688315808773041 0.185079425573349 0.12178289145231247 0.05570879578590393 -0.22062718868255615 -0.04182058200240135 0.263221800327301 0.34386488795280457 0.23656977713108063 0.26680952310562134 0.1714889258146286 -0.016913721337914467 0.22368232905864716 0.08254659175872803 -0.15065926313400269 -0.09869736433029175 -0.0706859901547432 -0.2986140251159668 -0.33579227328300476 0.34611251950263977 0.3386569619178772 -0.16988423466682434 -0.08909780532121658 -0.25874224305152893 0.23459312319755554 -0.05662686377763748 -0.09677252173423767 -0.032615214586257935 -0.12884357571601868 -0.250664621591568 -0.1375882476568222 0.09590131789445877 -0.006212104111909866 0.05006970837712288 -0.32061856985092163 -0.06744047999382019 -0.05385996401309967 -0.36256569623947144 0.0760490745306015 0.26408547163009644 -0.11196504533290863 0.14032746851444244 -0.027205873280763626 -0.017675476148724556 
-0.062201887369155884 0.04248867556452751 -0.02257978543639183 0.0035399431362748146 0.07841616868972778 -0.166359081864357 -0.1411629617214203 0.0025930781848728657 -0.002965032821521163 0.005525176413357258 0.023521753028035164 0.3101463317871094 0.023242032155394554 -0.046041980385780334 -0.0240744948387146 -0.05304533243179321 0.1710428148508072 0.06424560397863388 -0.11521194875240326 -0.03380812332034111 -0.0894700437784195 -0.05659729242324829 -0.03756314143538475 -0.2559085190296173 -0.026375945657491684 -0.09468052536249161 0.09851311147212982 0.05128369852900505 -0.14053130149841309 -0.1177598237991333 -0.04545129835605621 0.10022944957017899 -0.1663772314786911 0.10875863581895828 0.13253231346607208 0.12452343851327896 -0.24799755215644836 -0.06586508452892303 -0.2674713134765625 0.10072845965623856 -0.05162085220217705 -0.11999384313821793 0.06735629588365555 -0.21919502317905426 -0.14885865151882172 0.1730697900056839 -0.24947459995746613 0.002399965887889266 0.09746844321489334 0.018878834322094917 
0.0502890981733799 0.060000695288181305 0.13882093131542206 0.018326040357351303 0.1252610832452774 -0.04571840539574623 -0.18357610702514648 0.21742366254329681 -0.060716159641742706 -0.00954127125442028 0.06557042896747589 -0.06550411880016327 -0.026684628799557686 -0.1487756073474884 -0.1054631918668747 0.046753332018852234 -0.0467032715678215 0.30293524265289307 0.05877167358994484 -0.005639619659632444 0.2245251089334488 -0.05792679265141487 0.21449708938598633 -0.04938945174217224 -0.19093234837055206 -0.09767059236764908 -0.11246530711650848 -0.039649274200201035 -0.014710023999214172 0.16613249480724335 0.09719203412532806 -0.15779539942741394 -0.18086721003055573 0.037460241466760635 -0.15998683869838715 0.15093794465065002 -0.10693591088056564 -0.01948966085910797 -0.37254878878593445 0.16899524629116058 0.09567925333976746 0.05331970006227493 0.08603420853614807 -0.0019804134499281645 0.042820319533348083 -0.002475098008289933 -0.04481273889541626 -0.0033713143784552813 0.04710904136300087 -0.015442213974893093 

0.19051237404346466 -0.28900742530822754 0.2668401896953583 0.0015649583656340837 -0.0893663838505745 -0.3398500084877014 0.1897066980600357 0.026031984016299248 0.00152966461610049 -0.08437944948673248 -0.26260846853256226 0.022925732657313347 0.013678712770342827 0.19554513692855835 0.19294100999832153 -0.33620426058769226 0.07051574438810349 0.19302789866924286 0.25437790155410767 0.37565892934799194 0.12050580978393555 0.1435396522283554 0.20884080231189728 -0.16923007369041443 0.028981415554881096 0.23130008578300476 0.11918846517801285 -0.20133991539478302 -0.22985488176345825 0.07463090866804123 0.18593008816242218 -0.0004445569356903434 -0.0015070528024807572 -0.18994858860969543 0.2600671947002411 0.20778271555900574 -0.1699727475643158 -0.0004391834372654557 0.17362184822559357 0.1654645800590515 -0.2428150773048401 -0.20097866654396057 -0.15042555332183838 -0.23078115284442902 -0.29847007989883423 -0.258343905210495 -0.2777943015098572 0.12304777652025223 -0.09041636437177658 -0.12480313330888748 
BIAS:
0.2850736379623413 0.13843396306037903 0.291325181722641 -0.08052996546030045 0.4908097982406616 -0.23888787627220154 0.21677683293819427 0.012865168042480946 -0.7053413391113281 0.4527454674243927 0.38907966017723083 -0.12252310663461685 -0.4774782657623291 -0.12735919654369354 -0.211589977145195 -0.37022966146469116 -0.2731229066848755 0.04748034477233887 -0.23000884056091309 0.29672303795814514 0.09666125476360321 0.08877979964017868 0.0528930127620697 0.41156741976737976 -0.12811878323554993 -0.24685949087142944 0.08484476804733276 -0.05161439999938011 -0.23247648775577545 -0.06596041470766068 -0.18037304282188416 -0.1695760041475296 -0.4856756031513214 -0.5254671573638916 -0.24710114300251007 0.07507956027984619 0.11391647905111313 -0.2965989410877228 -0.3159271478652954 0.38276299834251404 -0.2947811484336853 0.6020802855491638 0.0343853123486042 -0.2092304527759552 0.19921132922172546 0.03858550637960434 0.0458696149289608 -0.17912906408309937 -0.19176679849624634 -0.25076839327812195 

-0.037447720766067505 -0.04072049260139465 -0.0775083675980568 -0.02250067889690399 -0.22351133823394775 0.11578860878944397 0.16125403344631195 -0.23515339195728302 0.11105511337518692 0.01440597977489233 0.021037332713603973 -0.0335257388651371 -0.07336357235908508 -0.11623192578554153 -0.027645280584692955 0.17783239483833313 -0.034323692321777344 0.06629087775945663 -0.20126542448997498 -0.19477033615112305 0.12073632329702377 -0.11846775561571121 0.2277214676141739 -0.07882661372423172 0.02156137488782406 -0.052399393171072006 0.049000222235918045 -0.08446752279996872 0.041820116341114044 -0.06887958198785782 0.11478232592344284 -0.06968677043914795 0.07969364523887634 -0.033667221665382385 -0.23315416276454926 -0.029877806082367897 -0.24231772124767303 -0.038687653839588165 -0.06989187002182007 0.087274469435215 -0.3679162859916687 -0.052899498492479324 0.16365237534046173 0.146695077419281 -0.21225613355636597 0.04550255462527275 -0.2722245454788208 -0.01389143243432045 -0.09884222596883774 0.06195177510380745 

0.04717143625020981 