0
6                  30                  30                  1
8.252813339233398 0.8958734273910522 0.4321559965610504 -0.13571873307228088 189.8113555908203 3.3642680644989014 
-1.3327234983444214 -1.5274773836135864 0.09107261896133423 -12.014565467834473 48.59950637817383 -0.5050534605979919 
1.0 
0.0 
WEIGHT:
-1.540738821029663 -1.1565933227539062 -1.01225745677948 -0.08142894506454468 0.7772141098976135 -0.9567156434059143 
-0.2820434272289276 -0.307946115732193 0.31866034865379333 -1.2753716707229614 -1.721380591392517 -0.005569761618971825 
1.2482320070266724 3.126741409301758 1.531597375869751 -1.7244523763656616 -0.24096253514289856 1.673266887664795 
0.6136727929115295 0.30537763237953186 0.2879222333431244 1.2399107217788696 2.0979137420654297 2.9862747192382812 
0.3481016159057617 -0.4245496392250061 -0.9254552721977234 0.8427351117134094 2.1118040084838867 0.4920502305030823 
0.6192538738250732 -1.0179293155670166 -2.4898698329925537 1.4371401071548462 0.9399280548095703 -0.38077208399772644 
-0.07876819372177124 0.5222024321556091 -0.15816117823123932 1.194385290145874 2.2254586219787598 -0.09517062455415726 
-0.3500109016895294 -1.5275405645370483 -0.21245090663433075 0.10319457203149796 1.1181871891021729 -0.35713696479797363 
1.9523236751556396 2.500460386276245 0.2945449650287628 -0.7239875197410583 0.5141787528991699 -0.28751134872436523 
1.0645723342895508 2.1360559463500977 -0.0386536531150341 -0.08800958096981049 -1.6651452779769897 0.2635227143764496 
0.8555777668952942 2.332136631011963 0.27910637855529785 0.2463681995868683 0.7048420906066895 0.5578104257583618 
0.6052713990211487 -0.6600267291069031 -1.2265279293060303 -0.483499139547348 -3.595142364501953 -0.5276888608932495 
2.6108241081237793 2.3882083892822266 -0.04938463121652603 -0.1568504273891449 -0.5534355044364929 0.9694880843162537 
-0.020624682307243347 -1.211706519126892 0.681450366973877 -0.14701083302497864 0.6867133975028992 1.7566419839859009 
-0.5095905661582947 0.5478968620300293 -0.4879383444786072 0.49804604053497314 -0.5996367335319519 -0.5124648213386536 
-0.7684019804000854 0.9892255067825317 0.10160742700099945 0.029295695945620537 0.3643069267272949 -0.3930327594280243 
-0.7209776639938354 0.3222074806690216 1.2406682968139648 0.7647017240524292 -0.7696258425712585 -1.5035247802734375 
-0.8270211219787598 -0.029884861782193184 1.9441218376159668 -0.6276481747627258 1.4477832317352295 2.780961275100708 
-0.2361159473657608 1.072377324104309 0.6628788709640503 -0.6715261340141296 -2.081716537475586 0.7366527318954468 
0.7923558950424194 -0.3107687830924988 -0.6617903113365173 0.0521770678460598 1.0937583446502686 -1.3054122924804688 
-1.4662476778030396 -2.299565076828003 -0.2402474582195282 -1.7218393087387085 0.3614293336868286 0.04344993457198143 
-1.3784592151641846 -1.4483630657196045 0.7340512871742249 -0.5930243730545044 -0.7238437533378601 0.20035091042518616 
-1.266532301902771 -0.9071972966194153 -1.9090691804885864 -1.2922807931900024 -2.463357448577881 1.9693397283554077 
-0.8794714212417603 -0.00738008925691247 -0.3650929927825928 0.7143086791038513 -0.6627744436264038 -0.6832655668258667 
0.25237467885017395 1.0608099699020386 -0.052672408521175385 -2.9058871269226074 1.614682674407959 1.6205172538757324 
-0.2779006063938141 -1.673823356628418 0.46738308668136597 -4.7279887199401855 1.375283122062683 1.449357271194458 
-0.216756671667099 2.0703775882720947 1.0195118188858032 1.9696754217147827 1.0366812944412231 0.9654992818832397 
-0.6714358329772949 0.09564182162284851 -0.5379157662391663 0.3616548776626587 -0.44958287477493286 3.0049076080322266 
-0.8074818849563599 0.5152629613876343 2.3606746196746826 -1.9311332702636719 0.4903794527053833 -0.7991527318954468 
0.43338721990585327 1.0224019289016724 0.3395741581916809 0.5739758014678955 0.8422356247901917 -1.4570189714431763 

0.13022291660308838 -0.6916681528091431 0.4504114091396332 0.4302719235420227 1.2980966567993164 0.47885632514953613 0.3912528157234192 0.3185759484767914 2.0494651794433594 0.9545636177062988 0.7630730867385864 0.6257014870643616 1.1658021211624146 1.8983064889907837 -2.6849162578582764 -0.4573690891265869 -3.0024983882904053 -0.24391724169254303 -0.36402785778045654 -0.4333093464374542 1.8770641088485718 1.290157675743103 -0.6435765624046326 -0.7770137190818787 0.304813027381897 -1.1170117855072021 -0.45869600772857666 0.14495041966438293 0.07243045419454575 -1.0800516605377197 
-0.904999852180481 0.24300076067447662 -1.4256023168563843 1.5481334924697876 -0.43387481570243835 -1.863728404045105 -0.29433584213256836 -0.47611141204833984 -2.002534866333008 0.19029578566551208 -2.4521379470825195 -0.6118789315223694 0.19041836261749268 2.3496885299682617 -1.4203418493270874 0.13973036408424377 -0.32944491505622864 0.3312418460845947 -0.609703779220581 -0.5293639898300171 -0.023039279505610466 -0.0590299516916275 -0.3172800838947296 -1.995198130607605 -2.7833917140960693 0.04614124447107315 0.642734706401825 -0.3145086169242859 0.9900767803192139 -0.45812419056892395 
0.6311860084533691 -0.42457056045532227 0.609413743019104 -0.4154042601585388 0.5101189613342285 -0.21094636619091034 -0.15152107179164886 0.5989469885826111 -0.32714828848838806 0.6374751329421997 -0.24610145390033722 0.20472823083400726 0.7125694155693054 -0.9359321594238281 -0.27808877825737 -0.1049545481801033 -3.302584648132324 -0.9827727675437927 0.5565992593765259 -1.2518775463104248 -2.117041826248169 -1.4946259260177612 1.3887035846710205 -0.8198955655097961 0.5683682560920715 -1.6771399974822998 -0.7592354416847229 1.2196013927459717 -0.94769287109375 -1.569852590560913 
0.3399089276790619 -1.7873626947402954 -0.7481953501701355 -0.4484303295612335 0.06680318713188171 0.11311671137809753 -0.1939779371023178 0.773526668548584 -0.51897132396698 -0.25396257638931274 -0.18234696984291077 -0.04212314262986183 0.23331817984580994 0.23355598747730255 -0.5659357309341431 -0.6871170401573181 -0.30812159180641174 0.7450834512710571 -0.9523054957389832 -0.12273216992616653 -0.5455110669136047 -0.17587250471115112 -1.1744011640548706 -0.4173496961593628 -0.9785370826721191 -2.031541347503662 0.037974245846271515 -0.6444265842437744 -1.6272144317626953 -1.6174064874649048 
0.8835263252258301 -0.9742070436477661 -1.6589027643203735 -0.7542001605033875 0.06671959161758423 0.5346832871437073 -0.11982711404561996 0.8351898789405823 -0.6724736094474792 -1.1726312637329102 -0.615815281867981 0.1918736845254898 -0.9984801411628723 -0.6819963455200195 0.04897160828113556 -0.05700114741921425 -0.5043033361434937 -0.5661587715148926 -2.4093775749206543 0.37057581543922424 0.4449058771133423 0.5222218036651611 -0.31190621852874756 -0.2900295555591583 0.9154495596885681 1.0983418226242065 -1.1247756481170654 -0.48848628997802734 -0.279930055141449 -0.7437677979469299 
-0.9067630171775818 1.085262656211853 0.8311372399330139 -0.6687454581260681 -0.09153636544942856 -1.1487982273101807 0.41317081451416016 -1.8299564123153687 -0.05820486322045326 0.07739346474409103 -1.027328372001648 1.6479454040527344 -0.605167031288147 -0.34418073296546936 -0.036888327449560165 -0.3730754852294922 -0.21425451338291168 -2.8345329761505127 0.8364076614379883 -0.4920428693294525 0.5700700283050537 -0.5012131333351135 2.7390408515930176 0.28276124596595764 -0.665012538433075 -0.8932586312294006 -0.45786717534065247 0.485935240983963 -1.1608365774154663 -0.55157071352005 
-0.4181520640850067 -0.43122854828834534 -0.5481263995170593 -0.33609074354171753 0.1373455673456192 0.7712123394012451 0.9909034967422485 -0.0651104524731636 0.20738334953784943 0.033797264099121094 0.4854273498058319 -0.7526854872703552 0.4494200646877289 0.04309852421283722 0.5553381443023682 0.7176588177680969 0.0976448729634285 -0.27149784564971924 -0.23352345824241638 -0.015074939467012882 -0.941614031791687 -0.7944812178611755 -1.7321711778640747 0.994335949420929 -0.528835654258728 -1.6365433931350708 0.5818590521812439 -0.5285323858261108 0.013670173473656178 1.305072546005249 
0.42666947841644287 -0.5717355608940125 -1.6600381135940552 0.037398260086774826 0.6671493649482727 0.4939827024936676 0.13685403764247894 0.799079418182373 -0.17123925685882568 -0.5093506574630737 -1.2690539360046387 0.2217290848493576 -0.7378859519958496 0.41410258412361145 -0.8133273124694824 -0.13039188086986542 -0.07524511963129044 -0.1931733936071396 -1.5799643993377686 0.3498316705226898 0.2772441506385803 0.15770861506462097 -0.12146718055009842 -0.4297674894332886 -1.5593972206115723 0.12797310948371887 -1.4288324117660522 0.40486717224121094 0.6215807795524597 0.4616588354110718 
0.49936553835868835 0.4195691645145416 -0.8093485236167908 -0.9002172350883484 -1.2891031503677368 0.9841617941856384 -0.5121621489524841 0.060377202928066254 -0.4285155236721039 -0.338535338640213 -0.4668422043323517 2.3199541568756104 -0.3046419322490692 0.12158195674419403 0.27361032366752625 -0.6939056515693665 0.269733726978302 0.6309047937393188 -0.1791856586933136 0.6373740434646606 0.5654983520507812 0.9647510647773743 1.1739271879196167 0.8864238858222961 -0.04695447161793709 0.23940721154212952 -2.3558077812194824 -0.010422471910715103 0.5575731992721558 -0.8903205990791321 
-0.711338222026825 -0.9450836777687073 -0.7437831163406372 -0.8066880702972412 -1.109442114830017 -1.068989872932434 -1.015592336654663 -0.0430629625916481 -0.014743016101419926 -1.3686652183532715 0.1576567143201828 0.041007500141859055 -1.0700418949127197 -0.1517040878534317 0.27786391973495483 -0.1768205463886261 -0.2233453094959259 -0.0690540298819542 -0.7421233057975769 0.3822436034679413 -0.641494631767273 -0.7995207905769348 0.9758755564689636 -0.4055716395378113 -0.48725470900535583 -0.024239961057901382 0.03857024386525154 1.365312933921814 -0.9777136445045471 -0.6874932050704956 
0.26214292645454407 0.2483276128768921 -1.2992311716079712 -0.7818596959114075 0.22390122711658478 -0.15829402208328247 -0.06138518825173378 0.5547842979431152 -0.9946698546409607 -1.8315235376358032 -0.9172768592834473 -1.4122188091278076 -2.081794500350952 -1.0060127973556519 0.43210354447364807 0.05754326283931732 0.5838882327079773 0.4276091158390045 -0.3354543149471283 0.6729402542114258 0.23273444175720215 0.35398104786872864 1.0309988260269165 -0.5455240607261658 -0.250576376914978 0.4854259788990021 -0.6773951649665833 1.1101889610290527 0.0384596511721611 -1.2010090351104736 
1.0880955457687378 0.5533351302146912 0.7545389533042908 -1.5868922472000122 -0.5823699831962585 -1.2969677448272705 -0.8067313432693481 0.5648096203804016 0.08280500024557114 1.2194890975952148 -0.7872216105461121 1.317955493927002 1.120589017868042 0.18970610201358795 -0.08677829802036285 0.005381362978368998 0.7589019536972046 -0.39714664220809937 1.2018688917160034 -0.4312613606452942 1.1515358686447144 0.8058201670646667 1.2274956703186035 0.3491766154766083 0.06258594989776611 0.05166380852460861 -1.3745710849761963 -0.1124667301774025 0.5049201846122742 -0.23024287819862366 
-0.3597354590892792 -1.7466442584991455 -0.7306973934173584 1.2740881443023682 0.4404936730861664 0.06904640048742294 -0.4912630319595337 -0.04816242679953575 -0.5874969959259033 0.4229874610900879 -0.502094030380249 0.39367106556892395 0.20894211530685425 4.315195083618164 -2.8374321460723877 -0.9412040710449219 -2.316899061203003 0.44358715415000916 -0.8443140983581543 -0.7464025020599365 -0.016146346926689148 0.011110085994005203 -1.4744426012039185 -2.227095127105713 -0.2803056538105011 -3.95658278465271 -1.5334001779556274 1.8278883695602417 -0.48041781783103943 -2.8984479904174805 
0.49742117524147034 -0.8099484443664551 -2.246303081512451 -0.3735903203487396 -0.32564374804496765 0.07269798219203949 -0.356584370136261 0.8269288539886475 -0.9575849175453186 -1.4219008684158325 -0.20380832254886627 0.3096734285354614 -1.4379667043685913 -0.49156907200813293 0.5868057608604431 -0.25172722339630127 -0.015166142024099827 -0.6044154763221741 -1.6929234266281128 0.6956377625465393 0.07272487878799438 0.04811057075858116 1.1225608587265015 0.2691957354545593 -0.412163108587265 0.16772444546222687 -0.33856886625289917 1.4174015522003174 -0.9834558367729187 -0.334053099155426 
-0.8625152707099915 -0.5179094672203064 -0.7235088348388672 0.5064013004302979 -0.0812482237815857 -0.25451958179473877 -0.7206085324287415 -0.12709200382232666 -1.2000476121902466 0.3940694034099579 -0.5780122876167297 -1.0258839130401611 0.010032210499048233 3.012117385864258 -0.9643328189849854 -0.09368577599525452 -0.18701516091823578 0.5471572279930115 0.3720787465572357 -1.1146963834762573 0.08903773874044418 0.24642184376716614 -1.7907484769821167 -0.9187164902687073 -2.20036244392395 -2.69775128364563 -0.4309903383255005 0.8959333896636963 1.1250039339065552 -2.4054508209228516 
-1.5692572593688965 0.707688570022583 -0.13666827976703644 0.09275303781032562 0.2380993664264679 -0.011347020044922829 -0.2270551472902298 -2.1019787788391113 -1.01442551612854 -0.28344035148620605 -1.1608188152313232 0.7997798919677734 -0.04117880016565323 0.47265926003456116 -0.8268773555755615 -1.198618769645691 -0.18062682449817657 -0.38950586318969727 0.6715255975723267 -1.7047886848449707 -0.13357941806316376 0.12922973930835724 1.248776912689209 -1.525209665298462 -1.485299825668335 -0.6776599287986755 -1.3180243968963623 0.06544770300388336 0.6749635934829712 -1.3364511728286743 
0.23073743283748627 -0.5731783509254456 0.9707891941070557 -0.7258683443069458 0.18614700436592102 -0.39444974064826965 -0.017329173162579536 0.4493694305419922 0.6234268546104431 -0.26409420371055603 0.4604012966156006 -0.29866620898246765 -0.5271530151367188 -0.8071247339248657 0.17466405034065247 0.9646857976913452 -0.09450791776180267 0.1657889485359192 -0.40213584899902344 0.504863977432251 -1.7184019088745117 -1.7093830108642578 -0.9295675158500671 -1.0759085416793823 0.5693374872207642 -0.7958275079727173 -0.0453188493847847 -0.8515799045562744 0.14515648782253265 0.6972834467887878 
0.29587435722351074 0.37109121680259705 -1.2415333986282349 0.5548667311668396 0.9370861649513245 0.5931265354156494 0.36739739775657654 -0.04679863154888153 -1.492387294769287 -0.042039815336465836 -1.9347189664840698 1.0888636112213135 -0.26211631298065186 0.13211503624916077 -0.3923250138759613 -1.046463966369629 -0.2431912124156952 0.10023491829633713 0.49341854453086853 -0.5784897804260254 0.23053672909736633 0.5652357935905457 1.3027666807174683 0.3678629994392395 -0.45061516761779785 0.5642869472503662 -1.3926857709884644 1.5309351682662964 -0.11872740089893341 -1.174834132194519 
0.12271499633789062 -0.603638231754303 -0.28636282682418823 -0.9595696926116943 0.29855403304100037 0.7783480286598206 -0.17745617032051086 0.25805941224098206 -1.6435593366622925 0.46311336755752563 -2.011381149291992 -0.867953896522522 0.6739816665649414 -0.019949520006775856 -0.11775578558444977 -0.12489386647939682 -0.19812941551208496 0.06725388765335083 0.04211503639817238 0.13838337361812592 -0.3763558864593506 -0.5222563743591309 -0.8295257091522217 -0.26581817865371704 -1.660474181175232 -0.7862831354141235 -0.6261453032493591 -1.6248139142990112 -0.3979492485523224 -1.1517707109451294 
-0.1152988150715828 -0.22140583395957947 -0.19618813693523407 0.20455726981163025 0.9612023830413818 0.5036537051200867 0.5583716630935669 0.18747073411941528 0.37822142243385315 -0.17062436044216156 -1.4376015663146973 0.22281625866889954 -0.16653849184513092 0.5664079785346985 -1.5618329048156738 -0.3149821162223816 -0.25302404165267944 0.21068121492862701 0.27295899391174316 -0.17141656577587128 0.3193715214729309 0.3143802285194397 0.3764399290084839 -0.553990364074707 0.4153482913970947 0.8837175965309143 -1.3077507019042969 -0.027675364166498184 0.4953378140926361 0.44663506746292114 
0.28161099553108215 -1.3740971088409424 -2.186114549636841 0.26396721601486206 0.9764143228530884 0.6797223687171936 0.6072302460670471 0.6318337917327881 -0.8269733190536499 -0.48071008920669556 -0.7967679500579834 -0.9062865972518921 -0.8331674933433533 0.35634690523147583 -0.7403080463409424 0.22909791767597198 -0.07833996415138245 0.5190746188163757 -1.4001094102859497 0.3483077585697174 0.3315126895904541 0.33627021312713623 -0.2513120174407959 -0.16026200354099274 -0.668500542640686 0.2633760869503021 -1.119399905204773 1.428622841835022 -0.1730714738368988 0.1663142740726471 
-0.9234871864318848 -0.6475393772125244 -0.3790789544582367 -1.4098889827728271 -0.32499009370803833 -0.9582946300506592 -2.122631549835205 -1.2665916681289673 -0.47790125012397766 0.7461847066879272 -0.573004424571991 1.1772862672805786 0.4213128685951233 0.37016740441322327 0.06698384881019592 -0.7109131217002869 -0.27906936407089233 -0.5343611836433411 0.8717613220214844 -0.969918966293335 -0.939734160900116 -0.4644877016544342 0.0023766253143548965 0.24701380729675293 -0.6754567623138428 -1.0244313478469849 -0.6567940711975098 0.6065659523010254 -1.2671833038330078 -1.64334237575531 
0.15567722916603088 0.4718305170536041 0.33302441239356995 -0.9128010272979736 0.5546950697898865 0.5918325185775757 0.8005471229553223 0.3148936331272125 0.5638776421546936 0.32347410917282104 -0.29549169540405273 1.0638219118118286 0.03142889589071274 0.12857675552368164 0.12055110931396484 0.009753095917403698 0.627160906791687 -0.8162150382995605 0.2951855957508087 0.23395690321922302 0.09028196334838867 -0.16912415623664856 -0.8666980862617493 0.6152194142341614 -0.187848299741745 -0.3668769896030426 -0.431831419467926 -2.721794605255127 0.6073619723320007 1.213848352432251 
0.27589330077171326 -1.12952721118927 0.25826898217201233 0.19880738854408264 -0.34684687852859497 0.2840125262737274 -0.8854041695594788 0.8990683555603027 -0.3299655616283417 -0.2596980333328247 -0.22925110161304474 1.4005941152572632 -0.3258279860019684 0.5395335555076599 0.269980788230896 -0.1537398397922516 -0.023080330342054367 -0.3169141411781311 -0.24104806780815125 0.30693989992141724 -1.472348928451538 -1.1572977304458618 0.9230555891990662 0.02575346827507019 -1.6039984226226807 -3.096357583999634 -0.13415181636810303 0.9295008182525635 -2.0114200115203857 -0.8991736173629761 
0.2444739043712616 -0.09493827074766159 -2.505521297454834 0.4281535744667053 0.6668195724487305 0.7900038361549377 0.2230015993118286 0.3985089063644409 -1.9853053092956543 -0.5638368725776672 -1.7001699209213257 0.14978478848934174 -0.6303848028182983 0.03765014931559563 0.021614734083414078 -0.6747239232063293 -0.1704856902360916 -0.22773128747940063 -0.24170896410942078 -0.031669117510318756 -0.012593313120305538 0.5776570439338684 0.9555609226226807 0.14474093914031982 -2.3082995414733887 -0.11285242438316345 -1.4069596529006958 1.681506633758545 -0.8602729439735413 -1.288931131362915 
0.7131288647651672 -0.3681001365184784 1.0543760061264038 -1.379578709602356 -0.6931945085525513 -0.41948336362838745 -0.6439576148986816 0.16721047461032867 0.8930706977844238 0.3121764659881592 -0.0007680473499931395 -0.25105246901512146 0.22094832360744476 -0.6277822852134705 -0.05704529955983162 0.3889090120792389 0.5956042408943176 -1.0859099626541138 0.26999568939208984 0.33269768953323364 0.08013566583395004 -0.16887684166431427 -0.6954494714736938 0.24772241711616516 -0.12880125641822815 -0.6376482844352722 -0.30053189396858215 -1.729154348373413 0.34390923380851746 0.39708206057548523 
0.3639596104621887 -0.05588749423623085 0.3808969259262085 -0.4167026877403259 0.5630926489830017 0.9104151725769043 1.179846167564392 0.5206385850906372 0.9347183704376221 0.4973439574241638 0.12657538056373596 1.1374210119247437 0.6904417872428894 -0.42861881852149963 0.2809720039367676 -0.5288471579551697 0.44604307413101196 -0.963521420955658 0.2419271022081375 0.6836082935333252 0.4567243456840515 -0.03613201156258583 -2.007786989212036 0.4356663227081299 -0.9476479887962341 0.2146628201007843 -0.3906320631504059 -2.1517388820648193 1.0279852151870728 1.5778685808181763 
0.3656299114227295 -1.0206236839294434 0.09326638281345367 -0.23235395550727844 -0.03429550677537918 0.2141825407743454 0.08239077776670456 0.5253276824951172 -0.19060051441192627 -1.3398934602737427 0.658992350101471 -0.3183172643184662 -1.5602837800979614 -0.6022863984107971 -0.09169696271419525 0.3716593384742737 -0.23301857709884644 1.2143080234527588 -1.4298330545425415 0.07666417211294174 -0.2147335708141327 0.055031515657901764 0.9353426098823547 0.03366651386022568 0.5814449787139893 0.052048441022634506 0.37807920575141907 1.1231067180633545 -1.1621559858322144 -0.4593418836593628 
0.3551676273345947 0.47934016585350037 -0.5741536021232605 -0.6562389135360718 0.4546586871147156 0.2073448896408081 0.22310678660869598 0.3788878619670868 -0.2634599506855011 -0.9688149690628052 -0.7955123782157898 0.02658974751830101 -1.2134308815002441 -0.44344910979270935 0.00040088975219987333 -0.1466490477323532 0.04324757307767868 0.11565034091472626 -0.18360088765621185 0.7715780138969421 0.1182132214307785 -0.027770673856139183 0.7747359275817871 -0.8303414583206177 0.5191540718078613 1.0251939296722412 -1.178856611251831 0.45257487893104553 0.18389537930488586 -0.2561321556568146 
0.3561035692691803 -0.8974838852882385 0.07553345710039139 -0.6363122463226318 0.027816757559776306 -0.5974856615066528 -0.4000832140445709 0.6706975698471069 0.2598738372325897 -0.5871728658676147 0.026318462565541267 0.05783938243985176 -0.8925828337669373 -0.008842376060783863 -0.13366056978702545 -0.6042894721031189 0.33922669291496277 -0.375623494386673 -1.0559215545654297 0.22096580266952515 -0.3550512194633484 -0.4135674238204956 -0.6301898956298828 0.25647634267807007 -1.1844112873077393 -1.4767550230026245 -0.668819010257721 -1.0993766784667969 -0.7343479990959167 0.017006151378154755 

1.4342538118362427 1.9563177824020386 0.9640414118766785 1.1836875677108765 1.2996960878372192 -2.2406327724456787 -0.3821437954902649 -0.5721397995948792 0.6874055862426758 1.2824445962905884 -0.9493913054466248 0.8588207960128784 2.061631917953491 0.9634681940078735 1.3378267288208008 0.6485154032707214 0.7994002103805542 -0.8946266770362854 0.9845098257064819 -0.4856228530406952 -0.8961821794509888 1.4916987419128418 -0.3513857424259186 1.1985952854156494 -0.9860455393791199 0.7104666233062744 -0.6738837957382202 1.1445766687393188 -0.4288502633571625 0.5189955830574036 
BIAS:
0.7986690998077393 -0.5240322351455688 -1.8887362480163574 0.7357221245765686 0.2204277366399765 1.0350096225738525 -0.21076075732707977 1.0172247886657715 -0.6439366936683655 -2.198336124420166 0.4020859897136688 -0.3831033408641815 -2.019934892654419 -0.47829920053482056 0.5107975006103516 -0.38218608498573303 -0.3561902642250061 0.07214854657649994 -0.7713936567306519 0.7450637817382812 -0.5902948379516602 -0.03033955581486225 0.8224915862083435 -0.0901438519358635 -0.032977394759655 0.02175953797996044 -0.261190801858902 1.3327316045761108 -1.1023786067962646 -0.9394170641899109 

-1.0809924602508545 -0.5360642075538635 0.08724503964185715 0.1309627890586853 0.5624726414680481 -0.1739121377468109 -0.08003808557987213 -0.06759077310562134 0.11325549334287643 0.3834109902381897 0.7622134685516357 -0.43301424384117126 -0.7743768692016602 0.6710447669029236 -0.6686713099479675 -0.30744603276252747 0.47786274552345276 0.27748504281044006 -0.4051733911037445 -0.2863943576812744 0.42033910751342773 0.010071332566440105 -0.44306597113609314 0.5739333629608154 0.42866450548171997 -0.42105939984321594 -0.05104030668735504 0.42336833477020264 0.4263794422149658 0.270304411649704 

-0.22726383805274963 